-68.6087 1
-68.4715 0
-68.3343 0
-68.1971 0
-68.0599 7
-67.9227 10
-67.7854 2
-67.6482 12
-67.511 4
-67.3738 0
-67.2366 2
-67.0993 0
-66.9621 0
-66.8249 3
-66.6877 0
-66.5505 8
-66.4133 10
-66.276 4
-66.1388 6
-66.0016 4
-65.8644 14
-65.7272 6
-65.59 0
-65.4527 4
-65.3155 0
-65.1783 0
-65.0411 1
-64.9039 12
-64.7666 12
-64.6294 42
-64.4922 12
-64.355 20
-64.2178 12
-64.0806 4
-63.9433 4
-63.8061 4
-63.6689 0
-63.5317 6
-63.3945 4
-63.2573 9
-63.12 15
-62.9828 8
-62.8456 28
-62.7084 16
-62.5712 32
-62.434 18
-62.2967 5
-62.1595 12
-62.0223 6
-61.8851 4
-61.7479 4
-61.6106 8
-61.4734 3
-61.3362 17
-61.199 20
-61.0618 28
-60.9246 32
-60.7873 12
-60.6501 32
-60.5129 14
-60.3757 18
-60.2385 22
-60.1013 24
-59.964 6
-59.8268 21
-59.6896 19
-59.5524 25
-59.4152 94
-59.278 52
-59.1407 120
-59.0035 64
-58.8663 68
-58.7291 42
-58.5919 34
-58.4546 33
-58.3174 40
-58.1802 28
-58.043 53
-57.9058 52
-57.7686 67
-57.6313 81
-57.4941 132
-57.3569 184
-57.2197 116
-57.0825 151
-56.9453 112
-56.808 78
-56.6708 82
-56.5336 73
-56.3964 68
-56.2592 127
-56.1219 84
-55.9847 160
-55.8475 137
-55.7103 178
-55.5731 210
-55.4359 240
-55.2986 170
-55.1614 193
-55.0242 146
-54.887 165
-54.7498 139
-54.6126 182
-54.4753 173
-54.3381 199
-54.2009 245
-54.0637 246
-53.9265 386
-53.7893 278
-53.652 292
-53.5148 264
-53.3776 310
-53.2404 206
-53.1032 286
-52.9659 219
-52.8287 261
-52.6915 210
-52.5543 377
-52.4171 292
-52.2799 479
-52.1426 470
-52.0054 520
-51.8682 390
-51.731 348
-51.5938 452
-51.4566 348
-51.3193 502
-51.1821 466
-51.0449 458
-50.9077 348
-50.7705 595
-50.6332 510
-50.496 683
-50.3588 767
-50.2216 710
-50.0844 682
-49.9472 754
-49.8099 657
-49.6727 682
-49.5355 559
-49.3983 714
-49.2611 713
-49.1239 816
-48.9866 874
-48.8494 1117
-48.7122 1017
-48.575 1120
-48.4378 921
-48.3006 1147
-48.1633 1146
-48.0261 1207
-47.8889 1132
-47.7517 1168
-47.6145 1201
-47.4772 991
-47.34 1236
-47.2028 1300
-47.0656 1375
-46.9284 1574
-46.7912 1789
-46.6539 1652
-46.5167 1588
-46.3795 1729
-46.2423 1762
-46.1051 1828
-45.9679 2094
-45.8306 1541
-45.6934 1918
-45.5562 2005
-45.419 2230
-45.2818 2400
-45.1446 2044
-45.0073 2516
-44.8701 2357
-44.7329 2486
-44.5957 2513
-44.4585 2516
-44.3212 2441
-44.184 2813
-44.0468 2475
-43.9096 2976
-43.7724 2624
-43.6352 3549
-43.4979 3188
-43.3607 3262
-43.2235 3366
-43.0863 3502
-42.9491 3295
-42.8119 3425
-42.6746 3720
-42.5374 3914
-42.4002 3747
-42.263 3699
-42.1258 4126
-41.9885 4342
-41.8513 4634
-41.7141 4841
-41.5769 4557
-41.4397 4728
-41.3025 5532
-41.1652 4753
-41.028 5312
-40.8908 5259
-40.7536 5961
-40.6164 5494
-40.4792 5566
-40.3419 5877
-40.2047 6004
-40.0675 6705
-39.9303 6631
-39.7931 6815
-39.6559 6865
-39.5186 7223
-39.3814 7451
-39.2442 7191
-39.107 7274
-38.9698 8059
-38.8325 7394
-38.6953 8719
-38.5581 8168
-38.4209 10093
-38.2837 8316
-38.1465 9448
-38.0092 9216
-37.872 9668
-37.7348 9530
-37.5976 9570
-37.4604 10608
-37.3232 11057
-37.1859 11188
-37.0487 11247
-36.9115 10763
-36.7743 12760
-36.6371 11769
-36.4998 12815
-36.3626 12727
-36.2254 12940
-36.0882 12945
-35.951 13077
-35.8138 14412
-35.6765 13306
-35.5393 14782
-35.4021 14849
-35.2649 14372
-35.1277 15741
-34.9905 15973
-34.8532 15556
-34.716 18046
-34.5788 16195
-34.4416 18749
-34.3044 17642
-34.1672 17762
-34.0299 18635
-33.8927 18948
-33.7555 19217
-33.6183 19646
-33.4811 19186
-33.3438 21158
-33.2066 21553
-33.0694 22739
-32.9322 21183
-32.795 24006
-32.6578 21868
-32.5205 24680
-32.3833 24097
-32.2461 24402
-32.1089 25386
-31.9717 23783
-31.8345 26864
-31.6972 27193
-31.56 28361
-31.4228 29281
-31.2856 27378
-31.1484 30407
-31.0112 28723
-30.8739 29402
-30.7367 30779
-30.5995 30239
-30.4623 33601
-30.3251 33174
-30.1878 32522
-30.0506 35112
-29.9134 33196
-29.7762 36294
-29.639 36950
-29.5018 36488
-29.3645 37523
-29.2273 39259
-29.0901 40013
-28.9529 39431
-28.8157 39932
-28.6785 41167
-28.5412 41168
-28.404 42982
-28.2668 41400
-28.1296 47162
-27.9924 43693
-27.8551 47614
-27.7179 47427
-27.5807 48156
-27.4435 48946
-27.3063 49211
-27.1691 51448
-27.0318 50401
-26.8946 52134
-26.7574 51243
-26.6202 52570
-26.483 55223
-26.3458 56283
-26.2085 58702
-26.0713 58561
-25.9341 58735
-25.7969 60318
-25.6597 59629
-25.5225 62183
-25.3852 60907
-25.248 63470
-25.1108 66104
-24.9736 65036
-24.8364 70446
-24.6991 63512
-24.5619 71815
-24.4247 69737
-24.2875 72170
-24.1503 75285
-24.0131 70489
-23.8758 76311
-23.7386 76155
-23.6014 72509
-23.4642 81612
-23.327 79125
-23.1898 86265
-23.0525 79228
-22.9153 85020
-22.7781 80737
-22.6409 87247
-22.5037 88869
-22.3664 86320
-22.2292 92209
-22.092 92904
-21.9548 92285
-21.8176 94321
-21.6804 90389
-21.5431 99503
-21.4059 96803
-21.2687 97972
-21.1315 100326
-20.9943 100294
-20.8571 105711
-20.7198 104850
-20.5826 106136
-20.4454 108973
-20.3082 109079
-20.171 114381
-20.0338 106998
-19.8965 111437
-19.7593 119388
-19.6221 108227
-19.4849 125053
-19.3477 113308
-19.2104 133056
-19.0732 118606
-18.936 125486
-18.7988 121347
-18.6616 131251
-18.5244 126333
-18.3871 129988
-18.2499 131284
-18.1127 137189
-17.9755 132949
-17.8383 140635
-17.7011 131676
-17.5638 149060
-17.4266 137728
-17.2894 145025
-17.1522 142329
-17.015 143024
-16.8777 150733
-16.7405 148636
-16.6033 155175
-16.4661 156412
-16.3289 155131
-16.1917 158463
-16.0544 151899
-15.9172 161070
-15.78 163620
-15.6428 159855
-15.5056 172980
-15.3684 160121
-15.2311 180544
-15.0939 165340
-14.9567 167440
-14.8195 178337
-14.6823 175543
-14.5451 178158
-14.4078 174776
-14.2706 182962
-14.1334 183350
-13.9962 184463
-13.859 194067
-13.7217 182527
-13.5845 197506
-13.4473 191648
-13.3101 188710
-13.1729 196493
-13.0357 190403
-12.8984 204915
-12.7612 200078
-12.624 203115
-12.4868 204333
-12.3496 209240
-12.2124 205769
-12.0751 206463
-11.9379 218329
-11.8007 208138
-11.6635 215860
-11.5263 216381
-11.3891 210166
-11.2518 232862
-11.1146 220361
-10.9774 228170
-10.8402 226417
-10.703 224024
-10.5657 231956
-10.4285 227798
-10.2913 233607
-10.1541 230444
-10.0169 237886
-9.87966 246406
-9.74244 224563
-9.60522 252492
-9.46801 243395
-9.33079 247664
-9.19357 248343
-9.05635 240043
-8.91914 256166
-8.78192 248903
-8.6447 260209
-8.50748 251595
-8.37027 258393
-8.23305 259471
-8.09583 248774
-7.95861 267057
-7.8214 258074
-7.68418 266143
-7.54696 272314
-7.40974 255030
-7.27253 275157
-7.13531 266851
-6.99809 257923
-6.86087 307984
-6.72366 270544
-6.58644 280710
-6.44922 270155
-6.312 279046
-6.17479 279663
-6.03757 277033
-5.90035 302534
-5.76313 266241
-5.62592 308886
-5.4887 272371
-5.35148 292310
-5.21426 296103
-5.07705 288186
-4.93983 299174
-4.80261 296726
-4.66539 285632
-4.52818 307810
-4.39096 289667
-4.25374 315198
-4.11652 285450
-3.97931 322362
-3.84209 294884
-3.70487 309945
-3.56765 306463
-3.43044 301630
-3.29322 306658
-3.156 305843
-3.01878 302469
-2.88157 334292
-2.74435 309849
-2.60713 324849
-2.46991 305107
-2.3327 315613
-2.19548 311529
-2.05826 312790
-1.92104 333817
-1.78383 310339
-1.64661 342381
-1.50939 312119
-1.37217 315874
-1.23496 325276
-1.09774 314017
-0.960522 339593
-0.823305 323239
-0.686087 327985
-0.54887 327045
-0.411652 316842
-0.274435 331720
-0.137217 315919
0 362027
0.137217 322745
0.274435 331350
0.411652 335546
0.54887 318879
0.686087 333639
0.823305 325329
0.960522 333537
1.09774 356357
1.23496 328052
1.37217 339810
1.50939 319043
1.64661 339545
1.78383 330113
1.92104 337633
2.05826 341976
2.19548 329637
2.3327 349469
2.46991 328121
2.60713 334255
2.74435 346027
2.88157 341126
3.01878 339415
3.156 337125
3.29322 332404
3.43044 336606
3.56765 324381
3.70487 346333
3.84209 321538
3.97931 375168
4.11652 325364
4.25374 333312
4.39096 341605
4.52818 321998
4.66539 340130
4.80261 335218
4.93983 327700
5.07705 355948
5.21426 337513
5.35148 337590
5.4887 315627
5.62592 342932
5.76313 324765
5.90035 334824
6.03757 341047
6.17479 316779
6.312 350452
6.44922 314389
6.58644 325136
6.72366 338658
6.86087 349752
6.99809 321293
7.13531 326533
7.27253 321013
7.40974 323364
7.54696 323046
7.68418 327105
7.8214 313404
7.95861 360005
8.09583 299368
8.23305 323991
8.37027 320737
8.50748 301073
8.6447 333045
8.78192 311277
8.91914 314250
9.05635 328585
9.19357 301027
9.33079 328796
9.46801 301233
9.60522 333258
9.74244 295331
9.87966 316592
10.0169 314960
10.1541 291860
10.2913 318367
10.4285 295088
10.5657 297044
10.703 317816
10.8402 286857
10.9774 321696
11.1146 290821
11.2518 302462
11.3891 292960
11.5263 287071
11.6635 299776
11.8007 281838
11.9379 323941
12.0751 276455
12.2124 285449
12.3496 298814
12.4868 264041
12.624 297085
12.7612 276708
12.8984 283769
13.0357 289019
13.1729 266813
13.3101 282170
13.4473 272436
13.5845 269648
13.7217 282353
13.859 278195
13.9962 271805
14.1334 265100
14.2706 272518
14.4078 258068
14.5451 257448
14.6823 276973
14.8195 243483
14.9567 280344
15.0939 249402
15.2311 259166
15.3684 249919
15.5056 248424
15.6428 247361
15.78 251662
15.9172 254932
16.0544 251037
16.1917 241009
16.3289 249621
16.4661 228296
16.6033 251371
16.7405 233558
16.8777 238255
17.015 238876
17.1522 222145
17.2894 234967
17.4266 220168
17.5638 231054
17.7011 229044
17.8383 231445
17.9755 224579
18.1127 214187
18.2499 217486
18.3871 211994
18.5244 212203
18.6616 227275
18.7988 196385
18.936 228622
19.0732 198884
19.2104 213270
19.3477 199314
19.4849 198801
19.6221 202143
19.7593 196386
19.8965 202629
20.0338 190592
20.171 192457
20.3082 199439
20.4454 184175
20.5826 196132
20.7198 183296
20.8571 185405
20.9943 189146
21.1315 169662
21.2687 187244
21.4059 169085
21.5431 183967
21.6804 171947
21.8176 177293
21.9548 172545
22.092 163934
22.2292 166923
22.3664 159608
22.5037 161533
22.6409 173441
22.7781 151791
22.9153 168792
23.0525 148728
23.1898 165837
23.327 148369
23.4642 154280
23.6014 149739
23.7386 148427
23.8758 149961
24.0131 138533
24.1503 141549
24.2875 148792
24.4247 135259
24.5619 152169
24.6991 128844
24.8364 140266
24.9736 132666
25.1108 124448
25.248 136826
25.3852 124797
25.5225 136129
25.6597 124953
25.7969 128168
25.9341 124249
26.0713 115621
26.2085 124748
26.3458 116013
26.483 118239
26.6202 121920
26.7574 106777
26.8946 118352
27.0318 105957
27.1691 112580
27.3063 116655
27.4435 102006
27.5807 110782
27.7179 103459
27.8551 102760
27.9924 101433
28.1296 104058
28.2668 103716
28.404 93824
28.5412 102806
28.6785 89559
28.8157 94698
28.9529 96967
29.0901 87349
29.2273 94323
29.3645 87057
29.5018 87396
29.639 88538
29.7762 84222
29.9134 92348
30.0506 79762
30.1878 86874
30.3251 77484
30.4623 79421
30.5995 80375
30.7367 75003
30.8739 78708
31.0112 73423
31.1484 74503
31.2856 74962
31.4228 70043
31.56 73633
31.6972 68855
31.8345 68674
31.9717 66033
32.1089 63928
32.2461 70288
32.3833 59769
32.5205 70924
32.6578 57962
32.795 62062
32.9322 61907
33.0694 56965
33.2066 59671
33.3438 56102
33.4811 56248
33.6183 54834
33.7555 52341
33.8927 55294
34.0299 52939
34.1672 54394
34.3044 50300
34.4416 49281
34.5788 47941
34.716 48624
34.8532 49092
34.9905 46303
35.1277 47219
35.2649 44518
35.4021 42185
35.5393 44850
35.6765 40646
35.8138 43528
35.951 39789
36.0882 39579
36.2254 39250
36.3626 36069
36.4998 40931
36.6371 37195
36.7743 38066
36.9115 35923
37.0487 34107
37.1859 34272
37.3232 33715
37.4604 33404
37.5976 33312
37.7348 30724
37.872 31896
38.0092 29138
38.1465 32262
38.2837 28576
38.4209 30957
38.5581 27658
38.6953 27839
38.8325 26712
38.9698 26493
39.107 25206
39.2442 26309
39.3814 25287
39.5186 26685
39.6559 23147
39.7931 23993
39.9303 22199
40.0675 22763
40.2047 23042
40.3419 20601
40.4792 22778
40.6164 19704
40.7536 21441
40.8908 20911
41.028 20478
41.1652 19801
41.3025 19194
41.4397 17734
41.5769 18399
41.7141 16713
41.8513 18502
41.9885 16720
42.1258 18672
42.263 16107
42.4002 16393
42.5374 15554
42.6746 14532
42.8119 16191
42.9491 13991
43.0863 14858
43.2235 14518
43.3607 13886
43.4979 14950
43.6352 12867
43.7724 14144
43.9096 12636
44.0468 12763
44.184 13045
44.3212 10887
44.4585 12542
44.5957 11441
44.7329 11944
44.8701 11573
45.0073 10116
45.1446 11168
45.2818 10136
45.419 10730
45.5562 9857
45.6934 8958
45.8306 9437
45.9679 9162
46.1051 10220
46.2423 8752
46.3795 8725
46.5167 8486
46.6539 7838
46.7912 8577
46.9284 7490
47.0656 7645
47.2028 7726
47.34 7040
47.4772 7319
47.6145 6305
47.7517 6512
47.8889 7436
48.0261 6045
48.1633 6376
48.3006 5597
48.4378 5613
48.575 5566
48.7122 5989
48.8494 5697
48.9866 5070
49.1239 5224
49.2611 4509
49.3983 4736
49.5355 4439
49.6727 4910
49.8099 4349
49.9472 4284
50.0844 4078
50.2216 3852
50.3588 3735
50.496 3975
50.6332 3446
50.7705 3725
50.9077 3102
51.0449 3194
51.1821 2962
51.3193 3454
51.4566 3044
51.5938 2918
51.731 2708
51.8682 2794
52.0054 2240
52.1426 2936
52.2799 2489
52.4171 2354
52.5543 2511
52.6915 2156
52.8287 2353
52.9659 1809
53.1032 2050
53.2404 1890
53.3776 2038
53.5148 1954
53.652 1732
53.7893 1368
53.9265 1630
54.0637 1768
54.2009 1533
54.3381 1459
54.4753 1551
54.6126 1264
54.7498 1529
54.887 1409
55.0242 1266
55.1614 1333
55.2986 1294
55.4359 1306
55.5731 1016
55.7103 1042
55.8475 1169
55.9847 1090
56.1219 1184
56.2592 965
56.3964 820
56.5336 929
56.6708 978
56.808 940
56.9453 810
57.0825 969
57.2197 786
57.3569 942
57.4941 708
57.6313 707
57.7686 727
57.9058 806
58.043 785
58.1802 596
58.3174 572
58.4546 747
58.5919 584
58.7291 652
58.8663 578
59.0035 526
59.1407 640
59.278 576
59.4152 614
59.5524 501
59.6896 527
59.8268 489
59.964 524
60.1013 484
60.2385 522
60.3757 392
60.5129 492
60.6501 422
60.7873 462
60.9246 382
61.0618 480
61.199 330
61.3362 395
61.4734 383
61.6106 352
61.7479 426
61.8851 394
62.0223 394
62.1595 386
62.2967 319
62.434 296
62.5712 280
62.7084 342
62.8456 368
62.9828 222
63.12 325
63.2573 217
63.3945 328
63.5317 330
63.6689 320
63.8061 200
63.9433 314
64.0806 204
64.2178 252
64.355 204
64.4922 206
64.6294 268
64.7666 244
64.9039 178
65.0411 143
65.1783 162
65.3155 188
65.4527 194
65.59 96
65.7272 140
65.8644 116
66.0016 128
66.1388 148
66.276 96
66.4133 94
66.5505 122
66.6877 102
66.8249 93
66.9621 38
67.0993 64
67.2366 96
67.3738 82
67.511 34
67.6482 28
67.7854 22
67.9227 38
68.0599 27
68.1971 4
68.3343 6
68.4715 10
68.6087 1
