-75.5689 0
-74.0575 0
-72.5461 0
-71.0347 0
-69.5233 0
-68.012 3
-66.5006 11
-64.9892 47
-63.4778 66
-61.9665 94
-60.4551 167
-58.9437 238
-57.4323 395
-55.921 609
-54.4096 925
-52.8982 1377
-51.3868 2077
-49.8754 3063
-48.3641 4454
-46.8527 6263
-45.3413 8642
-43.8299 11814
-42.3186 15651
-40.8072 20674
-39.2958 27133
-37.7844 35112
-36.2731 44932
-34.7617 56742
-33.2503 70837
-31.7389 87312
-30.2275 106743
-28.7162 128461
-27.2048 153102
-25.6934 180786
-24.182 211023
-22.6707 243635
-21.1593 279543
-19.6479 316747
-18.1365 356466
-16.6251 396362
-15.1138 435568
-13.6024 475876
-12.091 514085
-10.5796 550103
-9.06826 583389
-7.55689 614222
-6.04551 640016
-4.53413 659962
-3.02275 675154
-1.51138 684127
0 687649
1.51138 684491
3.02275 674677
4.53413 659903
6.04551 640286
7.55689 614374
9.06826 583565
10.5796 550413
12.091 513901
13.6024 475530
15.1138 435692
16.6251 395920
18.1365 355989
19.6479 317193
21.1593 279433
22.6707 243949
24.182 211578
25.6934 180891
27.2048 153106
28.7162 128257
30.2275 106308
31.7389 86872
33.2503 70750
34.7617 56785
36.2731 45079
37.7844 35504
39.2958 27389
40.8072 20788
42.3186 15648
43.8299 11607
45.3413 8471
46.8527 6080
48.3641 4360
49.8754 3061
51.3868 2126
52.8982 1502
54.4096 1028
55.921 648
57.4323 389
58.9437 214
60.4551 138
61.9665 81
63.4778 41
64.9892 26
66.5006 16
68.012 9
69.5233 4
71.0347 4
72.5461 1
74.0575 1
75.5689 1
