-50.774 0
-50.6725 0
-50.5709 0
-50.4694 4
-50.3679 2
-50.2663 0
-50.1648 0
-50.0632 2
-49.9617 0
-49.8601 0
-49.7586 0
-49.657 0
-49.5555 0
-49.4539 0
-49.3524 0
-49.2508 1
-49.1493 0
-49.0477 4
-48.9462 2
-48.8446 4
-48.7431 0
-48.6415 2
-48.54 0
-48.4384 0
-48.3369 0
-48.2353 2
-48.1338 0
-48.0322 0
-47.9307 0
-47.8292 0
-47.7276 0
-47.6261 0
-47.5245 0
-47.423 0
-47.3214 8
-47.2199 0
-47.1183 10
-47.0168 10
-46.9152 2
-46.8137 4
-46.7121 0
-46.6106 2
-46.509 0
-46.4075 0
-46.3059 0
-46.2044 0
-46.1028 0
-46.0013 2
-45.8997 0
-45.7982 0
-45.6966 0
-45.5951 2
-45.4935 0
-45.392 10
-45.2904 4
-45.1889 4
-45.0874 0
-44.9858 6
-44.8843 0
-44.7827 0
-44.6812 0
-44.5796 0
-44.4781 0
-44.3765 0
-44.275 2
-44.1734 0
-44.0719 2
-43.9703 0
-43.8688 6
-43.7672 0
-43.6657 8
-43.5641 2
-43.4626 4
-43.361 4
-43.2595 0
-43.1579 2
-43.0564 4
-42.9548 4
-42.8533 1
-42.7517 0
-42.6502 0
-42.5486 8
-42.4471 0
-42.3456 0
-42.244 0
-42.1425 8
-42.0409 0
-41.9394 26
-41.8378 16
-41.7363 8
-41.6347 28
-41.5332 10
-41.4316 4
-41.3301 10
-41.2285 4
-41.127 0
-41.0254 4
-40.9239 4
-40.8223 4
-40.7208 6
-40.6192 2
-40.5177 8
-40.4161 10
-40.3146 1
-40.213 16
-40.1115 10
-40.0099 14
-39.9084 32
-39.8069 24
-39.7053 22
-39.6038 10
-39.5022 22
-39.4007 8
-39.2991 10
-39.1976 10
-39.096 6
-38.9945 12
-38.8929 0
-38.7914 10
-38.6898 18
-38.5883 8
-38.4867 28
-38.3852 30
-38.2836 32
-38.1821 32
-38.0805 22
-37.979 20
-37.8774 49
-37.7759 8
-37.6743 30
-37.5728 6
-37.4712 18
-37.3697 10
-37.2681 6
-37.1666 18
-37.0651 20
-36.9635 22
-36.862 18
-36.7604 44
-36.6589 26
-36.5573 38
-36.4558 46
-36.3542 28
-36.2527 38
-36.1511 28
-36.0496 30
-35.948 22
-35.8465 66
-35.7449 12
-35.6434 12
-35.5418 29
-35.4403 18
-35.3387 29
-35.2372 10
-35.1356 24
-35.0341 56
-34.9325 36
-34.831 32
-34.7294 64
-34.6279 40
-34.5264 35
-34.4248 82
-34.3233 44
-34.2217 16
-34.1202 44
-34.0186 34
-33.9171 38
-33.8155 70
-33.714 28
-33.6124 58
-33.5109 34
-33.4093 15
-33.3078 62
-33.2062 68
-33.1047 87
-33.0031 80
-32.9016 62
-32.8 90
-32.6985 94
-32.5969 32
-32.4954 96
-32.3938 60
-32.2923 50
-32.1907 72
-32.0892 58
-31.9876 26
-31.8861 56
-31.7846 82
-31.683 34
-31.5815 130
-31.4799 87
-31.3784 106
-31.2768 68
-31.1753 126
-31.0737 92
-30.9722 84
-30.8706 51
-30.7691 114
-30.6675 60
-30.566 109
-30.4644 134
-30.3629 106
-30.2613 114
-30.1598 124
-30.0582 76
-29.9567 74
-29.8551 127
-29.7536 94
-29.652 142
-29.5505 138
-29.4489 98
-29.3474 116
-29.2458 126
-29.1443 174
-29.0428 153
-28.9412 152
-28.8397 124
-28.7381 212
-28.6366 118
-28.535 107
-28.4335 197
-28.3319 96
-28.2304 130
-28.1288 139
-28.0273 196
-27.9257 156
-27.8242 172
-27.7226 202
-27.6211 173
-27.5195 186
-27.418 151
-27.3164 172
-27.2149 214
-27.1133 200
-27.0118 191
-26.9102 168
-26.8087 136
-26.7071 192
-26.6056 99
-26.5041 146
-26.4025 264
-26.301 200
-26.1994 337
-26.0979 287
-25.9963 213
-25.8948 158
-25.7932 270
-25.6917 168
-25.5901 252
-25.4886 204
-25.387 248
-25.2855 206
-25.1839 234
-25.0824 241
-24.9808 263
-24.8793 306
-24.7777 230
-24.6762 160
-24.5746 341
-24.4731 485
-24.3715 284
-24.27 255
-24.1684 372
-24.0669 263
-23.9653 252
-23.8638 258
-23.7623 342
-23.6607 218
-23.5592 340
-23.4576 302
-23.3561 404
-23.2545 400
-23.153 418
-23.0514 328
-22.9499 326
-22.8483 352
-22.7468 276
-22.6452 460
-22.5437 354
-22.4421 337
-22.3406 374
-22.239 320
-22.1375 635
-22.0359 313
-21.9344 558
-21.8328 384
-21.7313 443
-21.6297 368
-21.5282 486
-21.4266 368
-21.3251 359
-21.2236 399
-21.122 503
-21.0205 442
-20.9189 652
-20.8174 542
-20.7158 288
-20.6143 640
-20.5127 331
-20.4112 556
-20.3096 521
-20.2081 589
-20.1065 451
-20.005 410
-19.9034 502
-19.8019 653
-19.7003 514
-19.5988 402
-19.4972 774
-19.3957 494
-19.2941 515
-19.1926 1113
-19.091 488
-18.9895 574
-18.8879 580
-18.7864 539
-18.6848 753
-18.5833 553
-18.4818 536
-18.3802 508
-18.2787 686
-18.1771 633
-18.0756 670
-17.974 717
-17.8725 789
-17.7709 638
-17.6694 521
-17.5678 929
-17.4663 728
-17.3647 698
-17.2632 882
-17.1616 649
-17.0601 578
-16.9585 646
-16.857 708
-16.7554 901
-16.6539 631
-16.5523 1130
-16.4508 802
-16.3492 953
-16.2477 749
-16.1461 686
-16.0446 679
-15.9431 876
-15.8415 658
-15.74 1033
-15.6384 739
-15.5369 1091
-15.4353 745
-15.3338 744
-15.2322 1398
-15.1307 842
-15.0291 872
-14.9276 942
-14.826 994
-14.7245 697
-14.6229 1282
-14.5214 888
-14.4198 820
-14.3183 806
-14.2167 1079
-14.1152 1115
-14.0136 1100
-13.9121 768
-13.8105 1562
-13.709 786
-13.6074 1193
-13.5059 1236
-13.4043 878
-13.3028 1110
-13.2013 1146
-13.0997 783
-12.9982 959
-12.8966 1203
-12.7951 1141
-12.6935 901
-12.592 1358
-12.4904 1180
-12.3889 999
-12.2873 1902
-12.1858 1001
-12.0842 1254
-11.9827 1030
-11.8811 1391
-11.7796 949
-11.678 1309
-11.5765 1008
-11.4749 1582
-11.3734 805
-11.2718 1623
-11.1703 1639
-11.0687 1058
-10.9672 1663
-10.8656 1099
-10.7641 1144
-10.6625 1358
-10.561 1518
-10.4595 1242
-10.3579 1377
-10.2564 1399
-10.1548 1395
-10.0533 1244
-9.95171 1399
-9.85016 1850
-9.74862 933
-9.64707 1844
-9.54552 1802
-9.44397 1189
-9.34242 1269
-9.24088 1654
-9.13933 1216
-9.03778 1287
-8.93623 1400
-8.83468 1836
-8.73314 1232
-8.63159 1923
-8.53004 1338
-8.42849 1591
-8.32694 1788
-8.2254 1683
-8.12385 1324
-8.0223 1610
-7.92075 2016
-7.8192 1331
-7.71765 1786
-7.61611 1608
-7.51456 1447
-7.41301 1178
-7.31146 1664
-7.20991 1881
-7.10837 1380
-7.00682 1322
-6.90527 3255
-6.80372 1297
-6.70217 1911
-6.60063 1635
-6.49908 1847
-6.39753 1351
-6.29598 1579
-6.19443 1501
-6.09289 1775
-5.99134 1756
-5.88979 1972
-5.78824 1940
-5.68669 2472
-5.58514 1504
-5.4836 1443
-5.38205 1956
-5.2805 1768
-5.17895 2056
-5.0774 1359
-4.97586 2334
-4.87431 1925
-4.77276 1600
-4.67121 1609
-4.56966 2287
-4.46812 1427
-4.36657 1668
-4.26502 2193
-4.16347 1988
-4.06192 1612
-3.96038 2745
-3.85883 1675
-3.75728 2102
-3.65573 1898
-3.55418 1897
-3.45264 1527
-3.35109 2036
-3.24954 1844
-3.14799 1646
-3.04644 1665
-2.94489 3718
-2.84335 1464
-2.7418 2138
-2.64025 2250
-2.5387 1787
-2.43715 1738
-2.33561 1844
-2.23406 2164
-2.13251 1649
-2.03096 1996
-1.92941 2274
-1.82787 2240
-1.72632 1713
-1.62477 3167
-1.52322 1820
-1.42167 2214
-1.32013 2106
-1.21858 1824
-1.11703 2247
-1.01548 2323
-0.913933 1697
-0.812385 2360
-0.710837 1966
-0.609289 2623
-0.50774 1604
-0.406192 1654
-0.304644 2350
-0.203096 2044
-0.101548 1574
0 4154
0.101548 2111
0.203096 1791
0.304644 2305
0.406192 1984
0.50774 1776
0.609289 2007
0.710837 1984
0.812385 1922
0.913933 1985
1.01548 1883
1.11703 3760
1.21858 1890
1.32013 2579
1.42167 2026
1.52322 1936
1.62477 2104
1.72632 2386
1.82787 1682
1.92941 2338
2.03096 2384
2.13251 2250
2.23406 1849
2.33561 2942
2.43715 2089
2.5387 1685
2.64025 2132
2.7418 2681
2.84335 1925
2.94489 2909
3.04644 2199
3.14799 2021
3.24954 2146
3.35109 2315
3.45264 2067
3.55418 1805
3.65573 2315
3.75728 2508
3.85883 1403
3.96038 4235
4.06192 1798
4.16347 2104
4.26502 2090
4.36657 2175
4.46812 1837
4.56966 1783
4.67121 2397
4.77276 1932
4.87431 1849
4.97586 2513
5.0774 2688
5.17895 2023
5.2805 2775
5.38205 2291
5.4836 1613
5.58514 1923
5.68669 2926
5.78824 1817
5.88979 2105
5.99134 1906
6.09289 2682
6.19443 1482
6.29598 2772
6.39753 1696
6.49908 1914
6.60063 1919
6.70217 2910
6.80372 1327
6.90527 3610
7.00682 1946
7.10837 1792
7.20991 2050
7.31146 2258
7.41301 1930
7.51456 1463
7.61611 1966
7.71765 2287
7.8192 1525
7.92075 1986
8.0223 4238
8.12385 1432
8.2254 2053
8.32694 2149
8.42849 1744
8.53004 1388
8.63159 2457
8.73314 1736
8.83468 2410
8.93623 1681
9.03778 2393
9.13933 2025
9.24088 2369
9.34242 1869
9.44397 1714
9.54552 1569
9.64707 3204
9.74862 1405
9.85016 1811
9.95171 2081
10.0533 2136
10.1548 1510
10.2564 1960
10.3579 2009
10.4595 1317
10.561 1985
10.6625 1960
10.7641 2312
10.8656 1604
10.9672 3103
11.0687 1610
11.1703 1916
11.2718 1770
11.3734 1537
11.4749 1570
11.5765 1848
11.678 1729
11.7796 1735
11.8811 1931
11.9827 3107
12.0842 1241
12.1858 1565
12.2873 2556
12.3889 1636
12.4904 1350
12.592 2044
12.6935 1659
12.7951 1702
12.8966 1667
12.9982 1925
13.0997 1728
13.2013 1536
13.3028 1991
13.4043 1667
13.5059 1523
13.6074 2418
13.709 1176
13.8105 2252
13.9121 1486
14.0136 1649
14.1152 1645
14.2167 1381
14.3183 1640
14.4198 1214
14.5214 1289
14.6229 2362
14.7245 1431
14.826 1348
14.9276 2852
15.0291 1500
15.1307 1206
15.2322 1561
15.3338 1346
15.4353 1304
15.5369 1403
15.6384 1450
15.74 1800
15.8415 1395
15.9431 1442
16.0446 2044
16.1461 1107
16.2477 1564
16.3492 1749
16.4508 1101
16.5523 2100
16.6539 1106
16.7554 1391
16.857 1305
16.9585 1494
17.0601 1115
17.1616 1062
17.2632 1629
17.3647 1485
17.4663 1000
17.5678 1584
17.6694 1775
17.7709 761
17.8725 1749
17.974 1331
18.0756 1088
18.1771 1085
18.2787 1267
18.3802 1073
18.4818 1090
18.5833 1346
18.6848 1500
18.7864 952
18.8879 1875
18.9895 927
19.091 1019
19.1926 1552
19.2941 1071
19.3957 821
19.4972 1130
19.5988 1147
19.7003 1111
19.8019 821
19.9034 1385
20.005 1106
20.1065 895
20.2081 1305
20.3096 1191
20.4112 926
20.5127 902
20.6143 1266
20.7158 818
20.8174 1026
20.9189 969
21.0205 995
21.122 699
21.2236 1183
21.3251 711
21.4266 794
21.5282 1040
21.6297 1227
21.7313 590
21.8328 1393
21.9344 962
22.0359 731
22.1375 886
22.239 797
22.3406 690
22.4421 626
22.5437 878
22.6452 1180
22.7468 557
22.8483 794
22.9499 1114
23.0514 638
23.153 784
23.2545 1038
23.3561 817
23.4576 582
23.5592 945
23.6607 615
23.7623 752
23.8638 588
23.9653 782
24.0669 633
24.1684 588
24.27 929
24.3715 595
24.4731 840
24.5746 1231
24.6762 343
24.7777 781
24.8793 704
24.9808 546
25.0824 406
25.1839 613
25.2855 684
25.387 546
25.4886 732
25.5901 697
25.6917 579
25.7932 535
25.8948 764
25.9963 817
26.0979 490
26.1994 889
26.301 342
26.4025 594
26.5041 438
26.6056 563
26.7071 543
26.8087 469
26.9102 656
27.0118 610
27.1133 318
27.2149 1041
27.3164 509
27.418 396
27.5195 624
27.6211 410
27.7226 457
27.8242 470
27.9257 472
28.0273 424
28.1288 466
28.2304 456
28.3319 459
28.4335 549
28.535 674
28.6366 360
28.7381 518
28.8397 320
28.9412 650
29.0428 336
29.1443 397
29.2458 439
29.3474 333
29.4489 306
29.5505 568
29.652 378
29.7536 405
29.8551 604
29.9567 506
30.0582 252
30.1598 478
30.2613 376
30.3629 282
30.4644 339
30.566 303
30.6675 417
30.7691 238
30.8706 322
30.9722 306
31.0737 308
31.1753 416
31.2768 476
31.3784 250
31.4799 462
31.5815 249
31.683 226
31.7846 276
31.8861 198
31.9876 216
32.0892 239
32.1907 368
32.2923 329
32.3938 220
32.4954 325
32.5969 372
32.6985 146
32.8 280
32.9016 317
33.0031 148
33.1047 247
33.2062 206
33.3078 166
33.4093 208
33.5109 228
33.6124 242
33.714 100
33.8155 350
33.9171 266
34.0186 134
34.1202 333
34.2217 152
34.3233 122
34.4248 160
34.5264 117
34.6279 122
34.7294 200
34.831 136
34.9325 164
35.0341 175
35.1356 192
35.2372 180
35.3387 147
35.4403 74
35.5418 196
35.6434 109
35.7449 110
35.8465 196
35.948 114
36.0496 114
36.1511 163
36.2527 42
36.3542 78
36.4558 139
36.5573 153
36.6589 110
36.7604 130
36.862 144
36.9635 85
37.0651 104
37.1666 94
37.2681 108
37.3697 78
37.4712 60
37.5728 96
37.6743 68
37.7759 86
37.8774 99
37.979 82
38.0805 98
38.1821 72
38.2836 118
38.3852 62
38.4867 116
38.5883 93
38.6898 72
38.7914 46
38.8929 51
38.9945 60
39.096 58
39.1976 124
39.2991 54
39.4007 86
39.5022 121
39.6038 48
39.7053 48
39.8069 78
39.9084 70
40.0099 29
40.1115 44
40.213 58
40.3146 26
40.4161 84
40.5177 56
40.6192 33
40.7208 80
40.8223 48
40.9239 88
41.0254 35
41.127 86
41.2285 46
41.3301 44
41.4316 23
41.5332 34
41.6347 68
41.7363 22
41.8378 80
41.9394 54
42.0409 20
42.1425 88
42.244 54
42.3456 12
42.4471 64
42.5486 40
42.6502 32
42.7517 52
42.8533 28
42.9548 38
43.0564 36
43.1579 26
43.2595 36
43.361 47
43.4626 72
43.5641 31
43.6657 46
43.7672 16
43.8688 88
43.9703 6
44.0719 40
44.1734 38
44.275 24
44.3765 42
44.4781 24
44.5796 38
44.6812 40
44.7827 42
44.8843 54
44.9858 12
45.0874 36
45.1889 52
45.2904 30
45.392 30
45.4935 22
45.5951 44
45.6966 18
45.7982 26
45.8997 19
46.0013 42
46.1028 52
46.2044 28
46.3059 34
46.4075 42
46.509 32
46.6106 20
46.7121 28
46.8137 24
46.9152 10
47.0168 30
47.1183 36
47.2199 24
47.3214 32
47.423 20
47.5245 22
47.6261 8
47.7276 24
47.8292 34
47.9307 24
48.0322 8
48.1338 16
48.2353 17
48.3369 1
48.4384 8
48.54 28
48.6415 12
48.7431 30
48.8446 8
48.9462 10
49.0477 26
49.1493 10
49.2508 9
49.3524 16
49.4539 0
49.5555 4
49.657 10
49.7586 14
49.8601 12
49.9617 12
50.0632 2
50.1648 0
50.2663 2
50.3679 2
50.4694 9
50.5709 0
50.6725 0
50.774 1
