-32.6319
-31.5022
-31.3967
-31.2056
-30.9667
-29.8118
-29.7289
-29.7206
-29.6426
-29.5068
-29.4107
-29.2145
-29.2009
-28.9208
-27.5651
-27.5182
-27.4952
-27.3981
-26
-25.9217
-25.8373
-25.8295
-25.7599
-24.7305
-24.5709
-24.5024
-24.4993
-24.4367
-24.4337
-24.3847
-24.3522
-24.3413
-24.2772
-24.2518
-24.2315
-24.1805
-24.1713
-24.1443
-24.0936
-24.0634
-24.0307
-23.9763
-23.937
-23.5323
-23.5097
-23.3059
-23.2402
-23.1558
-23.1048
-23.0187
-22.9332
-22.899
-22.7998
-22.7371
-22.6678
-22.6174
-22.4807
-22.4345
-22.3775
-22.3424
-22.3382
-22.3011
-22.2445
-22.2194
-22.2072
-22.1147
-22.1069
-22.0639
-22.0528
-21.9725
-21.9091
-21.8301
-21.7829
-21.7127
-21.6841
-21.6354
-21.6128
-21.5906
-21.3769
-21.2995
-21.2834
-21.1928
-21.1658
-21.0769
-21.0483
-21.0053
-20.9719
-20.8737
-20.8563
-20.8428
-20.8254
-20.8148
-20.7848
-20.7078
-20.6987
-20.6804
-20.6627
-20.6541
-20.6202
-20.6092
-20.5765
-20.5586
-20.5302
-20.4902
-20.4411
-20.4175
-20.411
-20.4097
-20.3932
-20.3671
-20.3445
-20.3227
-20.3047
-20.2124
-20.1862
-20.0707
-20.0522
-20.0161
-19.9955
-19.841
-19.6601
-19.6299
-19.6125
-19.5361
-19.5171
-19.501
-19.4715
-19.4147
-19.3586
-19.3242
-19.2914
-19.2502
-19.2208
-19.2084
-19.1709
-19.1289
-19.1197
-19.1056
-19.0176
-19.0126
-18.985
-18.9596
-18.9496
-18.9365
-18.9237
-18.8699
-18.8605
-18.8464
-18.8361
-18.81
-18.7952
-18.7773
-18.7697
-18.7463
-18.7317
-18.7195
-18.6869
-18.64
-18.6143
-18.6046
-18.5927
-18.5451
-18.4789
-18.4239
-18.415
-18.3593
-18.3182
-18.2609
-18.239
-18.1661
-18.1411
-18.109
-18.015
-17.9948
-17.9261
-17.8828
-17.8542
-17.7977
-17.7909
-17.7736
-17.7698
-17.7209
-17.6826
-17.6802
-17.6272
-17.625
-17.5649
-17.5234
-17.4459
-17.4206
-17.3911
-17.3771
-17.3689
-17.3368
-17.2965
-17.2594
-17.2189
-17.206
-17.1914
-17.1789
-17.1587
-17.1476
-17.1377
-17.1297
-17.1013
-17.1003
-17.063
-17.0421
-17.0122
-16.9126
-16.907
-16.8916
-16.8463
-16.8385
-16.8092
-16.7777
-16.7275
-16.7141
-16.707
-16.6817
-16.6714
-16.6601
-16.6523
-16.6391
-16.6278
-16.604
-16.5857
-16.5722
-16.5632
-16.5573
-16.5214
-16.4903
-16.4464
-16.4158
-16.3962
-16.3832
-16.3751
-16.3591
-16.3507
-16.3366
-16.3042
-16.289
-16.2656
-16.2354
-16.2271
-16.1957
-16.1779
-16.155
-16.1417
-16.1223
-16.0942
-16.075
-16.0414
-15.9917
-15.975
-15.8873
-15.8722
-15.8573
-15.8503
-15.8302
-15.7862
-15.7625
-15.7494
-15.7082
-15.6949
-15.6658
-15.633
-15.6142
-15.5847
-15.5707
-15.5537
-15.5465
-15.5299
-15.514
-15.5057
-15.4944
-15.4872
-15.4679
-15.4532
-15.4318
-15.4232
-15.4209
-15.4157
-15.3944
-15.3857
-15.3616
-15.3574
-15.3189
-15.3174
-15.3097
-15.2683
-15.2549
-15.2527
-15.2295
-15.2233
-15.2052
-15.175
-15.1703
-15.1649
-15.1545
-15.1441
-15.1183
-15.1165
-15.1126
-15.0886
-15.0749
-15.0616
-15.0608
-15.0451
-15.032
-15.0133
-14.9985
-14.9963
-14.9843
-14.9759
-14.958
-14.9488
-14.9182
-14.9081
-14.9015
-14.8776
-14.8612
-14.8555
-14.8414
-14.8337
-14.8129
-14.7896
-14.7808
-14.771
-14.7438
-14.7415
-14.7265
-14.7063
-14.6897
-14.6712
-14.6579
-14.6446
-14.6406
-14.6228
-14.6153
-14.5943
-14.5793
-14.576
-14.5385
-14.5098
-14.4789
-14.4712
-14.4436
-14.4382
-14.3965
-14.3933
-14.3564
-14.3359
-14.3213
-14.2959
-14.293
-14.2705
-14.2531
-14.2418
-14.2305
-14.2113
-14.1864
-14.1692
-14.1565
-14.1249
-14.1032
-14.0622
-14.0142
-14.0066
-13.9892
-13.9753
-13.9484
-13.9314
-13.9174
-13.9005
-13.8892
-13.8815
-13.8644
-13.8594
-13.8468
-13.8447
-13.8167
-13.7794
-13.7738
-13.7627
-13.7591
-13.7515
-13.7366
-13.7316
-13.7228
-13.7113
-13.707
-13.6946
-13.6882
-13.6792
-13.67
-13.6656
-13.6548
-13.6439
-13.6356
-13.6093
-13.6045
-13.5866
-13.5839
-13.5778
-13.5617
-13.5526
-13.5494
-13.5465
-13.5117
-13.5093
-13.5016
-13.4804
-13.4643
-13.4571
-13.4544
-13.426
-13.4197
-13.4015
-13.3944
-13.3653
-13.3488
-13.3419
-13.3266
-13.3239
-13.3189
-13.3067
-13.2715
-13.2498
-13.2299
-13.2259
-13.2042
-13.2001
-13.1906
-13.1801
-13.1637
-13.1471
-13.14
-13.1173
-13.0948
-13.0867
-13.06
-13.054
-13.0467
-13.0376
-13.0322
-13.0177
-13.0127
-13.0024
-13.0009
-12.9893
-12.949
-12.941
-12.9272
-12.9213
-12.9146
-12.8834
-12.871
-12.8629
-12.8542
-12.8212
-12.8165
-12.7991
-12.7913
-12.789
-12.7608
-12.7463
-12.7344
-12.722
-12.7104
-12.6994
-12.6813
-12.6776
-12.6421
-12.6357
-12.6342
-12.6258
-12.6065
-12.6048
-12.5943
-12.5844
-12.5761
-12.5657
-12.5567
-12.5417
-12.5295
-12.5203
-12.5061
-12.4923
-12.4808
-12.4771
-12.4603
-12.4509
-12.4426
-12.4286
-12.4105
-12.4079
-12.4029
-12.3968
-12.3939
-12.3799
-12.3769
-12.3668
-12.3507
-12.3328
-12.329
-12.3204
-12.3065
-12.2808
-12.2782
-12.2703
-12.26
-12.2482
-12.2306
-12.2129
-12.2093
-12.2001
-12.1881
-12.1786
-12.1717
-12.1629
-12.1498
-12.1427
-12.1272
-12.123
-12.1165
-12.1007
-12.0947
-12.0919
-12.0707
-12.0606
-12.051
-12.0426
-12.0408
-12.0355
-12.0259
-12.019
-12.0157
-11.9863
-11.984
-11.9728
-11.9597
-11.9463
-11.9398
-11.9366
-11.9216
-11.9132
-11.9029
-11.895
-11.8842
-11.8688
-11.851
-11.8374
-11.8331
-11.8298
-11.8124
-11.8031
-11.7937
-11.7739
-11.7625
-11.7559
-11.7418
-11.7374
-11.7141
-11.7065
-11.6815
-11.6771
-11.6576
-11.6297
-11.6097
-11.5875
-11.5773
-11.5511
-11.5417
-11.5309
-11.5108
-11.4995
-11.487
-11.4805
-11.4651
-11.4636
-11.4481
-11.4366
-11.4293
-11.412
-11.4099
-11.3872
-11.3768
-11.359
-11.3436
-11.3147
-11.3089
-11.2989
-11.2926
-11.2824
-11.2726
-11.2689
-11.2488
-11.2449
-11.2311
-11.2242
-11.2192
-11.2063
-11.2002
-11.1907
-11.1797
-11.1764
-11.1708
-11.1627
-11.1596
-11.1553
-11.1456
-11.1365
-11.1201
-11.1078
-11.0924
-11.0841
-11.0806
-11.0658
-11.0595
-11.0495
-11.0464
-11.0453
-11.0396
-11.0266
-11.0141
-11.0014
-10.9969
-10.9873
-10.9849
-10.9715
-10.9637
-10.9576
-10.9533
-10.9469
-10.9346
-10.9301
-10.9253
-10.9169
-10.9033
-10.8964
-10.8936
-10.8847
-10.8719
-10.8633
-10.8582
-10.8435
-10.832
-10.8271
-10.8085
-10.805
-10.7938
-10.7919
-10.7742
-10.749
-10.7457
-10.7281
-10.7218
-10.7117
-10.7048
-10.7035
-10.6929
-10.68
-10.6763
-10.6712
-10.6592
-10.6348
-10.6292
-10.6199
-10.6082
-10.5989
-10.5882
-10.5806
-10.5782
-10.5592
-10.5539
-10.5532
-10.5378
-10.5312
-10.5066
-10.5022
-10.4992
-10.4844
-10.4779
-10.451
-10.4319
-10.4269
-10.4224
-10.401
-10.389
-10.3818
-10.3704
-10.3619
-10.3505
-10.3464
-10.3322
-10.3185
-10.3171
-10.3117
-10.3059
-10.2902
-10.2865
-10.2734
-10.2658
-10.2608
-10.2592
-10.2406
-10.2343
-10.2283
-10.222
-10.2116
-10.1964
-10.195
-10.1832
-10.181
-10.1625
-10.1533
-10.1439
-10.1363
-10.1253
-10.1193
-10.1118
-10.0922
-10.0889
-10.0834
-10.0638
-10.051
-10.0397
-10.0285
-10.0266
-10.0199
-10.0068
-9.99721
-9.98658
-9.96422
-9.95769
-9.95306
-9.92765
-9.90864
-9.90185
-9.88238
-9.87988
-9.87672
-9.85923
-9.84609
-9.84321
-9.83118
-9.82615
-9.81042
-9.80568
-9.80349
-9.8018
-9.7874
-9.77461
-9.77099
-9.76395
-9.75885
-9.75353
-9.73545
-9.72908
-9.72012
-9.71389
-9.70159
-9.69856
-9.69794
-9.68217
-9.67094
-9.66414
-9.66083
-9.6541
-9.64747
-9.64605
-9.64001
-9.63275
-9.62685
-9.62598
-9.61738
-9.61085
-9.59458
-9.58618
-9.57436
-9.56048
-9.55695
-9.55388
-9.54337
-9.53872
-9.52707
-9.51619
-9.49566
-9.49464
-9.48581
-9.48244
-9.46851
-9.45667
-9.44239
-9.42909
-9.4178
-9.4092
-9.39946
-9.3832
-9.37469
-9.36233
-9.35522
-9.34109
-9.33502
-9.33038
-9.32326
-9.31793
-9.3048
-9.30008
-9.28884
-9.27845
-9.274
-9.26236
-9.25579
-9.23479
-9.22672
-9.21701
-9.21271
-9.20141
-9.19755
-9.1959
-9.19321
-9.18153
-9.17399
-9.1682
-9.16118
-9.15094
-9.14365
-9.14006
-9.13274
-9.1255
-9.11649
-9.09852
-9.0697
-9.06139
-9.05075
-9.04228
-9.03958
-9.02486
-9.01565
-9.00425
-8.99408
-8.98916
-8.97836
-8.96884
-8.95942
-8.95528
-8.94744
-8.94049
-8.9327
-8.90254
-8.88768
-8.88086
-8.87629
-8.8745
-8.85329
-8.84922
-8.84001
-8.80259
-8.79259
-8.77951
-8.7701
-8.76404
-8.75301
-8.74065
-8.73501
-8.72411
-8.71229
-8.70661
-8.68457
-8.67585
-8.66316
-8.65687
-8.64582
-8.63966
-8.63406
-8.62389
-8.61689
-8.60497
-8.59807
-8.58458
-8.57879
-8.57181
-8.56578
-8.55917
-8.5443
-8.53907
-8.52973
-8.51857
-8.51016
-8.506
-8.50019
-8.48974
-8.48442
-8.47694
-8.47207
-8.44847
-8.44745
-8.43414
-8.42748
-8.42494
-8.41969
-8.41042
-8.40293
-8.40042
-8.39833
-8.38679
-8.38028
-8.36221
-8.35411
-8.34917
-8.34625
-8.34416
-8.33979
-8.32724
-8.32071
-8.32005
-8.3147
-8.31257
-8.29792
-8.29199
-8.2856
-8.27809
-8.26922
-8.26284
-8.24999
-8.23667
-8.22945
-8.22605
-8.21975
-8.21148
-8.19978
-8.19528
-8.18047
-8.17105
-8.16565
-8.15333
-8.1461
-8.13888
-8.12842
-8.12714
-8.1141
-8.11157
-8.10619
-8.1003
-8.0941
-8.07744
-8.07229
-8.06437
-8.05863
-8.05171
-8.04826
-8.04144
-8.03235
-8.02911
-8.02807
-8.01684
-8.00571
-7.99967
-7.98538
-7.983
-7.97084
-7.96433
-7.95109
-7.94807
-7.94132
-7.93533
-7.93351
-7.91577
-7.90946
-7.90393
-7.8996
-7.88694
-7.87849
-7.86778
-7.85729
-7.85458
-7.8517
-7.84638
-7.83661
-7.83052
-7.82738
-7.81828
-7.81194
-7.79397
-7.78255
-7.7663
-7.76567
-7.75965
-7.7452
-7.73523
-7.72398
-7.72049
-7.70681
-7.70012
-7.69477
-7.69313
-7.68822
-7.68381
-7.67063
-7.66381
-7.65763
-7.65169
-7.64296
-7.64189
-7.62686
-7.62106
-7.60912
-7.60711
-7.60482
-7.60219
-7.59205
-7.58485
-7.57818
-7.5732
-7.56695
-7.56132
-7.5494
-7.54568
-7.53532
-7.53017
-7.52668
-7.51848
-7.51196
-7.50989
-7.49538
-7.48395
-7.47959
-7.46331
-7.45003
-7.4418
-7.43567
-7.42771
-7.42515
-7.41746
-7.40133
-7.3975
-7.384
-7.37279
-7.3643
-7.36096
-7.35891
-7.34413
-7.34252
-7.33804
-7.32932
-7.31504
-7.31155
-7.30633
-7.288
-7.28414
-7.27113
-7.26518
-7.26155
-7.25735
-7.23805
-7.23353
-7.23173
-7.22267
-7.21302
-7.20821
-7.20185
-7.19449
-7.18251
-7.17776
-7.16925
-7.16485
-7.1542
-7.14802
-7.14326
-7.13639
-7.12383
-7.11849
-7.10936
-7.104
-7.09636
-7.09086
-7.08215
-7.07558
-7.07011
-7.06517
-7.06104
-7.05341
-7.04542
-7.03753
-7.02668
-7.02171
-7.01655
-7.01284
-7.00878
-7.00617
-6.99836
-6.99414
-6.99097
-6.98421
-6.97977
-6.96952
-6.96215
-6.94943
-6.94615
-6.94245
-6.94006
-6.93532
-6.92947
-6.92471
-6.92297
-6.92025
-6.91427
-6.91286
-6.90619
-6.8988
-6.89445
-6.8924
-6.88706
-6.88112
-6.87306
-6.8693
-6.86001
-6.8557
-6.85055
-6.84682
-6.83712
-6.83016
-6.82663
-6.81778
-6.81127
-6.80692
-6.79883
-6.79554
-6.78865
-6.78578
-6.77715
-6.77189
-6.76637
-6.75988
-6.75836
-6.75181
-6.73986
-6.7364
-6.73437
-6.72934
-6.71946
-6.71542
-6.71296
-6.7023
-6.69937
-6.69099
-6.68493
-6.67665
-6.67224
-6.66579
-6.6554
-6.65075
-6.64321
-6.64166
-6.63373
-6.62617
-6.6225
-6.61166
-6.60612
-6.60401
-6.59055
-6.58298
-6.58121
-6.57208
-6.56284
-6.5575
-6.54984
-6.543
-6.53971
-6.53087
-6.52404
-6.51792
-6.50747
-6.49725
-6.49585
-6.48673
-6.48211
-6.47521
-6.4647
-6.4589
-6.45093
-6.44732
-6.44103
-6.42757
-6.42206
-6.41851
-6.40286
-6.39862
-6.39379
-6.38351
-6.37943
-6.3744
-6.35775
-6.35289
-6.35114
-6.34168
-6.33803
-6.32519
-6.3049
-6.30328
-6.2964
-6.29241
-6.28962
-6.27026
-6.264
-6.26159
-6.25141
-6.24742
-6.23669
-6.22981
-6.22637
-6.21353
-6.20761
-6.19303
-6.1871
-6.181
-6.1618
-6.1587
-6.1515
-6.1446
-6.1271
-6.12032
-6.11167
-6.10897
-6.08994
-6.08435
-6.08396
-6.0653
-6.05679
-6.04401
-6.04242
-6.03368
-6.01904
-6.01805
-6.01604
-6.00504
-6.00199
-5.98002
-5.97653
-5.97484
-5.9674
-5.95521
-5.94531
-5.94137
-5.9355
-5.92487
-5.91949
-5.9104
-5.90927
-5.9011
-5.89137
-5.88665
-5.88308
-5.86978
-5.86282
-5.85557
-5.85317
-5.84384
-5.83664
-5.83551
-5.82805
-5.82199
-5.81985
-5.81477
-5.80085
-5.79691
-5.79116
-5.78613
-5.77422
-5.76829
-5.75784
-5.75533
-5.74554
-5.74009
-5.73091
-5.72512
-5.72251
-5.71268
-5.70532
-5.69843
-5.6918
-5.6853
-5.68123
-5.6776
-5.67376
-5.6656
-5.6617
-5.65447
-5.64235
-5.63904
-5.63525
-5.62496
-5.62088
-5.61467
-5.60565
-5.60176
-5.59708
-5.59258
-5.58427
-5.57232
-5.56624
-5.55821
-5.5457
-5.54163
-5.53397
-5.52999
-5.52451
-5.52094
-5.51094
-5.50919
-5.50466
-5.49694
-5.48976
-5.48531
-5.47962
-5.47349
-5.4676
-5.46295
-5.45628
-5.45072
-5.45045
-5.44395
-5.44234
-5.42876
-5.42559
-5.41857
-5.40514
-5.39984
-5.39622
-5.38489
-5.3791
-5.37302
-5.36611
-5.36304
-5.34854
-5.34699
-5.34235
-5.3354
-5.33363
-5.32746
-5.3227
-5.31728
-5.30885
-5.30625
-5.30299
-5.29225
-5.28791
-5.27826
-5.27073
-5.26978
-5.26317
-5.25461
-5.25177
-5.2469
-5.24529
-5.24014
-5.23403
-5.22701
-5.21332
-5.20986
-5.20359
-5.19848
-5.19354
-5.18409
-5.17499
-5.16908
-5.16448
-5.15742
-5.15731
-5.1509
-5.14693
-5.12905
-5.12482
-5.1214
-5.11533
-5.10954
-5.10017
-5.09437
-5.0815
-5.08121
-5.07799
-5.0627
-5.05838
-5.04453
-5.04092
-5.03628
-5.02358
-5.01935
-5.0013
-4.99797
-4.99593
-4.99185
-4.97596
-4.96782
-4.94867
-4.93222
-4.92364
-4.91483
-4.90851
-4.90306
-4.89771
-4.88228
-4.87325
-4.86829
-4.86179
-4.85189
-4.84264
-4.83599
-4.83239
-4.82234
-4.80962
-4.8022
-4.79106
-4.78867
-4.77892
-4.77024
-4.76256
-4.75906
-4.75181
-4.74279
-4.73644
-4.7337
-4.7188
-4.71714
-4.70701
-4.70074
-4.69363
-4.69214
-4.68585
-4.67818
-4.67503
-4.66659
-4.65669
-4.64339
-4.64248
-4.63421
-4.62882
-4.62437
-4.61871
-4.6119
-4.60566
-4.60509
-4.59797
-4.59373
-4.59032
-4.58862
-4.58356
-4.5764
-4.57099
-4.56254
-4.55943
-4.54746
-4.54427
-4.53752
-4.52759
-4.52436
-4.51373
-4.50895
-4.50684
-4.50422
-4.48972
-4.4849
-4.4823
-4.4763
-4.47076
-4.46936
-4.46209
-4.45764
-4.44935
-4.44647
-4.43564
-4.42921
-4.41219
-4.41081
-4.40904
-4.40119
-4.39597
-4.39335
-4.3887
-4.38572
-4.38311
-4.37563
-4.37034
-4.3663
-4.36403
-4.36028
-4.3584
-4.35407
-4.34247
-4.34122
-4.33334
-4.3278
-4.32493
-4.31969
-4.31366
-4.30258
-4.30107
-4.29643
-4.29203
-4.28608
-4.28282
-4.27732
-4.27473
-4.27021
-4.26095
-4.25558
-4.24941
-4.24487
-4.23796
-4.23359
-4.22916
-4.22526
-4.21669
-4.2104
-4.2051
-4.20021
-4.19716
-4.18713
-4.18493
-4.18309
-4.17613
-4.17454
-4.16778
-4.16233
-4.15589
-4.15265
-4.14661
-4.14012
-4.13802
-4.13686
-4.12772
-4.11875
-4.11709
-4.11523
-4.10734
-4.10378
-4.0997
-4.09845
-4.09296
-4.08642
-4.08483
-4.07397
-4.07182
-4.07054
-4.06512
-4.05622
-4.05155
-4.04684
-4.04363
-4.04071
-4.03627
-4.02157
-4.01714
-4.01221
-4.00991
-4.00686
-3.99692
-3.99452
-3.98987
-3.98499
-3.97556
-3.97485
-3.96775
-3.96188
-3.95745
-3.9527
-3.94906
-3.94869
-3.93817
-3.92861
-3.92344
-3.92072
-3.91667
-3.90561
-3.90262
-3.89935
-3.8919
-3.88492
-3.88163
-3.88019
-3.87045
-3.86536
-3.86018
-3.85329
-3.84892
-3.8403
-3.8383
-3.82819
-3.82774
-3.82376
-3.81697
-3.81438
-3.80979
-3.80438
-3.80122
-3.79473
-3.78969
-3.78309
-3.78162
-3.77744
-3.76562
-3.76288
-3.75814
-3.74905
-3.74532
-3.74135
-3.73726
-3.73508
-3.72504
-3.71903
-3.71528
-3.71002
-3.70089
-3.69887
-3.69563
-3.69345
-3.68173
-3.68036
-3.67528
-3.6709
-3.66081
-3.65585
-3.65156
-3.64857
-3.64717
-3.64458
-3.63347
-3.62275
-3.61979
-3.61531
-3.60744
-3.60064
-3.5971
-3.58788
-3.58095
-3.56932
-3.56459
-3.5627
-3.55163
-3.54653
-3.54148
-3.53972
-3.52209
-3.5194
-3.51249
-3.51038
-3.49704
-3.49359
-3.4885
-3.48738
-3.48093
-3.47657
-3.46955
-3.46874
-3.46068
-3.4543
-3.44703
-3.44192
-3.43599
-3.43211
-3.4244
-3.42197
-3.40963
-3.40019
-3.39935
-3.39085
-3.38757
-3.38141
-3.37693
-3.36808
-3.36433
-3.3533
-3.34908
-3.34414
-3.34167
-3.33337
-3.32558
-3.32258
-3.32143
-3.31238
-3.306
-3.29884
-3.29119
-3.28795
-3.27994
-3.2772
-3.26947
-3.26266
-3.2604
-3.25398
-3.24785
-3.23881
-3.23499
-3.23132
-3.22639
-3.22272
-3.21446
-3.21162
-3.21068
-3.20804
-3.20454
-3.20219
-3.19235
-3.18895
-3.18435
-3.17563
-3.17252
-3.16321
-3.1586
-3.15308
-3.14604
-3.13767
-3.13286
-3.13009
-3.12767
-3.12407
-3.12157
-3.12004
-3.11552
-3.10676
-3.1049
-3.09064
-3.08626
-3.08334
-3.08034
-3.07811
-3.07433
-3.07195
-3.06444
-3.06144
-3.0515
-3.04481
-3.04119
-3.03687
-3.03461
-3.0212
-3.01459
-3.01174
-2.99689
-2.99323
-2.98807
-2.98277
-2.97343
-2.96932
-2.96257
-2.95887
-2.95024
-2.94741
-2.94145
-2.93367
-2.9277
-2.91888
-2.91574
-2.91099
-2.90916
-2.90714
-2.8996
-2.89323
-2.88983
-2.8822
-2.87364
-2.86315
-2.85839
-2.85433
-2.84787
-2.84586
-2.8365
-2.83374
-2.82636
-2.8252
-2.81777
-2.81086
-2.80592
-2.79607
-2.78832
-2.7828
-2.77332
-2.77079
-2.76839
-2.75795
-2.75477
-2.75199
-2.74462
-2.73567
-2.72763
-2.7203
-2.70932
-2.70592
-2.70571
-2.69537
-2.68933
-2.68117
-2.67011
-2.65858
-2.65441
-2.64419
-2.64009
-2.6361
-2.6259
-2.62287
-2.61833
-2.61247
-2.60588
-2.59464
-2.58774
-2.58111
-2.57588
-2.56558
-2.55931
-2.55716
-2.55326
-2.54295
-2.53022
-2.52213
-2.51983
-2.50978
-2.50787
-2.50062
-2.49745
-2.4897
-2.48387
-2.47942
-2.46928
-2.46659
-2.45633
-2.4545
-2.44958
-2.44499
-2.43546
-2.4271
-2.42114
-2.41916
-2.41198
-2.40871
-2.40401
-2.398
-2.39761
-2.38763
-2.38024
-2.37442
-2.37217
-2.36511
-2.35659
-2.34956
-2.34478
-2.34203
-2.33584
-2.32898
-2.32147
-2.31256
-2.30843
-2.30779
-2.30118
-2.29339
-2.29081
-2.28613
-2.27571
-2.2671
-2.25935
-2.2545
-2.25111
-2.24226
-2.24185
-2.23949
-2.2313
-2.22572
-2.22337
-2.22084
-2.20875
-2.20769
-2.2047
-2.19848
-2.19743
-2.19549
-2.1862
-2.17639
-2.175
-2.17253
-2.16265
-2.15681
-2.15189
-2.14776
-2.14364
-2.13843
-2.1301
-2.12437
-2.12307
-2.11547
-2.11373
-2.1079
-2.10129
-2.09576
-2.09237
-2.08374
-2.07586
-2.07352
-2.06968
-2.06324
-2.05756
-2.05138
-2.04836
-2.04182
-2.03731
-2.03298
-2.02484
-2.01897
-2.01184
-2.00952
-2.00237
-1.99315
-1.98663
-1.98094
-1.9749
-1.96984
-1.96456
-1.95755
-1.95364
-1.94759
-1.94212
-1.93434
-1.93123
-1.92589
-1.91663
-1.91277
-1.90444
-1.90204
-1.89655
-1.89259
-1.88877
-1.8787
-1.87713
-1.87493
-1.86109
-1.8577
-1.85479
-1.85012
-1.84753
-1.84218
-1.8357
-1.83027
-1.82474
-1.82279
-1.81603
-1.81179
-1.80859
-1.80331
-1.80089
-1.79636
-1.78956
-1.78723
-1.78318
-1.777
-1.76958
-1.76347
-1.75663
-1.752
-1.74707
-1.74429
-1.74146
-1.73488
-1.7254
-1.71909
-1.71809
-1.71127
-1.70271
-1.69798
-1.68803
-1.68554
-1.6818
-1.67606
-1.67256
-1.66803
-1.65909
-1.65754
-1.65086
-1.64526
-1.64346
-1.64054
-1.63164
-1.63077
-1.62836
-1.62103
-1.61233
-1.6086
-1.60208
-1.59692
-1.59235
-1.58637
-1.58119
-1.57835
-1.57254
-1.56448
-1.56161
-1.55672
-1.55189
-1.5501
-1.54315
-1.54092
-1.53939
-1.53256
-1.52914
-1.52014
-1.5192
-1.51627
-1.50709
-1.5021
-1.49688
-1.49031
-1.48635
-1.47334
-1.46957
-1.46594
-1.46321
-1.45944
-1.45421
-1.45064
-1.44877
-1.44212
-1.43942
-1.43779
-1.4285
-1.41999
-1.41842
-1.41345
-1.41116
-1.40139
-1.39707
-1.39423
-1.39054
-1.383
-1.37838
-1.37684
-1.37274
-1.36725
-1.36176
-1.35776
-1.35248
-1.3463
-1.34346
-1.3401
-1.33147
-1.32843
-1.32605
-1.3149
-1.3128
-1.30872
-1.30453
-1.29824
-1.29172
-1.28925
-1.27937
-1.27704
-1.27025
-1.26623
-1.26153
-1.25606
-1.25072
-1.24985
-1.24888
-1.24067
-1.23964
-1.23353
-1.22972
-1.22752
-1.22214
-1.2179
-1.20758
-1.20423
-1.20175
-1.20039
-1.19676
-1.19174
-1.18528
-1.18322
-1.17878
-1.17288
-1.17129
-1.16947
-1.16408
-1.15783
-1.14858
-1.14322
-1.13799
-1.13534
-1.12701
-1.12303
-1.12057
-1.11574
-1.11069
-1.10632
-1.09927
-1.09647
-1.08962
-1.08753
-1.07712
-1.07313
-1.06712
-1.06631
-1.0581
-1.05577
-1.05327
-1.04804
-1.04056
-1.03768
-1.02956
-1.02866
-1.02299
-1.02045
-1.01514
-1.01121
-1.00568
-1.00263
-0.998586
-0.991951
-0.987768
-0.981586
-0.978357
-0.973509
-0.970452
-0.962383
-0.961026
-0.956011
-0.953929
-0.945123
-0.941611
-0.927881
-0.922378
-0.920166
-0.917185
-0.906959
-0.898612
-0.893568
-0.890235
-0.889538
-0.884817
-0.875427
-0.867654
-0.865123
-0.862103
-0.851128
-0.837347
-0.834786
-0.828338
-0.827438
-0.821818
-0.819717
-0.811129
-0.805764
-0.800777
-0.798714
-0.787235
-0.781123
-0.776087
-0.771357
-0.769366
-0.762709
-0.757938
-0.750191
-0.747041
-0.743694
-0.735343
-0.730688
-0.727072
-0.722905
-0.719114
-0.714806
-0.701398
-0.698771
-0.693853
-0.689433
-0.684459
-0.67947
-0.674635
-0.669138
-0.661716
-0.65737
-0.649923
-0.646232
-0.64028
-0.637713
-0.629433
-0.624283
-0.621565
-0.615036
-0.611131
-0.606995
-0.602692
-0.590011
-0.581365
-0.579616
-0.572219
-0.559595
-0.558942
-0.551801
-0.551512
-0.54619
-0.538521
-0.536768
-0.529901
-0.528988
-0.52293
-0.517349
-0.513765
-0.504204
-0.497474
-0.489415
-0.484857
-0.479232
-0.476381
-0.473106
-0.464553
-0.459159
-0.456954
-0.451077
-0.44436
-0.443453
-0.441026
-0.435986
-0.435327
-0.433187
-0.426811
-0.42116
-0.418471
-0.414281
-0.40975
-0.402591
-0.3963
-0.386358
-0.383823
-0.381318
-0.376403
-0.373147
-0.367067
-0.358845
-0.356795
-0.35142
-0.342317
-0.339304
-0.338784
-0.334405
-0.33143
-0.325462
-0.319121
-0.312182
-0.31135
-0.302835
-0.292633
-0.291847
-0.290475
-0.28194
-0.279667
-0.273007
-0.269933
-0.263426
-0.25936
-0.254212
-0.249078
-0.246037
-0.243046
-0.240259
-0.232017
-0.228573
-0.221021
-0.214827
-0.211823
-0.207653
-0.205523
-0.1996
-0.1958
-0.193944
-0.19266
-0.189215
-0.183894
-0.181193
-0.177245
-0.173602
-0.165947
-0.164612
-0.160819
-0.159198
-0.150542
-0.14751
-0.141524
-0.134804
-0.133509
-0.131092
-0.123508
-0.121426
-0.116224
-0.109136
-0.105046
-0.09969
-0.095801
-0.0915614
-0.0864618
-0.0821164
-0.0791939
-0.0730222
-0.072012
-0.0704259
-0.0609845
-0.0516979
-0.0490729
-0.0446699
-0.0411305
-0.0388123
-0.0347466
-0.0260649
-0.0209162
-0.0151918
-0.0108139
-0.00793947
-0.00503518
-0.00223745
0
0.00731905
0.0140645
0.0159197
0.0190376
0.0234437
0.0255334
0.0307041
0.0364444
0.0402368
0.0470714
0.050792
0.0532257
0.0583757
0.06348
0.064915
0.0682915
0.07294
0.0799582
0.0820652
0.086591
0.089544
0.0909211
0.0969744
0.0995891
0.107362
0.112189
0.118618
0.122938
0.131567
0.132461
0.141148
0.143697
0.148344
0.148963
0.15657
0.162468
0.164558
0.167877
0.169949
0.173195
0.174903
0.177803
0.19479
0.196941
0.203447
0.211031
0.216287
0.220494
0.225927
0.232547
0.235337
0.240153
0.245734
0.24979
0.256402
0.264436
0.269248
0.270178
0.28064
0.285286
0.289681
0.295265
0.297662
0.300732
0.307178
0.314739
0.320195
0.321525
0.322692
0.329894
0.334747
0.338674
0.339116
0.344935
0.350964
0.356555
0.364444
0.367695
0.370567
0.376875
0.381392
0.385187
0.389785
0.398134
0.409222
0.413539
0.416097
0.420376
0.425068
0.429467
0.437757
0.441024
0.44897
0.452887
0.458745
0.467198
0.471617
0.473642
0.485496
0.489211
0.49862
0.502036
0.505075
0.517285
0.519786
0.524126
0.527002
0.53167
0.537179
0.543202
0.54789
0.552014
0.55794
0.562099
0.567565
0.576635
0.580197
0.587707
0.590064
0.594714
0.600109
0.605991
0.607899
0.618143
0.626252
0.629517
0.631269
0.63345
0.645473
0.647691
0.654642
0.65755
0.666672
0.667881
0.67745
0.681709
0.684378
0.688743
0.692958
0.697176
0.704445
0.710164
0.715528
0.723601
0.729266
0.733506
0.736583
0.7377
0.749082
0.749243
0.760163
0.764372
0.767845
0.770003
0.779719
0.785821
0.790381
0.799083
0.799709
0.807144
0.808134
0.817681
0.827032
0.831816
0.834435
0.845001
0.849645
0.852527
0.857142
0.872952
0.87606
0.880027
0.881778
0.887631
0.894148
0.900368
0.904995
0.908927
0.915131
0.92119
0.927522
0.931649
0.936434
0.947302
0.953658
0.957079
0.96496
0.968691
0.971627
0.975374
0.981839
0.988404
0.995276
0.998526
1.00596
1.01018
1.01789
1.02492
1.02697
1.0321
1.03229
1.03665
1.04748
1.04887
1.05052
1.05761
1.06633
1.07232
1.07414
1.08179
1.08716
1.08856
1.09435
1.10077
1.10799
1.11203
1.11549
1.12061
1.12964
1.13379
1.14064
1.14507
1.14956
1.15798
1.1607
1.1617
1.17427
1.17831
1.18338
1.18742
1.19224
1.19595
1.20023
1.20452
1.21281
1.21724
1.22354
1.23013
1.23749
1.24334
1.24932
1.25302
1.25522
1.25641
1.26097
1.26881
1.27327
1.27494
1.28009
1.28201
1.29495
1.29713
1.29928
1.30584
1.3099
1.3143
1.3188
1.32332
1.33023
1.33575
1.33732
1.34066
1.34678
1.34807
1.35883
1.36324
1.36462
1.36763
1.37047
1.37609
1.38809
1.38958
1.39305
1.39878
1.40581
1.40671
1.4152
1.41764
1.42658
1.42793
1.43282
1.43596
1.43764
1.44558
1.44944
1.45114
1.45617
1.4603
1.46551
1.46868
1.47262
1.48546
1.48723
1.49288
1.49964
1.5075
1.50879
1.51279
1.51772
1.51898
1.52277
1.53668
1.54308
1.54565
1.55189
1.55538
1.56137
1.56512
1.57122
1.57765
1.58588
1.58837
1.59141
1.59709
1.59888
1.60222
1.60949
1.6133
1.62428
1.62457
1.62757
1.63127
1.63781
1.64426
1.64684
1.65441
1.66266
1.66621
1.66929
1.67332
1.68065
1.68502
1.69014
1.69679
1.70128
1.70654
1.71015
1.71622
1.71753
1.72091
1.72641
1.73262
1.73513
1.74302
1.74647
1.75271
1.75857
1.76997
1.77557
1.78196
1.78615
1.78977
1.79886
1.80281
1.80638
1.81194
1.82258
1.82306
1.82616
1.83368
1.83833
1.84091
1.85194
1.85511
1.85907
1.86307
1.86918
1.87299
1.87376
1.8835
1.88832
1.89453
1.89814
1.89999
1.90513
1.90807
1.91433
1.91917
1.92091
1.92524
1.92736
1.93632
1.94578
1.94778
1.95054
1.95724
1.96237
1.97018
1.977
1.97795
1.98272
1.98727
1.98986
1.99429
2.00384
2.00663
2.01712
2.01899
2.02103
2.02465
2.03077
2.03449
2.0386
2.04646
2.0516
2.05583
2.06031
2.06429
2.06531
2.06924
2.07287
2.08519
2.08553
2.09326
2.09932
2.103
2.10778
2.1133
2.11969
2.12419
2.12727
2.13111
2.13694
2.14835
2.15128
2.15675
2.15822
2.16684
2.17079
2.17838
2.18032
2.18354
2.18904
2.19435
2.19896
2.20233
2.20409
2.21283
2.21648
2.21985
2.22326
2.22659
2.23535
2.23947
2.24318
2.24657
2.24956
2.25507
2.25966
2.26158
2.2687
2.27455
2.28324
2.28828
2.29781
2.30244
2.30667
2.31387
2.31575
2.31666
2.32433
2.33093
2.33297
2.33599
2.3424
2.34855
2.35518
2.35697
2.36447
2.36673
2.36831
2.37388
2.37701
2.37907
2.38718
2.39249
2.39664
2.40464
2.4113
2.41239
2.42539
2.43046
2.43128
2.4344
2.43588
2.43995
2.44729
2.44853
2.45646
2.45722
2.46924
2.47233
2.47987
2.48289
2.48381
2.48697
2.49099
2.49877
2.50175
2.50443
2.50956
2.5114
2.51916
2.52158
2.5293
2.53437
2.5379
2.54118
2.54616
2.54998
2.55306
2.55925
2.56608
2.57106
2.57247
2.58026
2.5869
2.58857
2.59044
2.59861
2.60815
2.61483
2.61957
2.62573
2.62839
2.63161
2.63461
2.64219
2.64312
2.6456
2.65116
2.66065
2.66603
2.66817
2.67145
2.67908
2.68157
2.68265
2.68727
2.69144
2.69369
2.70477
2.70536
2.71491
2.71577
2.71887
2.72799
2.73596
2.74016
2.74226
2.74841
2.75859
2.76026
2.76365
2.77053
2.7739
2.78297
2.78816
2.7953
2.79697
2.79882
2.80368
2.8055
2.80919
2.81462
2.82833
2.83026
2.8332
2.83806
2.83955
2.84538
2.84584
2.85075
2.85542
2.8638
2.86549
2.86988
2.87221
2.87763
2.88243
2.88533
2.89044
2.89168
2.89581
2.90034
2.9048
2.90919
2.91357
2.91815
2.92097
2.92481
2.93147
2.93591
2.94446
2.94814
2.9493
2.9533
2.95755
2.96392
2.96965
2.97288
2.98008
2.98931
2.99355
2.99651
3.00055
3.00514
3.00755
3.01016
3.01187
3.02114
3.02475
3.02961
3.0343
3.03712
3.04269
3.04672
3.05331
3.05854
3.06291
3.06715
3.07045
3.07324
3.07764
3.08697
3.09017
3.0953
3.10137
3.10648
3.1107
3.11343
3.12296
3.12763
3.13073
3.13308
3.1377
3.14329
3.14485
3.15045
3.1574
3.15991
3.16903
3.17291
3.17609
3.18894
3.19245
3.19529
3.19789
3.20305
3.20995
3.21354
3.21536
3.22131
3.2239
3.23309
3.23686
3.24401
3.24633
3.2531
3.25623
3.25873
3.26342
3.269
3.27625
3.2788
3.28106
3.2835
3.28958
3.29528
3.30201
3.30349
3.30758
3.31476
3.31755
3.32012
3.32183
3.33269
3.34041
3.34264
3.34589
3.35042
3.35723
3.36039
3.36182
3.36771
3.37089
3.38229
3.3884
3.38892
3.39595
3.39777
3.40078
3.40698
3.4117
3.41447
3.42038
3.42424
3.42824
3.43208
3.4334
3.43913
3.44335
3.45004
3.45457
3.45614
3.461
3.46401
3.46752
3.46953
3.47521
3.48188
3.49029
3.49518
3.49734
3.49915
3.50913
3.51534
3.51887
3.52174
3.5286
3.53159
3.53698
3.53729
3.54587
3.54749
3.55252
3.55598
3.5639
3.56676
3.56812
3.57485
3.57894
3.59295
3.59741
3.59967
3.60429
3.61155
3.61817
3.6229
3.62598
3.63034
3.6327
3.64217
3.64868
3.65276
3.6541
3.65868
3.66384
3.67073
3.67097
3.67885
3.68745
3.69216
3.69567
3.70187
3.71078
3.71547
3.71828
3.72595
3.72925
3.73602
3.74604
3.74842
3.75718
3.75922
3.76272
3.7661
3.7729
3.78001
3.78765
3.79143
3.79583
3.80473
3.80665
3.81335
3.8142
3.81746
3.82464
3.83206
3.84107
3.84769
3.84961
3.85064
3.85741
3.85941
3.86415
3.86737
3.87348
3.87938
3.88503
3.88773
3.89472
3.90453
3.90866
3.91109
3.9152
3.92201
3.9249
3.92828
3.93192
3.93878
3.9418
3.95081
3.95549
3.95733
3.96754
3.96951
3.97273
3.98344
3.98678
3.98839
3.9974
4.0022
4.00966
4.01295
4.01483
4.02722
4.0357
4.04066
4.04336
4.04965
4.05906
4.06679
4.07281
4.07746
4.08106
4.08584
4.0936
4.09796
4.10286
4.10436
4.10761
4.11016
4.11762
4.12639
4.1289
4.13267
4.14426
4.15066
4.15337
4.1577
4.16556
4.17261
4.17489
4.18104
4.18952
4.19477
4.20613
4.20863
4.21653
4.22066
4.22326
4.22656
4.23622
4.24152
4.24356
4.25597
4.25758
4.26044
4.26498
4.26861
4.27761
4.27906
4.28722
4.28927
4.29708
4.30065
4.30475
4.31141
4.31958
4.32056
4.32243
4.32712
4.32964
4.3435
4.34782
4.35215
4.35848
4.36574
4.36876
4.37549
4.3811
4.38316
4.38813
4.40165
4.40278
4.4045
4.41339
4.41387
4.41737
4.41979
4.42823
4.43698
4.43759
4.44247
4.44648
4.45147
4.46102
4.46326
4.46652
4.4718
4.47634
4.47809
4.48278
4.48867
4.49512
4.49846
4.50615
4.50693
4.51191
4.52062
4.52359
4.53374
4.53669
4.545
4.54938
4.55319
4.56054
4.56255
4.5702
4.57551
4.58114
4.5847
4.5914
4.60058
4.60184
4.61446
4.61813
4.61829
4.62457
4.63513
4.64042
4.64557
4.65145
4.66149
4.66382
4.66641
4.66838
4.67585
4.6882
4.69781
4.70264
4.70869
4.71467
4.72184
4.72671
4.73781
4.74495
4.75149
4.75522
4.76209
4.76345
4.76701
4.77418
4.78052
4.782
4.78324
4.79086
4.80109
4.80407
4.81344
4.81932
4.82596
4.83094
4.83384
4.83709
4.84206
4.85023
4.85473
4.85775
4.86556
4.86751
4.87105
4.8792
4.88048
4.88576
4.89122
4.89491
4.8981
4.90223
4.90441
4.90802
4.91415
4.91871
4.9189
4.92384
4.92725
4.93153
4.93637
4.94999
4.95499
4.95552
4.96439
4.96917
4.97443
4.98249
4.98882
4.99026
4.99316
4.9997
5.00877
5.01441
5.01601
5.01899
5.02192
5.02449
5.03128
5.04023
5.04703
5.0528
5.06413
5.07478
5.0753
5.08279
5.09136
5.09311
5.1009
5.1073
5.11357
5.11554
5.12616
5.12887
5.13274
5.13877
5.14361
5.15023
5.16273
5.16708
5.17156
5.17399
5.17692
5.18129
5.19158
5.1983
5.20294
5.20684
5.21214
5.21963
5.22105
5.23131
5.24416
5.24836
5.24952
5.25814
5.26603
5.27037
5.27347
5.28698
5.29394
5.30059
5.30449
5.30873
5.31566
5.31702
5.3249
5.33075
5.3361
5.34146
5.34636
5.35036
5.35618
5.3607
5.36847
5.37368
5.37706
5.38481
5.39015
5.39942
5.40583
5.40934
5.41194
5.41769
5.42377
5.42519
5.43394
5.44461
5.4475
5.45335
5.45555
5.46312
5.46977
5.47506
5.47655
5.48224
5.4861
5.49353
5.50019
5.50441
5.50815
5.5105
5.51806
5.52306
5.53171
5.53314
5.53842
5.54262
5.54847
5.55548
5.56355
5.56804
5.57587
5.57866
5.58214
5.58362
5.59512
5.59677
5.60095
5.60762
5.61211
5.61706
5.62386
5.631
5.63703
5.64395
5.65526
5.65669
5.65864
5.66835
5.66954
5.67732
5.68716
5.6896
5.69731
5.70135
5.71022
5.72053
5.7248
5.72856
5.73289
5.73972
5.74366
5.75344
5.75997
5.76248
5.76487
5.77108
5.78154
5.7934
5.80011
5.8013
5.8093
5.81162
5.8187
5.82606
5.8302
5.83805
5.84086
5.84347
5.84904
5.8526
5.86153
5.86528
5.87274
5.87776
5.88083
5.89127
5.89317
5.89555
5.89792
5.90122
5.90398
5.90891
5.91309
5.9201
5.92508
5.92775
5.93709
5.94613
5.95403
5.95445
5.95855
5.96646
5.97427
5.98285
5.99008
5.99113
5.99931
6.00457
6.00665
6.00764
6.01287
6.02241
6.02342
6.02657
6.03078
6.03588
6.0483
6.05314
6.05783
6.06188
6.06884
6.07222
6.07681
6.0802
6.08599
6.08812
6.09393
6.09575
6.10348
6.10862
6.10972
6.11443
6.12234
6.12967
6.13051
6.13373
6.1416
6.14721
6.14854
6.15168
6.16112
6.16389
6.16871
6.17147
6.17319
6.18161
6.18867
6.19492
6.19684
6.2029
6.21077
6.21423
6.22747
6.22909
6.23441
6.24048
6.24584
6.25024
6.25657
6.2619
6.27039
6.27236
6.27711
6.28381
6.28856
6.29188
6.29738
6.30737
6.30996
6.31826
6.32071
6.3239
6.3261
6.32776
6.33714
6.34579
6.34696
6.35198
6.3582
6.36244
6.37006
6.37256
6.37694
6.38021
6.38682
6.39206
6.39981
6.40578
6.40649
6.40995
6.41076
6.41908
6.42166
6.42333
6.4306
6.437
6.43727
6.44042
6.45174
6.46226
6.46874
6.47534
6.48104
6.48393
6.48563
6.48685
6.49461
6.50079
6.50963
6.51887
6.52104
6.52354
6.52868
6.54001
6.54389
6.5476
6.54861
6.55401
6.56399
6.56958
6.58247
6.58622
6.589
6.59448
6.59811
6.60439
6.61141
6.61351
6.62154
6.6224
6.62715
6.63399
6.63849
6.64268
6.64542
6.65451
6.65759
6.66505
6.67464
6.6784
6.68254
6.68464
6.68874
6.69615
6.70283
6.71214
6.71539
6.72296
6.72683
6.73135
6.73504
6.74094
6.74461
6.75031
6.75228
6.76135
6.76312
6.77118
6.77635
6.7788
6.78278
6.78728
6.7913
6.79418
6.79975
6.80181
6.80574
6.81371
6.82141
6.82312
6.82582
6.83401
6.83728
6.84305
6.84785
6.84962
6.85661
6.8579
6.86266
6.86602
6.87193
6.87721
6.8789
6.88352
6.88574
6.89286
6.89926
6.90408
6.91057
6.91229
6.92445
6.92786
6.93004
6.93268
6.9408
6.94411
6.94786
6.95325
6.95824
6.96341
6.96802
6.97347
6.98293
6.99053
6.99258
7.00079
7.00572
7.00983
7.01495
7.02354
7.0267
7.03393
7.03604
7.04118
7.04159
7.04611
7.05014
7.05601
7.05929
7.06343
7.06738
7.07535
7.08019
7.08815
7.09218
7.09881
7.10213
7.108
7.11097
7.12032
7.12784
7.12827
7.13566
7.13988
7.14516
7.14936
7.15322
7.15881
7.16141
7.16973
7.17403
7.17787
7.18608
7.18822
7.19621
7.19978
7.20836
7.21768
7.22437
7.22874
7.23393
7.24052
7.24259
7.24601
7.25244
7.25584
7.25971
7.26506
7.27281
7.2809
7.28114
7.2823
7.29079
7.29211
7.29697
7.30393
7.30983
7.31317
7.31758
7.32302
7.33496
7.33688
7.34212
7.34539
7.34822
7.35917
7.3612
7.3669
7.37132
7.37857
7.38084
7.38257
7.3938
7.4015
7.40383
7.41433
7.41497
7.41867
7.42828
7.43148
7.4433
7.44537
7.44996
7.45665
7.46391
7.47164
7.47645
7.47954
7.48292
7.48805
7.49502
7.49608
7.50031
7.50826
7.51457
7.51691
7.52481
7.52699
7.53375
7.54198
7.545
7.54875
7.55391
7.55799
7.56734
7.56883
7.57758
7.57983
7.5855
7.59132
7.59705
7.60232
7.60672
7.61077
7.62115
7.62331
7.62754
7.63073
7.63894
7.64532
7.65531
7.65743
7.66766
7.67307
7.67851
7.68078
7.69983
7.70516
7.70832
7.71408
7.72722
7.72936
7.73376
7.73784
7.74996
7.75125
7.75504
7.76414
7.77223
7.77501
7.77771
7.79007
7.79208
7.79499
7.80551
7.80894
7.81767
7.82071
7.82623
7.82986
7.83745
7.8438
7.84601
7.84912
7.85681
7.85931
7.86771
7.87829
7.88195
7.88647
7.88712
7.89307
7.89467
7.91479
7.92289
7.92572
7.93033
7.93474
7.93576
7.93676
7.94285
7.95152
7.96083
7.96381
7.97289
7.9787
7.99084
7.99389
7.99844
8.00263
8.01055
8.01402
8.01646
8.02585
8.03132
8.03367
8.0444
8.05489
8.05756
8.06412
8.06582
8.07305
8.08119
8.08518
8.09602
8.10045
8.10329
8.10801
8.1118
8.12106
8.12222
8.13145
8.14427
8.15163
8.16007
8.16857
8.16984
8.17509
8.18038
8.18779
8.19208
8.19596
8.20453
8.21224
8.21754
8.22204
8.22666
8.23592
8.23941
8.24285
8.25367
8.25685
8.26316
8.27371
8.27579
8.28012
8.28233
8.2885
8.29753
8.30113
8.30382
8.30834
8.31596
8.32299
8.3265
8.33062
8.3333
8.34064
8.34664
8.35191
8.3618
8.36762
8.37428
8.37604
8.37871
8.38241
8.39118
8.39273
8.40014
8.40635
8.40907
8.41787
8.42471
8.42757
8.43581
8.43997
8.44492
8.45288
8.45492
8.45722
8.46509
8.46615
8.47849
8.47999
8.48805
8.48964
8.49457
8.50168
8.50454
8.5088
8.51398
8.52555
8.53014
8.53823
8.5421
8.54812
8.55165
8.56262
8.5647
8.56794
8.574
8.58109
8.58578
8.59505
8.60146
8.6027
8.60855
8.61599
8.62488
8.62941
8.63424
8.64467
8.64721
8.65749
8.66371
8.66596
8.67663
8.68819
8.69177
8.69344
8.69832
8.71052
8.71623
8.71997
8.7268
8.7317
8.73796
8.74262
8.746
8.75054
8.76203
8.76664
8.77197
8.78108
8.786
8.79673
8.79977
8.80565
8.81156
8.81522
8.82346
8.83065
8.83647
8.84216
8.84374
8.85735
8.86024
8.86423
8.86777
8.8745
8.8789
8.88049
8.8843
8.89201
8.89673
8.89894
8.90338
8.90912
8.91104
8.91857
8.93212
8.93334
8.93525
8.94251
8.94903
8.95935
8.96032
8.96498
8.97412
8.9756
8.98062
8.98544
8.99833
9.00293
9.0081
9.0156
9.0247
9.0266
9.03047
9.0421
9.04624
9.04901
9.05749
9.0642
9.06848
9.07673
9.08108
9.08649
9.09694
9.10053
9.10763
9.11118
9.11663
9.12044
9.12421
9.126
9.13579
9.13698
9.14502
9.15104
9.15455
9.15914
9.16721
9.17355
9.17959
9.18586
9.19783
9.20083
9.20825
9.21039
9.21723
9.21897
9.22408
9.22818
9.23549
9.24001
9.24257
9.24487
9.25554
9.25661
9.27084
9.27231
9.2831
9.28908
9.294
9.30129
9.30482
9.3094
9.31319
9.3216
9.32499
9.32641
9.33466
9.33667
9.34324
9.34596
9.35737
9.3616
9.36637
9.36894
9.37394
9.38569
9.39465
9.3956
9.39932
9.407
9.41212
9.41743
9.41807
9.42333
9.42796
9.43449
9.43809
9.44071
9.44531
9.44989
9.45563
9.45962
9.46797
9.47411
9.47757
9.48914
9.49186
9.49361
9.49576
9.50302
9.50567
9.50907
9.51297
9.51741
9.52521
9.52767
9.53133
9.54451
9.5479
9.55068
9.55376
9.55707
9.56098
9.56738
9.57319
9.58042
9.58208
9.5907
9.59306
9.59944
9.60279
9.61041
9.61842
9.62083
9.6311
9.63366
9.63744
9.6475
9.65429
9.65622
9.66034
9.66375
9.66838
9.67351
9.67491
9.68221
9.68886
9.69214
9.69709
9.69971
9.70503
9.70973
9.71488
9.71938
9.72251
9.7253
9.73932
9.74262
9.7483
9.75219
9.75351
9.76094
9.76496
9.76835
9.78026
9.78392
9.78884
9.79627
9.8009
9.80323
9.80933
9.81877
9.82284
9.82626
9.83234
9.8374
9.83888
9.84673
9.85244
9.86123
9.86803
9.87548
9.88359
9.88795
9.89711
9.9037
9.9092
9.91373
9.91958
9.922
9.92732
9.93393
9.94015
9.94217
9.94386
9.94668
9.95386
9.96349
9.96474
9.9683
9.974
9.97816
9.98333
9.98826
9.99808
10.0035
10.0089
10.011
10.0193
10.0253
10.0314
10.0371
10.039
10.0478
10.0548
10.0595
10.0613
10.0703
10.0715
10.0804
10.0877
10.0902
10.0907
10.0972
10.1043
10.1129
10.1169
10.1195
10.1246
10.1318
10.1396
10.1422
10.1472
10.1497
10.1598
10.1636
10.1659
10.1761
10.1825
10.1853
10.1924
10.2009
10.2081
10.2209
10.2254
10.229
10.2322
10.2392
10.2484
10.253
10.2607
10.2661
10.2714
10.2767
10.2815
10.2896
10.2917
10.2952
10.3
10.3026
10.3066
10.3122
10.3199
10.3262
10.3359
10.3383
10.3463
10.3529
10.3587
10.3712
10.3734
10.3766
10.3883
10.3917
10.3962
10.4018
10.4052
10.4089
10.422
10.4255
10.4349
10.4369
10.4464
10.4487
10.4547
10.4625
10.4731
10.4755
10.4804
10.4833
10.4871
10.4946
10.4979
10.5034
10.5071
10.5135
10.52
10.5252
10.5295
10.531
10.5362
10.542
10.5443
10.5535
10.5637
10.5711
10.5763
10.5788
10.5911
10.5919
10.5961
10.6032
10.6115
10.6197
10.621
10.6328
10.6364
10.6415
10.648
10.6565
10.658
10.6619
10.672
10.6785
10.6855
10.6881
10.6917
10.7
10.702
10.7074
10.7116
10.7226
10.7307
10.7347
10.741
10.7462
10.7599
10.7646
10.7676
10.7818
10.7859
10.7915
10.7975
10.8085
10.8125
10.8203
10.8304
10.8328
10.8356
10.847
10.8508
10.8541
10.8594
10.8707
10.879
10.8858
10.8958
10.8967
10.9096
10.9167
10.9255
10.931
10.9369
10.9454
10.953
10.9671
10.9687
10.9783
10.9871
10.9942
10.998
11.005
11.0085
11.0159
11.0219
11.0289
11.0349
11.0426
11.0484
11.0493
11.0569
11.068
11.0718
11.0741
11.0828
11.0854
11.1025
11.1107
11.1142
11.1196
11.1276
11.1332
11.1424
11.1524
11.1603
11.1648
11.1762
11.1823
11.1837
11.1891
11.2001
11.2024
11.2103
11.2133
11.2241
11.2389
11.2401
11.2482
11.2539
11.2608
11.2695
11.2734
11.2823
11.2837
11.2866
11.2921
11.2994
11.3119
11.318
11.3223
11.3282
11.3384
11.3456
11.3536
11.357
11.3684
11.3798
11.3843
11.3855
11.3952
11.3991
11.4133
11.4155
11.4222
11.4328
11.4422
11.4473
11.4492
11.4608
11.465
11.4782
11.4835
11.4916
11.4989
11.5023
11.5098
11.5177
11.5215
11.525
11.542
11.5497
11.5576
11.5644
11.5731
11.578
11.588
11.5964
11.5981
11.6036
11.6051
11.6181
11.6208
11.6272
11.6378
11.6437
11.6487
11.6536
11.6646
11.667
11.6727
11.6758
11.6877
11.6886
11.7041
11.7083
11.7206
11.7297
11.7354
11.7454
11.7528
11.7573
11.7644
11.7804
11.7813
11.7928
11.7931
11.7971
11.8107
11.8173
11.8196
11.8281
11.8322
11.8382
11.8396
11.8468
11.8596
11.8638
11.8681
11.8742
11.8786
11.8896
11.9012
11.9047
11.9116
11.918
11.9262
11.9301
11.9377
11.9444
11.9486
11.9517
11.9603
11.9661
11.9708
11.9735
11.9765
11.9823
11.9843
11.9979
12.0004
12.0069
12.0161
12.023
12.0301
12.033
12.0412
12.0471
12.0522
12.0544
12.0579
12.0659
12.0792
12.0808
12.0868
12.0937
12.1
12.1099
12.1138
12.1157
12.1266
12.1329
12.1451
12.151
12.1549
12.162
12.1739
12.1757
12.1832
12.1872
12.1934
12.1968
12.214
12.2168
12.2227
12.2266
12.2349
12.2443
12.249
12.2607
12.2654
12.2759
12.281
12.2871
12.2907
12.2944
12.2976
12.3043
12.3137
12.3283
12.3288
12.3404
12.3461
12.3476
12.3519
12.3551
12.3668
12.3805
12.3872
12.3989
12.4028
12.406
12.411
12.413
12.4176
12.4214
12.4319
12.438
12.4468
12.4534
12.4576
12.4655
12.4667
12.4696
12.4774
12.4829
12.494
12.497
12.5031
12.5163
12.5189
12.5257
12.5294
12.5308
12.5422
12.5425
12.5539
12.5602
12.5639
12.5692
12.5765
12.5792
12.5877
12.593
12.5972
12.6037
12.6115
12.615
12.6159
12.6252
12.6272
12.6327
12.6345
12.6512
12.6589
12.6628
12.6675
12.6755
12.6816
12.6861
12.6954
12.7028
12.7101
12.7139
12.7184
12.7274
12.7308
12.7326
12.7372
12.7405
12.746
12.7541
12.7632
12.7658
12.7694
12.7752
12.7783
12.7873
12.7929
12.7943
12.7981
12.8033
12.8101
12.8162
12.82
12.8314
12.8355
12.8379
12.8531
12.8594
12.8637
12.8642
12.8763
12.882
12.8895
12.891
12.9002
12.9078
12.9151
12.9265
12.9298
12.9355
12.9411
12.9481
12.9543
12.9605
12.9701
12.9826
12.9892
12.9913
12.9972
13.0036
13.013
13.0294
13.0324
13.0425
13.0468
13.0549
13.0592
13.0683
13.0758
13.0821
13.0888
13.0911
13.0971
13.0984
13.1089
13.1128
13.1237
13.1265
13.1379
13.1436
13.1458
13.1519
13.1619
13.1723
13.1763
13.184
13.1903
13.1944
13.1957
13.2067
13.2097
13.2153
13.2213
13.2266
13.234
13.2442
13.2482
13.2539
13.2609
13.2701
13.2723
13.2733
13.278
13.2864
13.2912
13.297
13.3037
13.3158
13.3192
13.3214
13.3294
13.3373
13.3438
13.3485
13.3503
13.3561
13.3598
13.3611
13.3723
13.3745
13.3855
13.3918
13.3995
13.4048
13.4107
13.4199
13.4221
13.4276
13.4343
13.454
13.4547
13.4609
13.466
13.4702
13.4803
13.4898
13.4922
13.5
13.5112
13.5163
13.5182
13.5258
13.5308
13.5314
13.5427
13.5497
13.552
13.5544
13.5589
13.57
13.5843
13.5876
13.5962
13.6005
13.6024
13.6069
13.6232
13.625
13.6296
13.6341
13.6389
13.6433
13.6505
13.6545
13.664
13.6668
13.6736
13.6792
13.6861
13.6937
13.697
13.7047
13.7081
13.7118
13.7214
13.7283
13.7311
13.7366
13.7436
13.7454
13.7534
13.7607
13.7689
13.7709
13.7802
13.783
13.7876
13.8015
13.8062
13.8157
13.8193
13.8239
13.8264
13.8274
13.8389
13.8428
13.8521
13.8587
13.8646
13.8739
13.8785
13.8816
13.8891
13.8981
13.9024
13.9141
13.92
13.9249
13.9316
13.9363
13.9462
13.9527
13.9618
13.9721
13.9754
13.9793
13.9887
13.9957
14.0054
14.0172
14.0235
14.0268
14.0324
14.0397
14.045
14.0584
14.0663
14.0727
14.0804
14.0864
14.0927
14.0989
14.1038
14.1147
14.124
14.1394
14.1447
14.1534
14.1603
14.166
14.1789
14.1839
14.1857
14.1954
14.1993
14.2093
14.2157
14.2213
14.2309
14.2354
14.2491
14.2611
14.2644
14.2719
14.2777
14.299
14.3013
14.3129
14.3237
14.3297
14.3338
14.342
14.3452
14.3511
14.3648
14.3702
14.3839
14.3983
14.4087
14.4153
14.4236
14.4458
14.4496
14.4554
14.4641
14.4821
14.4847
14.4888
14.5015
14.5112
14.5199
14.5289
14.5333
14.54
14.5453
14.5504
14.5697
14.5738
14.5833
14.5894
14.5915
14.602
14.6043
14.6156
14.618
14.6337
14.6516
14.6555
14.6606
14.6727
14.6757
14.6789
14.6966
14.6998
14.7041
14.7219
14.725
14.7297
14.7501
14.7557
14.7607
14.764
14.7775
14.7912
14.804
14.8068
14.8178
14.8291
14.8395
14.8472
14.8482
14.8537
14.8725
14.8792
14.8987
14.9065
14.9107
14.9169
14.9223
14.94
14.9427
14.9549
14.9632
14.9691
14.976
14.9937
15.0016
15.0102
15.0161
15.0237
15.0275
15.0341
15.0478
15.0495
15.0627
15.0674
15.0737
15.0836
15.0887
15.1054
15.1147
15.1232
15.1347
15.1466
15.1562
15.1625
15.1671
15.1724
15.1804
15.1908
15.2018
15.2186
15.2216
15.2289
15.2418
15.2514
15.2528
15.2765
15.2855
15.2924
15.3047
15.3127
15.3326
15.3382
15.3419
15.3565
15.357
15.3688
15.3774
15.3812
15.3914
15.3988
15.4045
15.4111
15.4209
15.432
15.4362
15.4405
15.4476
15.4519
15.4584
15.4634
15.479
15.4882
15.5024
15.5087
15.5157
15.5182
15.5326
15.5398
15.5538
15.5644
15.57
15.5801
15.5848
15.5976
15.605
15.6093
15.6159
15.6224
15.6411
15.6478
15.6488
15.6584
15.6661
15.6816
15.6965
15.71
15.7166
15.72
15.7293
15.7372
15.7464
15.7556
15.7625
15.7684
15.773
15.7838
15.798
15.8067
15.8198
15.8249
15.8307
15.8398
15.8453
15.8505
15.8591
15.8711
15.8793
15.8826
15.8923
15.9002
15.9219
15.9249
15.9315
15.9483
15.956
15.9646
15.9841
15.9906
15.9991
16.001
16.0063
16.0121
16.0222
16.0268
16.0386
16.0543
16.063
16.0817
16.0839
16.0961
16.1021
16.1183
16.1262
16.1392
16.1459
16.1542
16.1691
16.1755
16.1841
16.1974
16.2085
16.2215
16.2241
16.2288
16.2353
16.2421
16.2494
16.257
16.2673
16.2767
16.288
16.2943
16.3181
16.3266
16.3319
16.3458
16.3578
16.3665
16.3738
16.3764
16.3896
16.4006
16.414
16.4176
16.4279
16.4464
16.461
16.4714
16.4824
16.4927
16.4942
16.506
16.5206
16.5275
16.5421
16.5451
16.5563
16.5683
16.5695
16.5737
16.5881
16.5974
16.6017
16.6166
16.6246
16.6383
16.6404
16.6567
16.6627
16.6737
16.6863
16.6939
16.6997
16.7186
16.7246
16.7346
16.7407
16.7637
16.7776
16.7817
16.7826
16.7893
16.803
16.8163
16.8208
16.8278
16.8493
16.8568
16.8702
16.8788
16.8934
16.9097
16.9263
16.9291
16.9416
16.9482
16.9521
16.9659
16.978
16.9885
16.9938
17.0035
17.0223
17.0345
17.041
17.0505
17.0656
17.0691
17.0881
17.0937
17.1085
17.1175
17.1254
17.1409
17.1476
17.1581
17.1748
17.1851
17.1923
17.1988
17.2133
17.2151
17.2314
17.2364
17.2382
17.2493
17.257
17.2653
17.2731
17.2785
17.2906
17.2932
17.3042
17.3187
17.3355
17.3378
17.3493
17.3565
17.3635
17.3654
17.381
17.3909
17.3964
17.4021
17.4168
17.4186
17.4276
17.4495
17.4596
17.4737
17.4803
17.4908
17.4922
17.5102
17.5144
17.5339
17.546
17.5576
17.5776
17.5889
17.5957
17.6019
17.6091
17.6174
17.6327
17.6393
17.6458
17.6592
17.6607
17.6739
17.6931
17.6979
17.7047
17.7123
17.7293
17.7342
17.7622
17.7717
17.7882
17.8087
17.8161
17.8232
17.8302
17.8387
17.8494
17.8535
17.8622
17.8795
17.8912
17.8934
17.9066
17.9121
17.9277
17.9299
17.9336
17.9503
17.9524
17.9672
17.9782
17.9834
18.0083
18.0109
18.0197
18.0221
18.0463
18.0488
18.0523
18.0642
18.0862
18.104
18.1159
18.129
18.1346
18.1398
18.1501
18.1642
18.1735
18.2045
18.2112
18.2204
18.2354
18.242
18.2521
18.2574
18.2656
18.2764
18.2944
18.2983
18.3047
18.3131
18.3326
18.357
18.3643
18.3838
18.4024
18.4241
18.4337
18.4409
18.4666
18.4711
18.4805
18.4859
18.4949
18.5075
18.5131
18.5182
18.5469
18.5512
18.5652
18.5895
18.5937
18.6326
18.6435
18.6563
18.6691
18.6893
18.6975
18.7123
18.7313
18.7509
18.7569
18.7768
18.7889
18.8028
18.8137
18.8227
18.8323
18.8575
18.8696
18.88
18.8951
18.9063
18.9274
18.9312
18.9427
18.9603
18.9678
18.9841
19.0003
19.0377
19.0469
19.0548
19.0675
19.0798
19.0978
19.1096
19.1143
19.1348
19.1397
19.1626
19.1675
19.1703
19.1788
19.1837
19.2034
19.2132
19.2282
19.2296
19.2538
19.2852
19.2879
19.3018
19.3047
19.3236
19.3509
19.362
19.4051
19.4065
19.4193
19.4375
19.4726
19.4859
19.4885
19.5103
19.541
19.5615
19.5774
19.5841
19.5963
19.6161
19.6249
19.6405
19.6425
19.6615
19.6797
19.6874
19.6941
19.7039
19.715
19.7439
19.7574
19.7635
19.7653
19.7831
19.7921
19.7957
19.8131
19.8181
19.8305
19.8449
19.8726
19.8832
19.8986
19.9121
19.9442
19.9585
19.966
19.97
19.9875
20.0087
20.0152
20.0391
20.0659
20.0759
20.0872
20.1008
20.1039
20.1226
20.1323
20.1434
20.1594
20.1643
20.1722
20.1914
20.2185
20.2264
20.2308
20.236
20.2606
20.262
20.2863
20.3141
20.3314
20.3493
20.3525
20.3773
20.3893
20.4028
20.4223
20.4493
20.464
20.4826
20.4938
20.5275
20.5392
20.5427
20.5614
20.6039
20.6402
20.6528
20.6684
20.6838
20.6929
20.7127
20.7436
20.7639
20.787
20.8147
20.8378
20.8539
20.8764
20.8847
20.9167
20.9221
20.9624
20.9739
21.0427
21.0539
21.0869
21.1057
21.1182
21.1219
21.1554
21.1955
21.2124
21.2227
21.2307
21.2506
21.2556
21.2766
21.2918
21.298
21.316
21.3267
21.3599
21.3799
21.3982
21.4039
21.4209
21.4467
21.47
21.4798
21.486
21.5197
21.5461
21.556
21.5754
21.584
21.6215
21.629
21.656
21.6765
21.6775
21.6907
21.7246
21.7269
21.7496
21.7614
21.7786
21.7967
21.805
21.8117
21.855
21.8795
21.8957
21.9052
21.9239
21.9352
21.9541
21.9614
21.9721
21.9859
21.9973
22.0052
22.0112
22.0265
22.0583
22.0597
22.0796
22.0936
22.1112
22.1273
22.1436
22.1648
22.1824
22.2152
22.2254
22.2384
22.2786
22.2888
22.3193
22.3432
22.364
22.398
22.4197
22.4278
22.445
22.4754
22.5301
22.5357
22.5817
22.6147
22.6224
22.657
22.6822
22.6906
22.7091
22.7161
22.7394
22.7482
22.7746
22.7919
22.8065
22.8304
22.8476
22.8664
22.8776
22.9066
22.916
22.9655
23.028
23.0304
23.0593
23.0629
23.0887
23.1011
23.1056
23.1155
23.132
23.1463
23.1686
23.1754
23.2045
23.2643
23.2742
23.2991
23.3287
23.3752
23.3978
23.406
23.4142
23.4416
23.4741
23.4962
23.5089
23.5444
23.5603
23.569
23.589
23.5966
23.6172
23.6219
23.6285
23.6702
23.6816
23.6968
23.717
23.7287
23.7594
23.7641
23.7777
23.7888
23.8125
23.8526
23.8896
23.9005
23.9119
23.9607
23.9667
23.9767
24.0074
24.0414
24.0495
24.0754
24.1214
24.1665
24.1939
24.2166
24.2514
24.2667
24.3026
24.3947
24.404
24.4434
24.4642
24.4894
24.5154
24.5393
24.5997
24.6263
24.6411
24.6736
24.7283
24.7727
24.785
24.8258
24.9063
25.0439
25.0666
25.1115
25.1294
25.1331
25.1738
25.1914
25.2461
25.2983
25.3148
25.339
25.3516
25.3678
25.449
25.471
25.4876
25.5445
25.5803
25.5857
25.6155
25.6253
25.6606
25.6746
25.6895
25.7327
25.7353
25.7467
25.7705
25.7883
25.7953
25.8255
25.8635
25.9156
25.9497
25.9692
25.9964
26.0038
26.0434
26.066
26.0964
26.1183
26.159
26.186
26.2234
26.2539
26.2943
26.3
26.3353
26.38
26.4098
26.4301
26.444
26.457
26.5112
26.5419
26.57
26.5795
26.588
26.6298
26.6437
26.6763
26.7051
26.7151
26.7309
26.751
26.7834
26.8315
26.8726
26.8778
26.8987
26.9315
26.9407
26.9962
27.0446
27.0853
27.1297
27.159
27.2415
27.2484
27.3015
27.3082
27.3718
27.4125
27.4403
27.4575
27.4788
27.5172
27.5699
27.5844
27.6081
27.6605
27.6873
27.7277
27.7823
27.8366
27.9152
27.9475
28.0019
28.0209
28.0978
28.2207
28.2463
28.3036
28.334
28.3582
28.392
28.4528
28.4764
28.5103
28.5805
28.6126
28.6649
28.6984
28.7271
28.8071
28.8295
28.8395
28.8787
28.9125
28.9368
28.9582
29.0223
29.1115
29.1361
29.1767
29.2288
29.2489
29.2705
29.2901
29.3092
29.4207
29.4973
29.5064
29.5789
29.6784
29.6944
29.7109
29.7255
29.7776
29.828
29.9127
29.9818
29.9996
30.0363
30.0375
30.086
30.1262
30.1537
30.1958
30.2138
30.2783
30.3377
30.4406
30.5755
30.6133
30.6679
30.6763
30.6817
30.7076
30.7346
30.7932
30.847
30.8605
30.9333
30.9508
31.0207
31.2828
31.3479
31.4526
31.5798
31.637
31.6783
31.7515
31.7656
31.9559
32.1185
32.2151
32.3019
32.3076
32.3155
32.3452
32.3817
32.4157
32.4735
32.4971
32.6772
32.7365
32.7915
33.0408
33.0601
33.2292
33.2389
33.2942
33.3137
33.5003
33.6092
33.6317
33.6438
33.7147
33.7852
33.9771
34.029
34.19
34.2504
34.5507
34.6936
34.7966
35.114
35.1815
35.3003
35.3583
35.9299
36.054
36.3279
36.4827
36.8976
36.9881
37.0374
37.1287
37.2589
37.3809
38.0875
38.1453
38.2569
38.2866
39.8563
39.9095
41.8417
41.9363
43.2108
43.2668
48.5988
