-38.0575 1
-36.9322 1
-36.7641 4
-36.5415 2
-35.0503 2
-34.9959 4
-34.7488 4
-34.7309 1
-34.641 1
-33.0953 4
-32.943 2
-31.5497 5
-31.3816 4
-31.0692 2
-30.2411 4
-29.8359 4
-29.8219 4
-29.6345 2
-29.6133 6
-29.5657 2
-29.5235 4
-29.4775 2
-29.3112 2
-29.1139 2
-28.943 2
-28.6529 1
-28.438 2
-28.2231 1
-28.1082 4
-27.824 4
-27.8206 2
-27.7128 4
-27.5497 4
-27.5276 2
-27.5133 4
-27.501 2
-27.4852 4
-27.3816 4
-27.3595 4
-27.182 4
-26.6851 4
-26.3913 4
-26.383 4
-26.2783 4
-26.2569 2
-26.1671 13
-26.1102 8
-26.0986 4
-25.9658 4
-25.9214 4
-25.8359 8
-25.7467 2
-25.6133 8
-25.5913 4
-25.5838 4
-25.5074 2
-25.3263 1
-25.1701 2
-25.1139 2
-24.9697 2
-24.8222 4
-24.7846 4
-24.7113 4
-24.6215 4
-24.4533 8
-24.4394 4
-24.4201 4
-24.342 4
-24.2584 4
-24.2548 4
-24.2011 1
-24.1832 4
-24.141 6
-23.9951 4
-23.9406 2
-23.8206 4
-23.7128 4
-23.6908 4
-23.5208 2
-23.5133 12
-23.5116 2
-23.3129 2
-23.2389 16
-23.1731 2
-22.9077 4
-22.8937 4
-22.8406 2
-22.7829 4
-22.6924 2
-22.6851 8
-22.6568 4
-22.6556 4
-22.541 4
-22.4928 2
-22.4503 4
-22.4415 4
-22.383 2
-22.333 2
-22.2419 4
-22.1671 8
-22.1451 10
-22.1238 8
-22.1026 8
-22.0057 4
-21.9676 8
-21.8575 2
-21.7349 4
-21.7153 2
-21.6783 2
-21.6133 2
-21.5908 4
-21.5472 4
-21.5251 16
-21.5074 2
-21.4471 4
-21.3112 2
-21.2618 4
-21.25 2
-21.2128 4
-21.166 2
-21.1652 4
-21.1395 4
-21.0088 8
-20.8958 12
-20.8924 4
-20.8745 1
-20.8389 2
-20.8295 4
-20.8272 2
-20.7846 14
-20.6981 4
-20.6944 4
-20.6215 4
-20.5851 4
-20.5588 2
-20.4533 12
-20.4394 4
-20.4313 4
-20.4201 4
-20.4174 4
-20.342 4
-20.2669 2
-20.2399 4
-20.1947 4
-20.1892 8
-20.1832 4
-20.1612 4
-20.141 8
-20.119 4
-19.927 4
-19.9192 2
-19.8465 2
-19.8428 4
-19.8206 2
-19.779 4
-19.7752 2
-19.7128 2
-19.6594 1
-19.514 1
-19.5133 4
-19.4548 4
-19.4538 2
-19.4514 4
-19.3287 6
-19.3129 4
-19.2426 4
-19.2389 42
-19.182 4
-19.1719 8
-19.1704 2
-19.1681 8
-19.1396 4
-19.0376 8
-18.9987 4
-18.9793 4
-18.9119 4
-18.9117 4
-18.8937 8
-18.8722 4
-18.8697 4
-18.8185 2
-18.7829 4
-18.6851 4
-18.6556 8
-18.6036 2
-18.5675 4
-18.504 2
-18.4708 2
-18.4415 4
-18.4194 4
-18.383 4
-18.333 2
-18.3208 2
-18.2972 4
-18.2559 2
-18.2419 10
-18.1671 12
-18.1638 2
-18.1491 4
-18.1451 8
-18.1383 2
-18.1231 2
-18.1026 8
-18.0806 8
-18.0541 4
-18.0057 4
-17.9975 2
-17.9827 2
-17.9676 16
-17.9234 2
-17.8784 4
-17.8564 24
-17.7905 2
-17.6933 5
-17.6783 2
-17.5838 4
-17.5756 4
-17.5251 28
-17.5112 8
-17.453 8
-17.4003 8
-17.3855 2
-17.3266 4
-17.3163 4
-17.3126 4
-17.2993 8
-17.2618 4
-17.255 2
-17.2279 2
-17.2128 8
-17.1701 6
-17.1552 2
-17.1252 2
-17.0596 2
-17.013 2
-17.0088 8
-16.9988 4
-16.9985 2
-16.9868 4
-16.9644 4
-16.8958 16
-16.8738 8
-16.8525 4
-16.8313 8
-16.8075 2
-16.7846 12
-16.7626 13
-16.6215 6
-16.5926 2
-16.5926 4
-16.5851 32
-16.5694 2
-16.5477 4
-16.5103 4
-16.4591 8
-16.459 4
-16.4533 12
-16.4401 4
-16.4313 8
-16.4005 4
-16.3847 4
-16.3328 10
-16.3195 2
-16.3107 16
-16.1996 4
-16.1957 4
-16.141 2
-16.1273 4
-16.1094 8
-16.0645 8
-15.9655 4
-15.9462 2
-15.9456 4
-15.9192 4
-15.9124 2
-15.8683 4
-15.7859 4
-15.7827 4
-15.7752 2
-15.7569 12
-15.7374 8
-15.7286 2
-15.7274 4
-15.687 4
-15.6822 4
-15.6671 4
-15.6373 1
-15.6244 4
-15.6066 4
-15.5988 8
-15.5646 6
-15.5133 12
-15.4548 12
-15.4218 4
-15.3497 2
-15.3287 8
-15.3137 4
-15.3129 2
-15.3123 2
-15.3067 4
-15.2705 4
-15.2389 20
-15.2281 8
-15.2169 8
-15.1956 4
-15.182 8
-15.1744 4
-15.1704 4
-15.1442 2
-15.1396 4
-15.0693 4
-15.0469 8
-15.0376 8
-15.0155 4
-15.0072 4
-14.9917 2
-14.9646 4
-14.9282 8
-14.9234 2
-14.8974 2
-14.8844 2
-14.8722 4
-14.8697 4
-14.8524 2
-14.8502 4
-14.8468 8
-14.8463 4
-14.8067 12
-14.7965 8
-14.7965 1
-14.7786 4
-14.6996 4
-14.6851 4
-14.6727 4
-14.6626 2
-14.6556 16
-14.6521 4
-14.619 4
-14.605 4
-14.583 16
-14.5816 2
-14.5715 4
-14.5409 4
-14.5367 4
-14.504 2
-14.4782 4
-14.404 4
-14.383 2
-14.3667 1
-14.3488 4
-14.3218 2
-14.3066 4
-14.2972 4
-14.2491 2
-14.2419 4
-14.2392 4
-14.237 4
-14.2231 4
-14.2053 8
-14.1537 2
-14.1162 2
-14.0806 4
-14.064 4
-14.0574 4
-14.0357 2
-14.0193 4
-14.0066 4
-13.9827 2
-13.974 2
-13.9676 16
-13.9648 2
-13.9013 4
-13.9006 4
-13.8967 2
-13.8564 62
-13.8386 4
-13.8344 16
-13.8034 4
-13.7666 4
-13.7662 4
-13.7559 4
-13.7257 4
-13.6933 4
-13.6569 24
-13.656 2
-13.6403 2
-13.6009 8
-13.5536 2
-13.5251 16
-13.5112 12
-13.5031 4
-13.4892 4
-13.436 2
-13.4121 4
-13.4003 16
-13.3783 4
-13.3266 8
-13.2938 2
-13.2665 2
-13.255 4
-13.2467 4
-13.2306 2
-13.2211 4
-13.2128 4
-13.1124 4
-13.1064 4
-13.0855 2
-13.0596 2
-13.0283 4
-13.013 4
-13.0062 1
-12.9988 8
-12.9879 4
-12.9742 8
-12.9644 4
-12.9461 2
-12.9146 8
-12.8987 4
-12.8958 4
-12.8778 2
-12.8734 4
-12.8577 4
-12.8287 4
-12.7851 4
-12.7846 12
-12.7626 8
-12.7405 5
-12.6981 8
-12.6585 2
-12.611 4
-12.6071 4
-12.5851 56
-12.563 8
-12.5266 4
-12.5256 2
-12.5093 8
-12.4745 4
-12.4533 4
-12.4529 2
-12.4401 4
-12.4005 8
-12.3397 2
-12.3328 8
-12.3129 4
-12.3107 78
-12.2682 4
-12.2584 4
-12.2538 8
-12.2437 4
-12.2422 4
-12.2399 4
-12.238 2
-12.1996 12
-12.1979 2
-12.1426 4
-12.129 8
-12.1094 14
-12.0705 12
-12.0645 8
-12.0425 4
-12.028 4
-11.9835 2
-11.963 2
-11.9514 8
-11.9462 2
-11.944 8
-11.9301 4
-11.927 4
-11.9021 2
-11.8988 2
-11.8903 2
-11.8889 4
-11.8785 8
-11.8454 4
-11.8342 4
-11.7994 8
-11.7827 4
-11.7607 4
-11.7569 16
-11.7349 4
-11.7286 4
-11.7274 20
-11.704 4
-11.6772 2
-11.6595 4
-11.6305 4
-11.6244 4
-11.6066 4
-11.5832 4
-11.5444 4
-11.5133 16
-11.5059 4
-11.4912 12
-11.4699 1
-11.4313 2
-11.425 2
-11.4218 4
-11.3787 2
-11.3287 2
-11.3137 20
-11.286 4
-11.2828 4
-11.2533 8
-11.2389 20
-11.2209 2
-11.2169 8
-11.2101 2
-11.1979 4
-11.1956 8
-11.1878 4
-11.1837 4
-11.182 4
-11.1744 16
-11.1704 2
-11.1278 4
-11.1202 4
-11.0693 2
-11.0684 2
-11.0679 2
-11.0614 8
-11.0376 8
-11.0155 4
-11.0072 4
-11.0023 2
-10.9502 13
-10.9282 56
-10.8974 2
-10.8706 4
-10.8623 6
-10.8549 4
-10.8067 16
-10.7932 8
-10.7846 8
-10.7786 4
-10.7681 4
-10.7566 2
-10.7203 8
-10.7136 4
-10.6996 4
-10.6851 2
-10.6788 4
-10.6626 4
-10.6556 8
-10.6539 8
-10.6474 6
-10.619 8
-10.5969 8
-10.583 28
-10.5471 2
-10.5367 8
-10.5298 2
-10.5216 8
-10.5146 2
-10.5114 8
-10.5 2
-10.4856 4
-10.4721 4
-10.4156 2
-10.3984 4
-10.3844 4
-10.383 4
-10.3744 4
-10.3711 4
-10.3268 4
-10.3017 4
-10.2997 2
-10.2846 12
-10.2614 4
-10.2548 2
-10.2547 8
-10.2419 10
-10.237 8
-10.1831 2
-10.1821 2
-10.1537 2
-10.129 4
-10.1094 1
-10.0806 8
-10.0706 4
-10.064 4
-10.0574 4
-10.0317 2
-9.99751 2
-9.98642 8
-9.97584 4
-9.97433 4
-9.96759 8
-9.96719 4
-9.95671 4
-9.94102 4
-9.85641 64
-9.8562 4
-9.84291 4
-9.8386 4
-9.83437 42
-9.80338 4
-9.76621 8
-9.7153 2
-9.66436 12
-9.65685 40
-9.63802 4
-9.62405 2
-9.61947 8
-9.58208 12
-9.57959 4
-9.57543 4
-9.57457 8
-9.54677 2
-9.53532 8
-9.53092 4
-9.52887 4
-9.52515 10
-9.51685 4
-9.5135 2
-9.51121 12
-9.5073 4
-9.49885 4
-9.49436 4
-9.48918 8
-9.4624 4
-9.42758 4
-9.41396 1
-9.40456 8
-9.40034 8
-9.38253 16
-9.38071 8
-9.37831 4
-9.28339 4
-9.27175 2
-9.27135 4
-9.2665 4
-9.25501 4
-9.24665 4
-9.23057 2
-9.22331 4
-9.2128 4
-9.20319 4
-9.19905 4
-9.18206 8
-9.16526 2
-9.15835 8
-9.1423 8
-9.13632 4
-9.1326 2
-9.11244 4
-9.10638 4
-9.05684 2
-9.03787 4
-9.02827 4
-9.01584 16
-9.00341 4
-8.99876 16
-8.98415 2
-8.96631 4
-8.95434 4
-8.93922 4
-8.93391 4
-8.92615 4
-8.91463 8
-8.89259 4
-8.85765 8
-8.8545 8
-8.85133 2
-8.84057 4
-8.83793 4
-8.82872 8
-8.80041 4
-8.7992 4
-8.78734 4
-8.78511 4
-8.78461 10
-8.76258 12
-8.75878 2
-8.75252 4
-8.74054 4
-8.73522 2
-8.7295 2
-8.71851 1
-8.71411 4
-8.69806 8
-8.67602 4
-8.65957 4
-8.65671 4
-8.65593 4
-8.64907 8
-8.63642 4
-8.61102 4
-8.59167 4
-8.5915 2
-8.58506 88
-8.56302 16
-8.52912 4
-8.52661 2
-8.5188 4
-8.5106 2
-8.4984 4
-8.47388 4
-8.45607 8
-8.40053 4
-8.39625 4
-8.38551 4
-8.38408 6
-8.3418 2
-8.33965 2
-8.32955 2
-8.32835 4
-8.31073 64
-8.3039 2
-8.29986 4
-8.2887 10
-8.27391 4
-8.26742 8
-8.24621 8
-8.2437 8
-8.23986 8
-8.19955 4
-8.17108 4
-8.17107 4
-8.1411 4
-8.12899 8
-8.10936 4
-8.10271 4
-8.0705 16
-8.04954 2
-8.04847 8
-8.03482 4
-8.02887 2
-8.02203 16
-8 24
-7.98347 4
-7.95618 10
-7.94404 12
-7.94167 4
-7.93011 4
-7.92201 4
-7.91857 4
-7.91272 2
-7.91029 2
-7.90807 4
-7.88885 4
-7.87846 12
-7.86829 4
-7.85435 8
-7.85044 2
-7.78585 4
-7.75692 4
-7.74127 2
-7.73443 4
-7.73056 4
-7.72862 2
-7.72741 16
-7.72385 8
-7.70402 4
-7.70285 4
-7.69077 4
-7.67684 4
-7.65946 4
-7.64328 4
-7.63049 8
-7.62365 1
-7.60845 8
-7.59815 4
-7.56972 8
-7.56597 4
-7.55595 4
-7.5361 4
-7.53576 2
-7.51326 16
-7.50589 4
-7.49123 16
-7.48013 4
-7.47575 2
-7.47107 8
-7.46919 4
-7.45481 4
-7.42671 8
-7.39355 2
-7.37274 2
-7.3564 4
-7.34862 2
-7.31371 24
-7.30883 4
-7.29702 4
-7.29489 4
-7.27706 4
-7.27593 2
-7.26073 2
-7.24257 8
-7.23894 20
-7.2209 4
-7.21951 4
-7.2169 12
-7.20775 4
-7.2008 4
-7.19792 4
-7.19563 4
-7.18804 2
-7.17442 8
-7.16843 8
-7.15238 8
-7.12776 4
-7.10572 4
-7.09352 2
-7.07836 2
-7.06931 4
-7.06838 2
-7.04541 4
-7.03939 12
-7.03673 4
-7.02267 2
-6.98345 4
-6.97313 4
-6.95024 8
-6.94214 8
-6.9282 172
-6.90617 16
-6.87059 4
-6.83801 4
-6.81968 4
-6.80667 4
-6.79916 8
-6.7871 4
-6.78358 4
-6.75068 8
-6.73616 8
-6.73327 4
-6.72865 4
-6.71808 2
-6.7133 2
-6.68005 4
-6.67882 8
-6.6727 4
-6.66264 2
-6.65876 8
-6.65561 12
-6.65388 16
-6.59694 12
-6.58387 4
-6.58301 16
-6.58048 4
-6.56097 4
-6.54713 2
-6.53666 8
-6.51462 4
-6.50779 2
-6.49839 2
-6.48558 4
-6.47214 12
-6.46995 4
-6.44966 2
-6.4155 4
-6.38444 8
-6.37112 8
-6.36558 6
-6.35448 4
-6.3383 4
-6.3268 4
-6.30166 4
-6.29467 4
-6.29288 4
-6.28669 8
-6.2846 16
-6.28257 4
-6.2731 2
-6.26257 4
-6.24191 12
-6.23276 1
-6.23015 8
-6.21988 4
-6.21983 4
-6.16006 2
-6.14334 2
-6.12233 4
-6.08059 8
-6.07176 2
-6.07055 20
-6.046 4
-6.02715 4
-5.98642 14
-5.98198 4
-5.97794 4
-5.97433 4
-5.96759 12
-5.95651 4
-5.94833 4
-5.94516 10
-5.92945 4
-5.9263 16
-5.92255 4
-5.91234 4
-5.85641 42
-5.8562 4
-5.83437 20
-5.81234 4
-5.81149 2
-5.80295 1
-5.795 2
-5.79189 8
-5.76985 4
-5.7537 4
-5.68533 2
-5.67889 12
-5.67687 4
-5.66436 16
-5.66298 4
-5.65756 1
-5.65685 44
-5.64233 8
-5.63802 4
-5.63231 4
-5.62405 2
-5.59744 2
-5.58208 16
-5.57959 8
-5.56716 4
-5.56005 8
-5.54477 4
-5.53877 4
-5.53532 8
-5.53092 8
-5.52887 4
-5.52515 4
-5.51756 8
-5.51121 4
-5.47232 12
-5.45588 4
-5.44899 4
-5.40456 8
-5.38253 42
-5.3376 4
-5.33621 2
-5.31627 4
-5.31549 8
-5.31166 8
-5.30498 4
-5.28339 4
-5.27135 32
-5.2665 2
-5.26531 8
-5.26491 4
-5.25572 2
-5.2503 4
-5.24001 2
-5.21441 4
-5.2128 2
-5.20733 8
-5.20319 4
-5.20047 4
-5.18115 8
-5.16526 2
-5.15835 8
-5.1423 12
-5.13632 16
-5.09923 4
-5.06076 4
-5.05526 4
-5.05001 2
-5.03134 4
-5.02769 2
-5.0232 4
-5.01584 28
-5.01325 4
-5.00578 2
-5.0019 8
-4.99876 8
-4.99668 4
-4.99007 2
-4.97229 8
-4.97056 2
-4.96631 4
-4.96211 2
-4.96 2
-4.94427 8
-4.91719 8
-4.91463 8
-4.90207 4
-4.89259 4
-4.85765 16
-4.8545 12
-4.84449 2
-4.84057 4
-4.83793 4
-4.83247 4
-4.82872 4
-4.82707 4
-4.81853 4
-4.81496 2
-4.7992 8
-4.79565 8
-4.78461 2
-4.75878 4
-4.75252 4
-4.70228 8
-4.67434 8
-4.66935 4
-4.64101 4
-4.62959 2
-4.61625 2
-4.58506 44
-4.56946 2
-4.56375 4
-4.56302 16
-4.52661 4
-4.5106 2
-4.4984 4
-4.4892 2
-4.45899 4
-4.45607 16
-4.44245 1
-4.43403 4
-4.43227 8
-4.42373 8
-4.40053 4
-4.39302 8
-4.38551 10
-4.38408 8
-4.36205 4
-4.35756 4
-4.35456 6
-4.32513 4
-4.31073 50
-4.29986 8
-4.29269 4
-4.2887 8
-4.28187 2
-4.26332 4
-4.25549 8
-4.24621 8
-4.2437 4
-4.23986 4
-4.23694 4
-4.2275 2
-4.22389 4
-4.19955 12
-4.19204 12
-4.17933 4
-4.17107 4
-4.1411 12
-4.10936 4
-4.08967 4
-4.0705 4
-4.06696 2
-4.06012 2
-4.03482 4
-4.02203 42
-4 132
-3.98347 2
-3.94555 4
-3.94404 12
-3.94167 4
-3.93414 4
-3.92201 8
-3.91857 8
-3.91071 4
-3.89188 2
-3.88921 2
-3.887 8
-3.87846 8
-3.86829 8
-3.8526 2
-3.85044 4
-3.79214 4
-3.7715 4
-3.76234 4
-3.747 1
-3.73668 4
-3.72741 28
-3.72385 8
-3.71924 2
-3.71779 4
-3.70182 4
-3.69496 4
-3.67684 8
-3.67431 4
-3.66874 4
-3.6548 8
-3.64328 8
-3.63049 8
-3.60964 2
-3.60845 12
-3.60162 2
-3.59499 4
-3.59344 4
-3.58315 4
-3.5718 6
-3.56922 8
-3.56597 4
-3.55595 4
-3.54393 8
-3.54369 2
-3.53872 2
-3.51508 4
-3.51326 8
-3.49123 4
-3.48201 4
-3.48013 4
-3.47575 4
-3.45941 2
-3.45623 4
-3.44292 8
-3.43625 4
-3.39046 4
-3.37772 4
-3.37274 2
-3.35899 4
-3.3564 8
-3.33476 8
-3.33321 2
-3.32659 2
-3.31371 18
-3.29489 8
-3.27706 8
-3.2734 4
-3.27233 4
-3.25777 8
-3.25624 4
-3.25389 10
-3.23894 4
-3.2209 2
-3.21951 4
-3.20775 8
-3.20253 4
-3.2008 8
-3.19341 4
-3.18472 8
-3.17293 4
-3.15238 8
-3.14235 4
-3.13607 8
-3.11274 4
-3.11168 2
-3.10964 2
-3.08954 4
-3.08025 4
-3.07836 4
-3.06931 2
-3.04541 4
-3.03939 16
-3.03899 6
-2.98345 4
-2.96866 4
-2.95024 12
-2.9282 184
-2.90617 78
-2.90077 4
-2.86609 4
-2.86368 8
-2.84632 4
-2.83136 2
-2.79916 8
-2.7871 2
-2.75068 16
-2.74367 4
-2.73616 12
-2.72865 32
-2.72195 2
-2.71808 2
-2.69127 8
-2.6727 8
-2.65388 16
-2.64634 2
-2.63669 4
-2.62061 2
-2.60308 8
-2.60271 8
-2.59694 12
-2.58684 4
-2.58387 4
-2.58301 10
-2.57364 2
-2.57064 2
-2.54412 4
-2.5427 2
-2.47636 10
-2.47214 16
-2.45523 4
-2.4525 8
-2.44966 2
-2.4389 4
-2.43143 2
-2.37112 4
-2.35914 8
-2.35448 4
-2.34315 24
-2.34313 2
-2.33702 4
-2.32661 2
-2.31196 4
-2.29837 4
-2.29467 4
-2.28719 8
-2.2846 4
-2.28257 4
-2.27263 4
-2.27085 4
-2.25386 4
-2.24191 8
-2.23613 8
-2.23015 4
-2.22592 4
-2.21988 4
-2.20811 8
-2.17515 4
-2.129 4
-2.12233 4
-2.10967 4
-2.09936 2
-2.09573 4
-2.0737 16
-2.07055 16
-2.05594 2
-2.046 8
-2.04349 4
-2.0381 2
-2.02715 4
-2.01926 8
-2.01102 8
-1.98642 4
-1.96759 4
-1.92945 20
-1.9263 28
-1.91453 4
-1.91236 8
-1.90501 8
-1.90052 6
-1.85641 24
-1.84782 4
-1.83437 20
-1.83058 4
-1.81234 4
-1.80326 4
-1.79611 2
-1.795 2
-1.79189 8
-1.78736 2
-1.7859 12
-1.78091 1
-1.78017 4
-1.76985 16
-1.76538 2
-1.72969 2
-1.72773 4
-1.72087 4
-1.71743 4
-1.7153 2
-1.71379 4
-1.67889 16
-1.67687 4
-1.66436 4
-1.66329 10
-1.66298 4
-1.65685 118
-1.63231 4
-1.60092 8
-1.59841 2
-1.5906 4
-1.58208 4
-1.56404 2
-1.54833 2
-1.54567 13
-1.53092 4
-1.53005 4
-1.52786 4
-1.52635 2
-1.52515 2
-1.47232 16
-1.45588 8
-1.45551 2
-1.45029 4
-1.44839 2
-1.40456 12
-1.39966 2
-1.38741 2
-1.38253 20
-1.37569 2
-1.37165 8
-1.33621 2
-1.33077 2
-1.32729 8
-1.31557 2
-1.30498 4
-1.29338 4
-1.27889 4
-1.27135 56
-1.26673 4
-1.26384 8
-1.25124 4
-1.24932 8
-1.24288 6
-1.21642 4
-1.21441 8
-1.2129 4
-1.18115 8
-1.17451 2
-1.1423 8
-1.13632 8
-1.11586 5
-1.10067 2
-1.09383 16
-1.0811 4
-1.0718 8
-1.02797 4
-1.02332 4
-1.0232 8
-1.01584 16
-1.01534 4
-1.01325 4
-1.0019 12
-0.998756 12
-0.996675 4
-0.993808 4
-0.990368 8
-0.987918 8
-0.985911 2
-0.983045 2
-0.979872 4
-0.970582 2
-0.970563 4
-0.950259 12
-0.940088 8
-0.926151 4
-0.922239 4
-0.910351 2
-0.896259 4
-0.882207 8
-0.857651 8
-0.854502 12
-0.850226 1
-0.847615 8
-0.832469 8
-0.828721 4
-0.815282 8
-0.814962 2
-0.799203 16
-0.795649 14
-0.792249 4
-0.758778 2
-0.748632 4
-0.737803 4
-0.715074 4
-0.714269 4
-0.702984 4
-0.702282 12
-0.680249 4
-0.669346 4
-0.643601 4
-0.641516 4
-0.635636 4
-0.635322 4
-0.616246 4
-0.585057 24
-0.576176 2
-0.563749 4
-0.563024 8
-0.562628 4
-0.556725 4
-0.547544 4
-0.52893 8
-0.52661 2
-0.520538 8
-0.482348 2
-0.474484 4
-0.465344 2
-0.461541 4
-0.456067 8
-0.450228 4
-0.434034 4
-0.420417 2
-0.407538 4
-0.400526 2
-0.393015 8
-0.385505 4
-0.384084 2
-0.36669 4
-0.348853 8
-0.347723 6
-0.325127 8
-0.310734 16
-0.299857 4
-0.272593 4
-0.269444 4
-0.260623 4
-0.255489 8
-0.233456 4
-0.223886 4
-0.214905 2
-0.200973 4
-0.199552 16
-0.192042 16
-0.179326 4
-0.177519 12
-0.170009 8
-0.150162 4
-0.111182 4
-0.109358 4
-0.108525 2
-0.0897914 4
-0.089674 4
-0.0726939 2
-0.0628293 2
-0.0627423 4
-0.0220331 20
0 269
0.0220331 16
0.0348193 4
0.0559554 4
0.0628293 2
0.0640158 4
0.0726939 2
0.0814285 4
0.0897914 4
0.10812 2
0.108525 2
0.121538 8
0.125938 4
0.130017 4
0.131709 4
0.141105 4
0.149558 4
0.150162 4
0.170009 8
0.199552 4
0.201376 4
0.207864 8
0.210592 4
0.214905 2
0.237655 4
0.246215 8
0.25229 8
0.255508 8
0.260623 4
0.263319 8
0.269444 4
0.272593 12
0.276147 8
0.282215 4
0.29818 4
0.311444 2
0.328353 4
0.331261 4
0.345198 12
0.347723 6
0.348853 8
0.36669 4
0.385505 4
0.391548 8
0.396246 4
0.406555 8
0.416847 8
0.420417 2
0.428195 8
0.438259 4
0.450228 4
0.450692 2
0.456067 16
0.456309 2
0.461541 4
0.465344 2
0.484915 4
0.520538 8
0.524253 2
0.547544 4
0.556725 4
0.562628 4
0.591672 4
0.597006 4
0.607168 2
0.609544 4
0.633538 2
0.635322 4
0.635636 4
0.641516 4
0.643601 4
0.659565 4
0.666785 4
0.675061 4
0.676024 4
0.680249 4
0.686292 4
0.722944 4
0.726599 4
0.727675 4
0.743756 4
0.746416 2
0.748632 4
0.752522 4
0.799203 16
0.802353 8
0.806585 4
0.815282 8
0.828133 4
0.850226 1
0.857651 8
0.868068 2
0.882207 8
0.887265 4
0.896259 4
0.898076 2
0.910351 2
0.91379 2
0.919747 4
0.921635 2
0.926151 4
0.930692 4
0.94178 8
0.950259 12
0.960615 4
0.979872 4
0.983045 2
0.985911 2
0.990368 8
0.993808 4
0.998756 4
1.00341 4
1.01584 16
1.01586 4
1.02797 4
1.0718 154
1.07931 8
1.0811 4
1.09383 64
1.10067 2
1.11586 5
1.1206 4
1.13065 2
1.13391 4
1.13632 4
1.1423 8
1.15835 8
1.17451 2
1.1885 4
1.2129 4
1.22331 4
1.24288 6
1.24932 16
1.25633 4
1.26384 8
1.27135 56
1.27889 4
1.31557 2
1.32729 8
1.3273 4
1.33077 2
1.34612 8
1.357 4
1.36331 4
1.37165 8
1.37569 2
1.37831 4
1.37939 2
1.38253 16
1.40306 4
1.41699 4
1.42758 4
1.42936 4
1.44839 2
1.45029 4
1.45588 8
1.51685 4
1.52364 8
1.52786 8
1.54567 13
1.5475 16
1.5611 4
1.57959 4
1.5906 4
1.59841 2
1.63404 2
1.65685 40
1.66329 10
1.67569 4
1.67636 2
1.69954 4
1.70213 2
1.71379 4
1.72087 4
1.72773 4
1.72969 2
1.73828 4
1.74614 8
1.74705 4
1.76985 8
1.77408 8
1.77839 8
1.78091 1
1.7859 12
1.78856 2
1.79189 8
1.79566 4
1.79611 2
1.80326 4
1.80641 4
1.82485 4
1.83058 4
1.8386 4
1.84291 4
1.84782 4
1.86745 8
1.89033 8
1.90052 6
1.90064 2
1.90501 8
1.91236 8
1.91453 4
1.9263 28
1.92945 28
1.933 4
1.93659 4
1.94102 4
1.954 4
1.95764 2
1.9619 4
1.99795 8
2.01102 8
2.01358 4
2.05594 2
2.07055 16
2.0737 16
2.08547 4
2.08764 12
2.09573 4
2.09936 2
2.09948 8
2.10967 4
2.11052 4
2.129 4
2.13528 4
2.14359 14
2.15218 4
2.16563 20
2.17515 4
2.18111 2
2.18766 6
2.19674 4
2.20389 4
2.2141 16
2.21983 8
2.22592 4
2.23015 8
2.23613 8
2.25386 4
2.25465 8
2.27031 2
2.27085 4
2.27227 8
2.27913 8
2.3091 4
2.31196 4
2.32111 4
2.34315 128
2.36518 12
2.3798 4
2.39908 8
2.42112 4
2.43143 2
2.4389 4
2.45433 8
2.47214 12
2.47636 10
2.48315 4
2.51337 2
2.52768 4
2.5427 2
2.54412 4
2.57064 2
2.57364 2
2.57849 2
2.58421 2
2.60271 8
2.60308 8
2.61747 20
2.62061 2
2.63669 4
2.64634 2
2.65388 8
2.66827 4
2.67271 14
2.67882 4
2.69127 8
2.72111 4
2.72865 88
2.73327 8
2.73616 12
2.75068 16
2.76809 4
2.7871 2
2.81885 8
2.82549 4
2.8577 8
2.86609 4
2.88414 4
2.90617 78
2.9189 4
2.9282 56
2.95939 2
2.9768 4
2.98416 10
2.99659 4
2.9981 12
3.01409 2
3.02013 8
3.03899 6
3.0469 4
3.04974 16
3.07385 8
3.07776 4
3.08954 4
3.10374 4
3.1099 4
3.11168 2
3.13607 8
3.14235 12
3.1455 4
3.15238 8
3.17128 2
3.17442 8
3.18472 8
3.19341 4
3.2008 8
3.20435 4
3.25389 10
3.25624 4
3.27233 4
3.2734 4
3.28599 4
3.29772 8
3.31975 8
3.32659 2
3.33321 2
3.33476 8
3.34043 4
3.34505 8
3.3564 8
3.35848 8
3.35899 4
3.36436 4
3.36634 4
3.38375 2
3.39046 4
3.40099 2
3.40342 2
3.40833 4
3.41494 16
3.43698 12
3.44292 8
3.44327 4
3.45623 4
3.45941 2
3.47339 4
3.48201 4
3.48545 8
3.50589 4
3.53846 4
3.53971 4
3.54369 2
3.56033 4
3.5718 6
3.58315 4
3.59246 4
3.59344 4
3.59499 4
3.60162 2
3.61086 4
3.61449 10
3.6548 8
3.66874 4
3.67043 8
3.67431 4
3.67487 4
3.68927 8
3.71779 4
3.71924 2
3.72568 12
3.72741 20
3.73938 4
3.74451 8
3.747 1
3.76234 4
3.7646 4
3.76654 4
3.77981 2
3.79214 4
3.79903 4
3.79942 8
3.80045 16
3.80796 4
3.82248 16
3.8325 2
3.84451 4
3.8526 2
3.8589 4
3.87846 8
3.887 8
3.88921 2
3.89147 4
3.89188 2
3.93414 4
3.93717 2
3.97797 20
4 254
4.02203 42
4.04249 4
4.06283 2
4.06696 2
4.08967 4
4.10853 4
4.12154 4
4.1411 12
4.15549 4
4.1675 2
4.17933 4
4.19204 12
4.19955 12
4.20138 4
4.20786 4
4.22019 2
4.22389 4
4.2354 4
4.23694 4
4.24621 8
4.26062 4
4.26825 4
4.26944 8
4.27259 8
4.27432 12
4.28187 2
4.29269 4
4.31286 4
4.32513 4
4.3452 12
4.35456 6
4.35756 4
4.36205 4
4.38551 10
4.38914 4
4.39155 8
4.40656 4
4.41685 4
4.42373 8
4.4282 2
4.43227 8
4.43826 4
4.43967 4
4.44245 1
4.45607 8
4.46029 4
4.46154 4
4.47448 4
4.4757 8
4.51455 8
4.52661 4
4.55673 4
4.56302 8
4.56946 2
4.58506 4
4.59167 4
4.59658 2
4.59901 2
4.61625 2
4.62959 2
4.63354 4
4.63366 4
4.63564 4
4.64101 4
4.64152 8
4.6436 4
4.65495 8
4.65957 4
4.66679 2
4.66935 4
4.67434 8
4.68025 8
4.68629 4
4.69806 8
4.70228 8
4.79565 8
4.7992 8
4.81496 2
4.81853 4
4.82813 4
4.82872 4
4.83247 4
4.84449 2
4.85765 16
4.8901 4
4.89626 4
4.89865 4
4.90207 4
4.91719 8
4.94178 8
4.95026 16
4.9531 4
4.96211 2
4.97229 8
4.97987 8
4.98591 2
4.98792 4
4.99668 4
4.99876 8
5.0019 8
5.00341 4
5.01584 28
5.01586 8
5.0232 4
5.02769 2
5.04061 2
5.05001 2
5.05526 4
5.0718 92
5.07931 8
5.0811 4
5.09383 50
5.11586 4
5.13632 8
5.1423 12
5.15835 8
5.17451 4
5.20047 4
5.20733 8
5.2129 2
5.21441 4
5.24932 8
5.26384 8
5.26491 4
5.26673 8
5.27135 88
5.27889 4
5.30498 4
5.31549 8
5.32729 14
5.33173 4
5.33621 2
5.3376 4
5.34612 12
5.37831 4
5.38253 42
5.40034 8
5.40137 8
5.41209 4
5.41579 2
5.41699 2
5.42151 2
5.42936 2
5.45588 4
5.4573 6
5.47232 12
5.48663 2
5.51685 4
5.51756 8
5.54567 8
5.56716 4
5.57888 4
5.59744 2
5.6202 4
5.63231 4
5.63482 12
5.64233 8
5.65685 44
5.65756 1
5.67569 4
5.67687 4
5.68533 2
5.6909 4
5.69954 4
5.70961 4
5.72087 8
5.72572 4
5.72773 8
5.72969 2
5.74614 4
5.7537 4
5.75594 4
5.76985 8
5.77408 8
5.77839 8
5.78017 8
5.7859 16
5.795 2
5.79611 4
5.80295 1
5.80326 4
5.81234 4
5.81889 2
5.83437 16
5.8386 4
5.84782 4
5.86472 4
5.86745 8
5.88948 4
5.90052 8
5.91236 12
5.91453 4
5.92255 4
5.9263 16
5.92945 12
5.94516 10
5.94833 4
5.9619 4
5.97794 4
6.00205 8
6.01358 4
6.01926 4
6.02715 4
6.046 4
6.0484 8
6.06341 4
6.07055 28
6.0737 10
6.08059 4
6.08764 12
6.09936 2
6.09948 2
6.10967 8
6.11052 4
6.12233 4
6.13255 8
6.14359 8
6.16006 2
6.16563 4
6.17515 4
6.20434 4
6.2141 4
6.22161 8
6.22592 8
6.23276 1
6.23916 4
6.25295 4
6.25386 8
6.26172 4
6.26257 4
6.27913 4
6.28669 8
6.29288 4
6.30046 4
6.32364 2
6.32431 4
6.3383 4
6.34315 72
6.35448 4
6.36518 16
6.36558 6
6.36596 2
6.39908 8
6.40159 2
6.42112 4
6.4389 4
6.44966 2
6.45433 12
6.47214 16
6.47636 8
6.49839 2
6.50779 2
6.54088 4
6.54412 4
6.56097 4
6.57064 4
6.58048 4
6.58301 16
6.58387 4
6.61747 20
6.62061 2
6.63669 4
6.643 4
6.65388 16
6.65561 4
6.6727 4
6.67271 4
6.7133 2
6.71808 2
6.72865 44
6.73616 8
6.75068 16
6.7871 4
6.8115 4
6.81968 4
6.82549 2
6.84632 4
6.8577 4
6.86609 4
6.86935 2
6.8794 4
6.90617 64
6.92069 8
6.9282 172
6.94214 8
6.97313 4
6.98416 4
6.9981 4
7.00297 4
7.00717 4
7.03673 4
7.04541 4
7.04543 8
7.04974 4
7.05822 8
7.06931 4
7.07385 4
7.07836 2
7.08621 2
7.10192 2
7.1099 4
7.13193 2
7.1388 4
7.16843 8
7.17187 4
7.17442 4
7.18804 2
7.19341 4
7.19765 8
7.2008 12
7.20435 4
7.21951 4
7.25358 2
7.25624 4
7.26073 2
7.2693 2
7.27049 4
7.27233 4
7.2734 4
7.27593 2
7.27706 4
7.29489 4
7.29772 8
7.30883 4
7.31371 4
7.31975 8
7.32494 4
7.33321 4
7.34862 2
7.3564 4
7.35848 4
7.35899 8
7.36646 2
7.37274 2
7.39046 4
7.39283 2
7.39355 2
7.40299 4
7.41494 12
7.42671 8
7.43698 4
7.47575 2
7.48013 4
7.48545 8
7.53576 2
7.54369 2
7.54931 2
7.56174 4
7.56972 8
7.5718 8
7.59344 8
7.60845 8
7.61449 12
7.61875 4
7.62365 1
7.6548 12
7.66874 4
7.67043 16
7.67684 4
7.68224 4
7.68856 2
7.68927 2
7.69077 4
7.71779 4
7.72568 16
7.72741 16
7.73056 4
7.73443 4
7.73668 8
7.74127 2
7.74449 8
7.74771 8
7.76234 4
7.78585 4
7.79214 8
7.79862 4
7.80045 8
7.82248 4
7.86829 4
7.86998 4
7.87406 4
7.87846 12
7.89147 2
7.89188 2
7.90807 4
7.91857 4
7.92201 4
7.93598 4
7.94167 4
7.94406 4
7.94555 4
7.95618 10
7.97797 20
8 182
8.02203 20
8.02887 2
8.04847 8
8.05594 4
8.06274 4
8.06452 8
8.08967 4
8.10271 4
8.10853 2
8.11118 4
8.12899 8
8.17107 4
8.17108 4
8.17752 12
8.17933 4
8.19204 16
8.19567 4
8.19955 4
8.20097 4
8.22389 4
8.23346 4
8.26742 8
8.26944 4
8.27432 16
8.2887 10
8.29986 4
8.3039 2
8.31073 16
8.32513 8
8.3452 4
8.38125 4
8.38408 6
8.38551 4
8.40053 4
8.45899 4
8.47388 4
8.47448 4
8.48235 2
8.4984 4
8.5106 2
8.51455 8
8.5188 4
8.52661 2
8.56302 16
8.56375 4
8.57618 2
8.58506 32
8.5915 2
8.61625 4
8.63354 4
8.63642 4
8.64101 8
8.64152 4
8.6436 2
8.64907 8
8.65593 4
8.65671 4
8.66935 4
8.68025 8
8.68629 4
8.69806 8
8.70228 12
8.71411 4
8.71427 4
8.71851 1
8.7307 2
8.7378 4
8.75878 2
8.79565 14
8.7992 12
8.80041 4
8.81496 2
8.82872 8
8.83247 8
8.83793 4
8.84057 4
8.85133 2
8.8545 8
8.85765 8
8.8612 4
8.8901 4
8.92224 4
8.92615 4
8.93922 4
8.94009 8
8.94178 8
8.95026 4
8.95434 4
8.95457 8
8.97058 2
8.98415 2
8.98676 4
8.98792 8
8.99668 4
8.99703 4
8.99876 16
9.0019 12
9.01534 4
9.01584 16
9.0232 8
9.03787 4
9.05684 2
9.0718 34
9.09383 16
9.13632 8
9.1423 8
9.16526 2
9.17451 2
9.18206 8
9.19905 4
9.2129 4
9.21441 8
9.24932 12
9.25124 4
9.26384 4
9.27135 44
9.27175 2
9.28339 4
9.29338 4
9.30498 4
9.31627 4
9.32729 4
9.33621 2
9.34612 4
9.38253 20
9.39966 2
9.40034 16
9.40456 8
9.41396 1
9.45551 2
9.45588 4
9.47232 16
9.49436 4
9.49885 4
9.52635 2
9.52887 4
9.53092 4
9.54567 12
9.54677 2
9.54833 2
9.56404 2
9.57457 8
9.57888 4
9.59841 2
9.60092 8
9.61947 8
9.62405 2
9.63231 4
9.63482 16
9.65685 118
9.66298 4
9.66436 12
9.67687 4
9.7153 2
9.72087 4
9.76538 2
9.7859 4
9.78736 2
9.795 2
9.81234 4
9.83437 42
9.8562 4
9.85641 24
9.86745 8
9.88948 4
9.90052 2
9.91236 12
9.9263 10
9.92945 8
9.9516 8
9.96719 4
9.97433 4
9.98642 8
10.0193 8
10.0271 4
10.0317 2
10.0381 2
10.046 8
10.0541 4
10.0706 12
10.0737 4
10.0806 16
10.0876 4
10.1094 1
10.1223 4
10.129 4
10.1326 8
10.1821 2
10.2216 8
10.2259 8
10.2539 4
10.2548 2
10.2614 4
10.2726 4
10.2826 4
10.2846 12
10.2872 8
10.2904 4
10.2984 4
10.2997 2
10.3005 4
10.3017 4
10.3243 4
10.3266 2
10.3431 2
10.3431 28
10.3545 4
10.3652 4
10.3711 4
10.3744 4
10.3844 4
10.3984 4
10.4497 2
10.4721 8
10.5 2
10.5146 2
10.5216 8
10.5298 2
10.5427 6
10.5441 2
10.5471 2
10.5675 4
10.5706 2
10.583 28
10.5839 4
10.5868 4
10.5969 8
10.5986 8
10.6175 4
10.6474 6
10.6539 16
10.6556 8
10.6727 4
10.7181 2
10.7203 8
10.7219 2
10.7287 24
10.7362 8
10.7437 4
10.7507 8
10.7829 4
10.7846 8
10.7871 2
10.7932 8
10.8314 2
10.8463 4
10.8549 4
10.8623 6
10.8706 4
10.9062 50
10.9207 8
10.9282 184
10.9502 13
10.9793 4
10.9842 2
11.003 4
11.0454 4
11.0582 8
11.0679 2
11.0684 2
11.0693 2
11.0784 4
11.0803 4
11.1096 2
11.1127 4
11.1202 4
11.1388 8
11.1719 4
11.1744 8
11.1979 4
11.2025 4
11.2044 4
11.2078 8
11.2101 2
11.2195 4
11.2209 2
11.2426 4
11.2533 8
11.2771 8
11.2828 4
11.2949 8
11.3137 20
11.3332 2
11.3564 4
11.359 4
11.3665 4
11.3727 2
11.3777 4
11.425 2
11.4548 4
11.4699 1
11.4757 4
11.4801 4
11.5133 4
11.5151 4
11.5243 8
11.5387 2
11.5444 4
11.5617 4
11.5692 8
11.5718 2
11.5832 4
11.5934 4
11.6085 12
11.6096 2
11.6145 8
11.6305 4
11.6548 12
11.6595 4
11.6768 8
11.7018 4
11.704 4
11.7257 4
11.7274 28
11.7306 8
11.7349 4
11.7607 4
11.7715 4
11.7921 4
11.7986 4
11.8454 4
11.8785 8
11.8889 4
11.8903 2
11.9107 4
11.9186 8
11.922 8
11.927 4
11.9301 4
11.9417 4
11.944 8
11.9456 4
11.9514 8
11.963 2
11.978 4
11.9835 2
12 102
12.022 20
12.0348 4
12.0601 2
12.0645 8
12.0705 12
12.129 8
12.1411 4
12.1426 4
12.1711 4
12.1775 16
12.192 4
12.1996 12
12.201 4
12.2275 2
12.2335 4
12.238 2
12.2399 4
12.2422 4
12.2437 4
12.2555 8
12.2743 4
12.2887 8
12.2999 8
12.3107 78
12.3251 4
12.3296 8
12.3397 2
12.3841 8
12.3855 10
12.393 8
12.4005 8
12.4529 2
12.459 4
12.4892 2
12.4984 4
12.5093 8
12.5106 2
12.5256 2
12.5266 4
12.563 16
12.5851 56
12.611 4
12.6162 2
12.641 4
12.6585 2
12.6981 4
12.7023 8
12.7405 5
12.7525 4
12.7588 4
12.7851 4
12.7956 4
12.8287 4
12.8379 4
12.8406 4
12.8545 12
12.8577 12
12.8612 8
12.8734 4
12.9222 4
12.9262 8
12.9443 8
12.9461 2
12.96 2
12.9742 8
12.9901 2
12.997 4
12.9988 8
13.0019 12
13.0058 2
13.0062 1
13.0088 8
13.0133 4
13.0158 10
13.0232 4
13.0608 4
13.0718 8
13.0938 8
13.1124 4
13.1423 8
13.1653 2
13.1812 8
13.2128 4
13.2211 4
13.2306 2
13.2467 4
13.2493 4
13.2503 4
13.2557 2
13.2618 4
13.2665 2
13.2713 24
13.2834 4
13.2938 2
13.3117 8
13.3163 4
13.3273 4
13.3825 20
13.4003 8
13.4046 8
13.436 2
13.4471 4
13.449 4
13.4559 2
13.4723 4
13.4892 4
13.5031 4
13.5251 16
13.5289 4
13.5309 8
13.5388 4
13.5536 2
13.5601 8
13.5796 8
13.6009 8
13.6241 2
13.6348 4
13.6569 128
13.6644 16
13.6789 12
13.7666 4
13.8034 4
13.8115 2
13.8123 6
13.8344 20
13.8562 4
13.8564 62
13.9013 4
13.9124 4
13.9263 4
13.9676 8
13.974 2
13.9743 4
13.982 4
13.9864 14
14.0066 4
14.0381 4
14.046 4
14.064 4
14.067 4
14.0706 8
14.0718 2
14.0737 2
14.0806 8
14.1026 8
14.1162 2
14.1326 8
14.1433 2
14.1537 2
14.1936 4
14.2053 8
14.2114 2
14.2231 4
14.237 4
14.2419 4
14.2491 2
14.2731 2
14.2846 16
14.2947 4
14.2979 2
14.3017 4
14.3066 4
14.3218 2
14.3431 4
14.3667 1
14.3711 8
14.3844 8
14.404 4
14.4155 4
14.4503 4
14.5146 4
14.5367 4
14.5471 2
14.5816 2
14.583 16
14.5969 12
14.605 4
14.619 4
14.6539 8
14.6556 16
14.6588 8
14.6626 2
14.6727 4
14.6727 4
14.6788 8
14.68 4
14.6996 4
14.7287 16
14.7362 4
14.7437 4
14.7507 12
14.7829 4
14.7871 4
14.7965 1
14.7992 8
14.8067 12
14.8468 8
14.8502 4
14.8706 4
14.8844 2
14.8974 2
14.9062 16
14.9282 154
14.9502 8
14.9834 4
14.9841 4
15.0227 2
15.0394 12
15.0469 8
15.0582 8
15.0684 2
15.0693 4
15.0784 2
15.0803 4
15.0935 2
15.1057 4
15.1127 4
15.1442 2
15.1744 8
15.1956 4
15.1979 4
15.2169 8
15.2209 4
15.2281 8
15.2389 16
15.2426 8
15.2771 4
15.3067 4
15.3123 2
15.3137 24
15.3497 2
15.3564 2
15.3665 4
15.4218 4
15.4548 12
15.4692 4
15.4757 2
15.5059 4
15.5133 12
15.5151 4
15.5361 4
15.556 4
15.5646 6
15.5832 8
15.5988 8
15.6066 4
15.6085 8
15.6305 8
15.6373 1
15.6548 4
15.6595 4
15.6671 4
15.687 4
15.7018 4
15.7029 4
15.704 4
15.7239 8
15.7274 12
15.7286 2
15.7306 4
15.7374 8
15.7569 12
15.7827 4
15.7859 4
15.7894 4
15.8504 2
15.8544 8
15.8683 4
15.8785 8
15.8889 4
15.9103 2
15.9124 2
15.9127 2
15.9186 4
15.9301 4
15.944 12
15.9462 2
15.9655 4
15.9835 4
15.9951 4
16 50
16.022 20
16.0495 2
16.0705 16
16.1094 8
16.1273 4
16.1775 4
16.1996 16
16.2437 8
16.2555 8
16.2584 4
16.2739 4
16.2999 4
16.3107 64
16.3296 16
16.3328 10
16.3397 2
16.3418 2
16.3841 2
16.3847 4
16.3855 12
16.393 8
16.4005 4
16.4075 4
16.4401 4
16.4591 8
16.5266 2
16.5291 4
16.5477 4
16.563 8
16.5851 88
16.5926 4
16.5926 2
16.611 4
16.7023 8
16.7151 4
16.7295 2
16.7352 2
16.7405 4
16.7588 2
16.7626 13
16.7846 4
16.7851 4
16.7873 4
16.7956 4
16.8075 2
16.8222 4
16.8287 4
16.8313 8
16.8545 12
16.8926 4
16.9262 4
16.9339 4
16.9644 4
16.9663 4
16.9988 12
17.0019 4
17.0088 8
17.013 2
17.0133 4
17.0158 4
17.0233 4
17.0596 2
17.0718 6
17.0938 2
17.1124 4
17.1326 2
17.1423 4
17.1552 2
17.1812 8
17.2032 4
17.2128 8
17.2279 2
17.2306 2
17.2467 4
17.2665 4
17.2713 16
17.2993 8
17.3126 4
17.3266 4
17.3273 4
17.3825 20
17.3874 2
17.4046 12
17.453 8
17.4624 4
17.4892 8
17.5112 8
17.5135 2
17.5251 28
17.5309 4
17.5353 8
17.5754 4
17.5756 4
17.5821 12
17.5838 4
17.6009 8
17.638 4
17.6569 72
17.6644 4
17.6789 16
17.6933 5
17.7153 2
17.7905 2
17.8034 4
17.8344 20
17.8564 64
17.8784 4
17.9214 4
17.9234 2
17.9263 2
17.9567 4
17.9676 16
17.9758 4
17.9827 2
17.9864 4
17.9975 2
18.0381 4
18.064 4
18.1026 8
18.1231 2
18.1383 2
18.1491 4
18.1537 2
18.1831 2
18.237 8
18.2419 10
18.2559 2
18.2846 4
18.2947 4
18.3268 4
18.3431 4
18.3591 8
18.3711 4
18.383 4
18.3913 4
18.4156 2
18.4525 8
18.4708 2
18.4856 4
18.504 2
18.5114 8
18.5367 8
18.583 10
18.5969 12
18.6036 2
18.619 8
18.6539 12
18.6556 8
18.6626 4
18.6727 8
18.6851 4
18.6996 4
18.7136 4
18.7287 12
18.7507 4
18.7566 2
18.7992 8
18.8067 16
18.8185 2
18.8722 4
18.8974 2
18.9062 8
18.9117 4
18.9282 92
18.9502 12
18.9834 4
18.9841 8
18.9987 4
19.0023 2
19.0072 4
19.0394 16
19.0614 8
19.0693 2
19.1278 4
19.1396 4
19.1704 2
19.1719 8
19.182 4
19.1837 4
19.1878 4
19.1956 8
19.2169 8
19.2209 2
19.2389 42
19.2578 8
19.3137 18
19.3287 6
19.3787 2
19.4218 4
19.4313 2
19.4514 4
19.4538 2
19.4852 4
19.4912 12
19.5133 4
19.514 1
19.556 4
19.5832 4
19.6066 4
19.6085 8
19.6305 8
19.6594 1
19.6772 2
19.695 4
19.7239 8
19.7274 8
19.7286 4
19.7569 16
19.7752 2
19.779 4
19.7827 4
19.8342 4
19.8465 2
19.8504 4
19.8683 8
19.8785 4
19.9021 2
19.9192 2
19.927 4
19.944 12
19.9462 2
19.9835 2
20 26
20.022 4
20.028 4
20.0705 4
20.1094 14
20.119 4
20.1892 8
20.1947 4
20.1979 2
20.1996 16
20.2399 4
20.2437 4
20.2538 8
20.2555 8
20.2584 4
20.2669 2
20.3107 50
20.3328 8
20.3855 8
20.4005 4
20.4075 4
20.4174 4
20.4313 4
20.4401 4
20.5266 4
20.563 12
20.5851 44
20.6071 4
20.7626 8
20.7846 14
20.7956 4
20.8287 2
20.8295 4
20.8545 4
20.8745 1
20.8778 2
20.8924 4
20.8926 4
20.9146 8
20.9644 4
20.9663 4
21.013 4
21.0158 2
21.0283 4
21.0596 2
21.0855 2
21.1064 4
21.1395 4
21.1652 4
21.166 2
21.1812 8
21.2032 4
21.2128 4
21.24 2
21.25 2
21.2653 8
21.2665 2
21.2713 12
21.3266 8
21.3825 4
21.5112 12
21.5251 16
21.5353 8
21.5472 4
21.5821 16
21.5908 4
21.6009 8
21.638 4
21.6403 2
21.656 2
21.6569 28
21.6783 2
21.6789 4
21.6933 4
21.7153 2
21.7349 4
21.8344 20
21.8564 42
21.8575 2
21.9006 4
21.9123 4
21.9648 2
21.9676 16
21.9827 2
21.9864 4
22.0057 4
22.0357 2
22.0424 2
22.0574 4
22.1238 8
22.1451 10
22.2199 4
22.2419 4
22.3268 4
22.333 2
22.3488 4
22.383 2
22.4525 16
22.4782 4
22.4856 4
22.4928 2
22.504 2
22.5367 8
22.541 4
22.583 4
22.5969 4
22.6521 4
22.6539 4
22.6556 12
22.6568 4
22.6626 2
22.6727 4
22.6851 8
22.7786 4
22.7965 8
22.8067 4
22.838 4
22.8406 2
22.8524 2
22.8722 4
22.8937 4
22.9062 2
22.9077 4
22.9234 2
22.9282 34
22.9646 4
22.9917 2
23.0155 4
23.0394 4
23.0693 4
23.1278 4
23.1396 4
23.1704 4
23.1731 2
23.1956 4
23.2169 12
23.2389 20
23.3129 2
23.3137 4
23.3287 8
23.4548 4
23.4912 16
23.5133 12
23.5208 2
23.5982 4
23.6433 4
23.6908 4
23.7239 8
23.7286 2
23.7569 4
23.7752 2
23.8504 4
23.8683 4
23.9192 4
23.944 4
24 2
24.1094 4
24.141 6
24.1996 8
24.2011 1
24.2399 8
24.2548 4
24.3107 16
24.3195 2
24.3295 2
24.4005 2
24.4313 8
24.4394 4
24.4533 8
24.5103 4
24.563 4
24.5694 2
24.5851 24
24.6215 4
24.7113 4
24.7626 12
24.7846 12
24.8525 4
24.8738 8
24.9146 8
24.9985 2
25.0283 4
25.1064 4
25.1252 2
25.1701 2
25.2128 4
25.255 2
25.2618 4
25.3263 1
25.3807 8
25.3855 2
25.5073 4
25.5074 2
25.5112 12
25.5251 10
25.5821 4
25.5838 4
25.5913 4
25.6569 4
25.6783 2
25.7467 2
25.8344 4
25.8564 24
25.9676 8
25.9864 4
25.9975 2
26.0057 4
26.0574 4
26.0986 4
26.1451 8
26.1638 2
26.1671 13
26.2199 4
26.2419 10
26.2569 2
26.2972 4
26.3208 2
26.333 2
26.383 4
26.4194 4
26.583 2
26.6851 4
26.7786 4
26.8697 4
26.8937 8
26.9282 8
27.0155 4
27.0376 8
27.1681 8
27.1704 2
27.182 4
27.2389 20
27.3129 4
27.3137 4
27.3287 2
27.3595 4
27.4912 4
27.5133 16
27.5276 2
27.6433 8
27.7128 4
27.8206 2
27.8428 4
28 2
28.1082 4
28.1094 4
28.141 8
28.1612 4
28.2231 1
28.2399 4
28.3107 8
28.438 2
28.4394 4
28.4533 12
28.5588 2
28.5851 16
28.6215 4
28.6529 1
28.7846 12
28.8272 2
28.8958 12
28.9146 8
28.9706 2
29.1139 2
29.2128 2
29.255 4
29.3112 2
29.5074 2
29.5112 4
29.5235 4
29.5251 4
29.6133 6
29.6569 4
29.7662 4
29.8219 4
29.8359 4
29.8564 14
29.8967 2
29.9676 12
30.1671 8
30.2411 4
30.2419 12
30.2972 4
30.383 2
30.4415 4
30.5715 4
30.6851 4
30.6924 2
30.8697 4
30.9282 6
31.0376 8
31.0692 2
31.182 8
31.2389 20
31.3129 2
31.3137 4
31.3816 4
31.5116 2
31.5133 16
31.5497 5
31.6244 4
31.7128 4
31.8206 4
31.9406 2
32.1094 4
32.141 2
32.1832 4
32.3107 2
32.342 4
32.4201 4
32.4533 12
32.5851 12
32.6215 6
32.7846 10
32.8958 16
32.943 2
32.9697 2
32.9706 4
33.0953 4
33.1139 2
33.1701 6
33.255 4
33.5251 2
33.6133 8
33.7662 8
33.8359 8
33.8564 8
33.9658 4
33.9676 4
34.1102 8
34.1671 12
34.2419 8
34.2783 4
34.383 4
34.4415 4
34.641 1
34.6851 2
34.7309 1
34.7488 4
34.9119 4
34.9959 4
35.0376 8
35.0503 2
35.182 4
35.2389 4
35.3816 4
35.501 2
35.5133 8
35.5497 4
35.6244 4
35.7128 2
35.8206 2
35.824 4
35.8988 2
36.1832 4
36.342 4
36.4201 4
36.4533 4
36.5415 2
36.6944 4
36.7641 4
36.7846 2
36.8389 2
36.8958 4
36.9322 1
36.943 2
37.3112 2
37.4775 2
37.5657 2
37.6133 2
37.6345 2
38.0575 1
