-35.0503
-28.1082
-28.1082
-28.1082
-28.1082
-22.541
-22.541
-22.541
-22.541
-21.8535
-21.8535
-21.8535
-21.8535
-21.166
-19.4514
-19.4514
-19.4514
-19.4514
-17.5251
-17.5251
-17.5251
-17.5251
-17.5251
-17.5251
-17.5251
-17.5251
-17.5251
-17.5251
-17.5251
-17.5251
-17.5251
-17.5251
-17.5251
-17.5251
-15.9804
-15.9804
-15.9804
-15.9804
-15.5988
-15.5988
-15.5988
-15.5988
-15.5988
-15.5988
-15.5988
-15.5988
-15.5988
-15.5988
-15.5988
-15.5988
-15.5988
-15.5988
-15.5988
-15.5988
-14.7416
-14.7416
-14.7416
-14.7416
-14.0541
-14.0541
-14.0541
-14.0541
-14.0541
-14.0541
-14.0541
-14.0541
-12.5093
-12.5093
-12.5093
-12.5093
-12.5093
-12.5093
-12.5093
-12.5093
-12.5093
-12.5093
-12.5093
-12.5093
-12.5093
-12.5093
-12.5093
-12.5093
-11.2705
-11.2705
-11.2705
-11.2705
-11.2705
-11.2705
-11.2705
-11.2705
-10.583
-10.583
-10.583
-10.583
-10.583
-10.583
-10.583
-10.583
-10.583
-10.583
-10.583
-10.583
-10.583
-10.583
-10.583
-10.583
-10.0317
-9.72572
-9.72572
-9.72572
-9.72572
-9.72572
-9.72572
-9.72572
-9.72572
-9.34419
-9.34419
-9.34419
-9.34419
-9.03823
-9.03823
-9.03823
-9.03823
-8.65671
-8.65671
-8.65671
-8.65671
-7.79942
-7.79942
-7.79942
-7.79942
-7.79942
-7.79942
-7.79942
-7.79942
-7.79942
-7.79942
-7.79942
-7.79942
-7.79942
-7.79942
-7.79942
-7.79942
-6.94214
-6.94214
-6.94214
-6.94214
-6.94214
-6.94214
-6.94214
-6.94214
-6.94214
-6.94214
-6.94214
-6.94214
-6.94214
-6.94214
-6.94214
-6.94214
-6.25465
-6.25465
-6.25465
-6.25465
-6.25465
-6.25465
-6.25465
-6.25465
-6.25465
-6.25465
-6.25465
-6.25465
-6.25465
-6.25465
-6.25465
-6.25465
-5.56716
-5.56716
-5.56716
-5.56716
-5.01584
-5.01584
-5.01584
-5.01584
-5.01584
-5.01584
-5.01584
-5.01584
-5.01584
-5.01584
-5.01584
-5.01584
-5.01584
-5.01584
-5.01584
-5.01584
-4.32835
-4.32835
-4.32835
-4.32835
-4.32835
-4.32835
-4.32835
-4.32835
-3.8526
-3.47107
-3.47107
-3.47107
-3.47107
-3.47107
-3.47107
-3.47107
-3.47107
-3.47107
-3.47107
-3.47107
-3.47107
-3.47107
-3.47107
-3.47107
-3.47107
-3.08954
-3.08954
-3.08954
-3.08954
-2.78358
-2.78358
-2.78358
-2.78358
-2.78358
-2.78358
-2.78358
-2.78358
-1.9263
-1.9263
-1.9263
-1.9263
-1.9263
-1.9263
-1.9263
-1.9263
-1.9263
-1.9263
-1.9263
-1.9263
-1.9263
-1.9263
-1.9263
-1.9263
-1.54477
-1.54477
-1.54477
-1.54477
-1.54477
-1.54477
-1.54477
-1.54477
-0.857283
-0.857283
-0.857283
-0.857283
0
0
0
0
0
0
0
0
0
0
0
0
0
0
0
0
0
0
0
0
0
0
0
0
0
0
0
0
0
0
0
0
0
0
0
0
0
0
0
0
0
0
0
0
0
0
0
0
0
0
0
0
0
0
0
0
0
0
0
0
0
0
0
0
0
0
0.857283
0.857283
0.857283
0.857283
1.54477
1.54477
1.54477
1.54477
1.54477
1.54477
1.54477
1.54477
1.9263
1.9263
1.9263
1.9263
1.9263
1.9263
1.9263
1.9263
1.9263
1.9263
1.9263
1.9263
1.9263
1.9263
1.9263
1.9263
2.78358
2.78358
2.78358
2.78358
2.78358
2.78358
2.78358
2.78358
3.08954
3.08954
3.08954
3.08954
3.47107
3.47107
3.47107
3.47107
3.47107
3.47107
3.47107
3.47107
3.47107
3.47107
3.47107
3.47107
3.47107
3.47107
3.47107
3.47107
3.8526
4.32835
4.32835
4.32835
4.32835
4.32835
4.32835
4.32835
4.32835
5.01584
5.01584
5.01584
5.01584
5.01584
5.01584
5.01584
5.01584
5.01584
5.01584
5.01584
5.01584
5.01584
5.01584
5.01584
5.01584
5.56716
5.56716
5.56716
5.56716
6.25465
6.25465
6.25465
6.25465
6.25465
6.25465
6.25465
6.25465
6.25465
6.25465
6.25465
6.25465
6.25465
6.25465
6.25465
6.25465
6.94214
6.94214
6.94214
6.94214
6.94214
6.94214
6.94214
6.94214
6.94214
6.94214
6.94214
6.94214
6.94214
6.94214
6.94214
6.94214
7.79942
7.79942
7.79942
7.79942
7.79942
7.79942
7.79942
7.79942
7.79942
7.79942
7.79942
7.79942
7.79942
7.79942
7.79942
7.79942
8.65671
8.65671
8.65671
8.65671
9.03823
9.03823
9.03823
9.03823
9.34419
9.34419
9.34419
9.34419
9.72572
9.72572
9.72572
9.72572
9.72572
9.72572
9.72572
9.72572
10.0317
10.583
10.583
10.583
10.583
10.583
10.583
10.583
10.583
10.583
10.583
10.583
10.583
10.583
10.583
10.583
10.583
11.2705
11.2705
11.2705
11.2705
11.2705
11.2705
11.2705
11.2705
12.5093
12.5093
12.5093
12.5093
12.5093
12.5093
12.5093
12.5093
12.5093
12.5093
12.5093
12.5093
12.5093
12.5093
12.5093
12.5093
14.0541
14.0541
14.0541
14.0541
14.0541
14.0541
14.0541
14.0541
14.7416
14.7416
14.7416
14.7416
15.5988
15.5988
15.5988
15.5988
15.5988
15.5988
15.5988
15.5988
15.5988
15.5988
15.5988
15.5988
15.5988
15.5988
15.5988
15.5988
15.9804
15.9804
15.9804
15.9804
17.5251
17.5251
17.5251
17.5251
17.5251
17.5251
17.5251
17.5251
17.5251
17.5251
17.5251
17.5251
17.5251
17.5251
17.5251
17.5251
19.4514
19.4514
19.4514
19.4514
21.166
21.8535
21.8535
21.8535
21.8535
22.541
22.541
22.541
22.541
28.1082
28.1082
28.1082
28.1082
35.0503
