-29.8564 2
-27.7128 4
-27.3137 8
-24.6215 8
-24 6
-21.8564 40
-19.3137 16
-16 72
-15.2169 32
-14.9282 8
-13.8564 60
-11.3137 16
-10.9282 32
-9.40456 32
-8 308
-7.60845 32
-5.85641 40
-5.81234 8
-4.70228 32
-4.68629 8
-4 16
-3.31371 16
-2.9282 32
-2.14359 2
-1.0718 8
0 516
1.0718 8
2.14359 2
2.9282 32
3.31371 16
4 16
4.68629 8
4.70228 32
5.81234 8
5.85641 40
7.60845 32
8 308
9.40456 32
10.9282 32
11.3137 16
13.8564 60
14.9282 8
15.2169 32
16 72
19.3137 16
21.8564 40
24 6
24.6215 8
27.3137 8
27.7128 4
29.8564 2
