-22.471
-20.6571
-19.2275
-19.0803
-18.9663
-18.8344
-17.4259
-17.2605
-17.0189
-14.2717
-14.0161
-13.858
-13.759
-13.5493
-13.4078
-13.3305
-13.2836
-12.6062
-12.1353
-12.0344
-11.9873
-11.8039
-11.6972
-11.5786
-11.1473
-11.1105
-11.0168
-10.7994
-10.5891
-10.4539
-10.4171
-10.2695
-9.84154
-9.76194
-9.62692
-9.57869
-9.48873
-9.36043
-9.17736
-9.10706
-8.43962
-8.37242
-8.34614
-8.27019
-8.18819
-8.15952
-8.11759
-8.06695
-7.97223
-7.87325
-7.85034
-7.7636
-7.21251
-7.06348
-6.95968
-6.93777
-6.87481
-6.8089
-6.70884
-6.67459
-6.524
-6.4715
-6.35173
-6.22562
-6.07174
-5.55098
-5.5146
-5.4521
-5.30801
-5.28955
-5.20036
-5.15243
-5.1008
-5.04805
-4.82751
-4.76803
-4.62378
-4.59245
-4.56192
-4.43369
-4.35282
-4.29718
-4.28193
-4.20969
-4.19669
-4.13076
-4.08433
-4.05416
-3.93655
-3.87996
-3.78557
-3.74323
-3.66007
-3.56372
-3.40297
-3.30873
-3.25912
-3.24449
-3.18693
-3.05703
-3.042
-3.02076
-2.81816
-2.75537
-2.68374
-2.57184
-2.45433
-2.34468
-2.16654
-2.02668
-2.01481
-1.89446
-1.77363
-1.70612
-1.62561
-1.28161
-1.24751
-1.13743
-1.08189
-1.04725
-0.987494
-0.88467
-0.784129
-0.733985
-0.665577
-0.626313
-0.558581
-0.464067
-0.431312
-0.381131
-0.351127
-0.240611
-0.199139
-0.106505
-0.0481599
-0.000970922
0
0.0710169
0.102053
0.193267
0.208928
0.274197
0.329877
0.404612
0.49831
0.55417
0.666158
0.759322
0.788369
0.882389
0.966436
1.10033
1.28953
1.32845
1.34938
1.42316
1.49022
1.63925
1.67431
1.73312
1.76361
1.92295
1.96916
2.07659
2.11338
2.14962
2.25763
2.29235
2.31483
2.35787
2.42951
2.48783
2.51416
2.5521
2.56076
2.62068
2.6464
2.69118
2.75598
2.79432
2.80807
2.994
3.07475
3.1185
3.17295
3.19524
3.24917
3.28344
3.33889
3.34918
3.37078
3.44072
3.54105
3.56412
3.61949
3.77871
3.79782
3.83531
3.89181
3.94976
4.00384
4.04762
4.0848
4.13656
4.15928
4.29011
4.31876
4.39854
4.58863
4.67289
4.74086
4.76949
4.80463
4.91255
4.95278
5.09131
5.15235
5.29406
5.35704
5.39996
5.45788
5.52168
5.64421
5.70957
5.73826
5.80297
5.9234
6.01186
6.05646
6.17171
6.20316
6.21414
6.25135
6.28845
6.56432
6.60799
6.6994
6.74938
6.85051
6.8917
6.90446
6.93113
6.94471
6.96023
7.0233
7.07917
7.10715
7.16801
7.24764
7.30429
7.35701
7.46073
7.49693
7.66171
7.73045
7.84727
7.8667
7.92598
7.99135
8.10425
8.26412
8.31505
8.38359
8.63673
8.90281
8.97073
9.08857
9.14636
9.24857
9.40639
9.43044
9.48631
9.57101
9.7684
9.78984
9.94799
9.96674
10.1224
10.173
10.2357
10.2895
10.3952
10.4508
10.5973
10.6881
10.7583
10.8443
10.8604
10.9076
10.9873
11.0434
11.3216
11.4819
11.5446
11.6564
12.0017
12.2531
12.4198
12.7051
12.7233
12.8266
12.8775
13.1772
13.1998
13.3644
13.4431
13.5303
13.5445
13.7429
13.8154
13.9505
14.1043
14.2163
14.2539
14.5729
14.6428
14.9937
15.3597
15.5585
15.574
15.7149
15.8446
15.9146
15.9622
16.1596
16.3946
16.5167
16.6617
16.7534
17.0494
17.2132
17.3451
17.4421
17.5639
17.6767
18.1173
18.2254
18.5307
18.642
18.9317
19.4688
19.4923
20.0402
20.1161
20.145
20.3433
20.7218
20.7355
20.9982
21.1125
21.4781
21.6411
21.8093
21.9342
22.4759
22.7461
22.8365
23.8457
24.5725
24.8542
26.3597
26.5012
27.8302
27.911
33.3503
