-27.501
-25.9214
-25.9214
-24.8222
-24.8222
-24.2584
-24.2584
-23.9951
-23.9951
-23.9406
-22.4503
-22.4503
-21.5251
-21.5251
-21.2618
-21.2618
-20.6981
-20.6981
-20.5588
-19.2426
-19.2426
-18.9793
-18.9793
-18.5675
-18.5675
-18.0541
-18.0541
-17.5251
-17.3163
-17.3163
-17.2618
-17.2618
-16.9985
-16.459
-16.459
-16.1957
-16.1957
-15.9456
-15.9456
-15.6822
-15.6822
-15.2705
-15.2705
-15.0072
-15.0072
-14.9917
-14.8463
-14.8463
-14.583
-14.583
-14.4782
-14.4782
-14.2392
-14.2392
-14.0193
-14.0193
-13.9648
-13.7559
-13.7559
-13.7257
-13.7257
-13.4121
-13.4121
-13.0855
-12.9879
-12.9879
-12.8987
-12.8987
-12.4745
-12.4745
-12.3129
-12.3129
-12.2584
-12.2584
-11.9021
-11.8342
-11.8342
-11.7994
-11.7994
-11.7994
-11.7994
-11.5059
-11.5059
-11.4313
-11.286
-11.286
-11.0072
-11.0072
-10.7681
-10.7681
-10.7136
-10.7136
-10.6788
-10.6788
-10.583
-10.2547
-10.2547
-10.2547
-10.2547
-9.97584
-9.97584
-9.94102
-9.94102
-9.84291
-9.84291
-9.57959
-9.57959
-9.52515
-9.51685
-9.51685
-9.4624
-9.4624
-9.42758
-9.42758
-9.22331
-9.22331
-9.01584
-9.01584
-9.00341
-9.00341
-8.78734
-8.78734
-8.75252
-8.75252
-8.65957
-8.65957
-8.59167
-8.59167
-8.39625
-8.39625
-8.3418
-8.32835
-8.32835
-8.27391
-8.27391
-8.04954
-8.03482
-8.03482
-7.5361
-7.5361
-7.50589
-7.50589
-7.47107
-7.47107
-7.47107
-7.47107
-7.29702
-7.29702
-7.24257
-7.24257
-7.24257
-7.24257
-7.20775
-7.20775
-7.02267
-6.78358
-6.78358
-6.73327
-6.73327
-6.67882
-6.67882
-6.67882
-6.67882
-6.46995
-6.46995
-6.4155
-6.4155
-6.28257
-6.28257
-6.21983
-6.21983
-6.14334
-5.95651
-5.95651
-5.9263
-5.9263
-5.66298
-5.66298
-5.57959
-5.57959
-5.57959
-5.57959
-5.54477
-5.54477
-5.31627
-5.31627
-5.09923
-5.09923
-5.03134
-5.03134
-5.01584
-4.96
-4.82707
-4.82707
-4.75252
-4.75252
-4.56375
-4.56375
-4.4892
-4.45899
-4.45899
-4.26332
-4.26332
-4.03482
-4.03482
-4
-4
-4
-4
-4
-4
-4
-4
-4
-4
-3.94555
-3.94555
-3.7715
-3.7715
-3.73668
-3.73668
-3.43625
-3.43625
-3.20775
-3.20775
-3.20775
-3.20775
-3.17293
-3.17293
-3.10964
-2.96866
-2.96866
-2.90077
-2.90077
-2.84632
-2.84632
-2.58301
-2.45523
-2.45523
-2.33702
-2.33702
-2.28257
-2.28257
-2.0737
-2.0737
-2.04349
-2.04349
-2.01926
-2.01926
-2.01926
-2.01926
-1.9263
-1.78017
-1.78017
-1.71743
-1.71743
-1.66298
-1.66298
-1.53005
-1.53005
-1.45551
-1.39966
-1.26673
-1.26673
-1.25124
-1.25124
-1.21642
-1.21642
-0.987918
-0.987918
-0.987918
-0.987918
-0.792249
-0.792249
-0.737803
-0.737803
-0.702984
-0.702984
-0.576176
-0.563749
-0.563749
-0.52893
-0.52893
-0.52893
-0.52893
-0.474484
-0.474484
-0.0627423
-0.0627423
0
0
0.0348193
0.0348193
0.263319
0.263319
0.263319
0.263319
0.328353
0.328353
0.396246
0.396246
0.450692
0.591672
0.591672
0.607168
0.659565
0.659565
0.675061
0.675061
0.752522
0.752522
1.00341
1.00341
1.01584
1.01584
1.1206
1.1206
1.1885
1.1885
1.22331
1.22331
1.42758
1.42758
1.51685
1.51685
1.57959
1.57959
1.63404
1.79566
1.79566
1.84291
1.84291
1.9263
1.94102
1.94102
2.21983
2.21983
2.21983
2.21983
2.25465
2.25465
2.25465
2.25465
2.3091
2.3091
2.48315
2.48315
2.51337
2.67882
2.67882
2.73327
2.73327
2.73327
2.73327
2.76809
2.76809
2.98416
2.99659
2.99659
3.0469
3.0469
3.28599
3.28599
3.34043
3.34043
3.40833
3.40833
3.50589
3.50589
3.56033
3.56033
3.7646
3.7646
3.79942
3.79942
3.79942
3.79942
3.8325
4.1675
4.2354
4.2354
4.31286
4.31286
4.43967
4.43967
4.47448
4.47448
4.59167
4.59167
4.65957
4.65957
4.89865
4.89865
4.9531
4.9531
4.98792
4.98792
5.00341
5.00341
5.01584
5.26673
5.26673
5.26673
5.26673
5.41209
5.41209
5.48663
5.51685
5.51685
5.6909
5.6909
5.72572
5.72572
5.75594
5.75594
5.78017
5.78017
5.78017
5.78017
6.01926
6.01926
6.0737
6.20434
6.20434
6.23916
6.23916
6.36596
6.58301
6.58301
6.8115
6.8115
6.84632
6.84632
6.8794
6.8794
7.00717
7.00717
7.27049
7.27049
7.32494
7.32494
7.39283
7.54931
7.68224
7.68224
7.73668
7.73668
7.73668
7.73668
7.94555
7.94555
8
8
8.06274
8.06274
8.19567
8.19567
8.45899
8.45899
8.47448
8.47448
8.56375
8.56375
8.57618
8.7378
8.7378
8.98792
8.98792
8.98792
8.98792
9.25124
9.25124
9.31627
9.31627
9.39966
9.45551
9.66298
9.66298
9.9263
10.0193
10.0193
10.0193
10.0193
10.0541
10.0541
10.2826
10.2826
10.5675
10.5675
10.583
10.8463
10.8463
10.9793
10.9793
11.1096
11.2078
11.2078
11.2078
11.2078
11.2426
11.2426
11.7715
11.7715
11.9456
11.9456
12.0348
12.0348
12.459
12.459
12.4892
12.6981
12.6981
12.7525
12.7525
12.96
13.0158
13.2618
13.2618
13.3163
13.3163
13.5251
13.5251
13.5796
13.5796
13.5796
13.5796
14.1433
14.4155
14.4155
14.4503
14.4503
14.6788
14.6788
14.6788
14.6788
15.0227
15.2426
15.2426
15.2426
15.2426
15.5059
15.5059
15.5361
15.5361
15.9951
15.9951
16.0495
16.2584
16.2584
16.2739
16.2739
16.3418
16.7873
16.7873
16.8222
16.8222
17.4624
17.4624
17.5251
17.9214
17.9214
17.9758
17.9758
18.583
18.7136
18.7136
19.0072
19.0072
19.4313
19.8342
19.8342
19.9021
20.2584
20.2584
21.0855
21.9648
22.4782
22.4782
22.9917
24.9985
25.2618
25.2618
25.5251
28.5588
31.9406
35.501
