-53.323 1
-53.2163 0
-53.1097 0
-53.003 0
-52.8964 0
-52.7897 0
-52.6831 0
-52.5764 1
-52.4698 6
-52.3632 0
-52.2565 6
-52.1499 4
-52.0432 0
-51.9366 2
-51.8299 0
-51.7233 0
-51.6166 0
-51.51 0
-51.4033 0
-51.2967 0
-51.19 0
-51.0834 0
-50.9768 1
-50.8701 0
-50.7635 2
-50.6568 4
-50.5502 4
-50.4435 6
-50.3369 4
-50.2302 0
-50.1236 4
-50.0169 0
-49.9103 0
-49.8037 0
-49.697 0
-49.5904 0
-49.4837 0
-49.3771 0
-49.2704 2
-49.1638 0
-49.0571 8
-48.9505 4
-48.8438 8
-48.7372 0
-48.6305 7
-48.5239 1
-48.4173 0
-48.3106 6
-48.204 0
-48.0973 0
-47.9907 0
-47.884 2
-47.7774 4
-47.6707 0
-47.5641 0
-47.4574 0
-47.3508 8
-47.2441 0
-47.1375 12
-47.0309 16
-46.9242 4
-46.8176 8
-46.7109 0
-46.6043 4
-46.4976 0
-46.391 3
-46.2843 1
-46.1777 0
-46.071 0
-45.9644 4
-45.8578 0
-45.7511 0
-45.6445 4
-45.5378 4
-45.4312 6
-45.3245 10
-45.2179 8
-45.1112 4
-45.0046 14
-44.8979 4
-44.7913 6
-44.6846 2
-44.578 0
-44.4714 0
-44.3647 5
-44.2581 4
-44.1514 0
-44.0448 5
-43.9381 0
-43.8315 16
-43.7248 20
-43.6182 20
-43.5115 20
-43.4049 24
-43.2982 12
-43.1916 12
-43.085 22
-42.9783 8
-42.8717 2
-42.765 8
-42.6584 0
-42.5517 14
-42.4451 9
-42.3384 8
-42.2318 6
-42.1251 20
-42.0185 17
-41.9119 52
-41.8052 28
-41.6986 63
-41.5919 22
-41.4853 22
-41.3786 54
-41.272 26
-41.1653 16
-41.0587 8
-40.952 26
-40.8454 9
-40.7387 32
-40.6321 6
-40.5255 24
-40.4188 14
-40.3122 4
-40.2055 36
-40.0989 29
-39.9922 42
-39.8856 38
-39.7789 52
-39.6723 71
-39.5656 27
-39.459 42
-39.3524 13
-39.2457 34
-39.1391 16
-39.0324 56
-38.9258 14
-38.8191 18
-38.7125 66
-38.6058 22
-38.4992 62
-38.3925 62
-38.2859 44
-38.1792 42
-38.0726 58
-37.966 50
-37.8593 68
-37.7527 32
-37.646 56
-37.5394 30
-37.4327 40
-37.3261 48
-37.2194 25
-37.1128 39
-37.0061 38
-36.8995 58
-36.7928 90
-36.6862 82
-36.5796 84
-36.4729 90
-36.3663 68
-36.2596 86
-36.153 55
-36.0463 57
-35.9397 56
-35.833 106
-35.7264 62
-35.6197 56
-35.5131 75
-35.4065 76
-35.2998 34
-35.1932 48
-35.0865 92
-34.9799 120
-34.8732 80
-34.7666 127
-34.6599 86
-34.5533 88
-34.4466 224
-34.34 92
-34.2333 100
-34.1267 140
-34.0201 110
-33.9134 91
-33.8068 176
-33.7001 76
-33.5935 148
-33.4868 95
-33.3802 58
-33.2735 178
-33.1669 179
-33.0602 211
-32.9536 164
-32.8469 154
-32.7403 202
-32.6337 106
-32.527 211
-32.4204 203
-32.3137 128
-32.2071 178
-32.1004 126
-31.9938 134
-31.8871 183
-31.7805 215
-31.6738 118
-31.5672 262
-31.4606 200
-31.3539 229
-31.2473 154
-31.1406 243
-31.034 206
-30.9273 184
-30.8207 164
-30.714 241
-30.6074 194
-30.5007 232
-30.3941 364
-30.2874 268
-30.1808 217
-30.0742 264
-29.9675 145
-29.8609 336
-29.7542 254
-29.6476 308
-29.5409 286
-29.4343 242
-29.3276 358
-29.221 261
-29.1143 335
-29.0077 254
-28.901 332
-28.7944 352
-28.6878 333
-28.5811 210
-28.4745 470
-28.3678 291
-28.2612 262
-28.1545 373
-28.0479 399
-27.9412 304
-27.8346 429
-27.7279 414
-27.6213 310
-27.5147 536
-27.408 432
-27.3014 298
-27.1947 482
-27.0881 462
-26.9814 327
-26.8748 427
-26.7681 372
-26.6615 418
-26.5548 320
-26.4482 468
-26.3415 462
-26.2349 469
-26.1283 863
-26.0216 370
-25.915 504
-25.8083 504
-25.7017 478
-25.595 690
-25.4884 451
-25.3817 494
-25.2751 514
-25.1684 615
-25.0618 720
-24.9551 452
-24.8485 688
-24.7419 636
-24.6352 564
-24.5286 603
-24.4219 887
-24.3153 576
-24.2086 784
-24.102 576
-23.9953 551
-23.8887 634
-23.782 803
-23.6754 619
-23.5688 573
-23.4621 862
-23.3555 818
-23.2488 800
-23.1422 976
-23.0355 673
-22.9289 704
-22.8222 850
-22.7156 774
-22.6089 752
-22.5023 868
-22.3956 939
-22.289 796
-22.1824 1037
-22.0757 896
-21.9691 952
-21.8624 908
-21.7558 930
-21.6491 678
-21.5425 1154
-21.4358 885
-21.3292 863
-21.2225 973
-21.1159 1048
-21.0092 1033
-20.9026 1236
-20.796 1226
-20.6893 708
-20.5827 1211
-20.476 1334
-20.3694 914
-20.2627 1096
-20.1561 1314
-20.0494 879
-19.9428 1091
-19.8361 1117
-19.7295 1262
-19.6229 920
-19.5162 1284
-19.4096 1204
-19.3029 1133
-19.1963 2127
-19.0896 1371
-18.983 1133
-18.8763 1347
-18.7697 1250
-18.663 1472
-18.5564 1356
-18.4497 1078
-18.3431 1242
-18.2365 1309
-18.1298 1722
-18.0232 1319
-17.9165 1398
-17.8099 1870
-17.7032 1308
-17.5966 1423
-17.4899 1810
-17.3833 1438
-17.2766 1663
-17.17 1493
-17.0633 1428
-16.9567 1413
-16.8501 1727
-16.7434 1863
-16.6368 1988
-16.5301 1502
-16.4235 1692
-16.3168 2008
-16.2102 1703
-16.1035 1645
-15.9969 1568
-15.8902 1681
-15.7836 1975
-15.677 1916
-15.5703 1708
-15.4637 2165
-15.357 1807
-15.2504 2276
-15.1437 2071
-15.0371 1746
-14.9304 1958
-14.8238 2202
-14.7171 1580
-14.6105 2537
-14.5038 1841
-14.3972 1724
-14.2906 2124
-14.1839 1934
-14.0773 2206
-13.9706 2220
-13.864 2936
-13.7573 1896
-13.6507 2259
-13.544 2810
-13.4374 2020
-13.3307 1835
-13.2241 2401
-13.1175 1889
-13.0108 2303
-12.9042 2557
-12.7975 2234
-12.6909 2081
-12.5842 2954
-12.4776 2486
-12.3709 2006
-12.2643 3530
-12.1576 2488
-12.051 2180
-11.9443 2732
-11.8377 2364
-11.7311 2688
-11.6244 2384
-11.5178 2969
-11.4111 2219
-11.3045 2530
-11.1978 3595
-11.0912 2517
-10.9845 2096
-10.8779 3370
-10.7712 2553
-10.6646 2953
-10.5579 3096
-10.4513 2510
-10.3447 2902
-10.238 2747
-10.1314 2969
-10.0247 2526
-9.91807 2735
-9.81143 3914
-9.70478 3070
-9.59813 3091
-9.49149 3205
-9.38484 2888
-9.2782 2920
-9.17155 3237
-9.0649 2422
-8.95826 3087
-8.85161 3399
-8.74497 3166
-8.63832 3774
-8.53167 2858
-8.42503 3186
-8.31838 3773
-8.21174 3149
-8.10509 2972
-7.99845 3412
-7.8918 4250
-7.78515 2672
-7.67851 3650
-7.57186 3047
-7.46522 3308
-7.35857 3121
-7.25192 3846
-7.14528 3237
-7.03863 2867
-6.93199 5676
-6.82534 3118
-6.71869 3100
-6.61205 4048
-6.5054 3658
-6.39876 2981
-6.29211 3866
-6.18546 2800
-6.07882 3710
-5.97217 3939
-5.86553 4220
-5.75888 2960
-5.65223 4769
-5.54559 3706
-5.43894 2940
-5.3323 3665
-5.22565 4594
-5.119 3384
-5.01236 4338
-4.90571 3953
-4.79907 3724
-4.69242 3314
-4.58578 4268
-4.47913 3544
-4.37248 3425
-4.26584 4551
-4.15919 4204
-4.05255 4839
-3.9459 3627
-3.83925 3550
-3.73261 4168
-3.62596 4175
-3.51932 3780
-3.41267 3260
-3.30602 4392
-3.19938 3780
-3.09273 3566
-2.98609 3348
-2.87944 7033
-2.77279 4124
-2.66615 4083
-2.5595 4120
-2.45286 3838
-2.34621 3688
-2.23956 4444
-2.13292 3568
-2.02627 4251
-1.91963 4458
-1.81298 4878
-1.70633 5978
-1.59969 3220
-1.49304 4064
-1.3864 4147
-1.27975 4674
-1.17311 3961
-1.06646 4274
-0.959813 4747
-0.853167 4244
-0.746522 4083
-0.639876 3943
-0.53323 4656
-0.426584 3699
-0.319938 4538
-0.213292 4391
-0.106646 3582
0 7089
0.106646 4264
0.213292 3917
0.319938 4756
0.426584 4271
0.53323 3572
0.639876 4747
0.746522 3607
0.853167 4096
0.959813 4391
1.06646 6838
1.17311 3513
1.27975 5178
1.3864 4795
1.49304 4222
1.59969 3316
1.70633 5230
1.81298 4104
1.91963 5070
2.02627 4639
2.13292 4442
2.23956 4196
2.34621 5528
2.45286 4254
2.5595 3838
2.66615 4237
2.77279 5306
2.87944 5775
2.98609 4304
3.09273 4236
3.19938 4094
3.30602 5080
3.41267 4508
3.51932 3816
3.62596 4337
3.73261 4682
3.83925 4214
3.9459 3429
4.05255 7595
4.15919 4500
4.26584 4345
4.37248 4269
4.47913 4106
4.58578 3976
4.69242 4716
4.79907 4032
4.90571 4375
5.01236 4484
5.119 6006
5.22565 5400
5.3323 4399
5.43894 3878
5.54559 3844
5.65223 5171
5.75888 4298
5.86553 3820
5.97217 4683
6.07882 5202
6.18546 3608
6.29211 5552
6.39876 3723
6.5054 3836
6.61205 4440
6.71869 5026
6.82534 3428
6.93199 6620
7.03863 4197
7.14528 4087
7.25192 4222
7.35857 4579
7.46522 3480
7.57186 4089
7.67851 4786
7.78515 3550
7.8918 3984
7.99845 7110
8.10509 3626
8.21174 3705
8.31838 4733
8.42503 3610
8.53167 3310
8.63832 4922
8.74497 3724
8.85161 4517
8.95826 4399
9.0649 4542
9.17155 3831
9.2782 4516
9.38484 4120
9.49149 3259
9.59813 3729
9.70478 5676
9.81143 3870
9.91807 4179
10.0247 4098
10.1314 3609
10.238 3717
10.3447 4206
10.4513 3270
10.5579 3940
10.6646 3959
10.7712 4379
10.8779 6208
10.9845 2946
11.0912 3795
11.1978 3573
11.3045 4046
11.4111 3185
11.5178 3301
11.6244 4098
11.7311 3670
11.8377 3628
11.9443 3588
12.051 5176
12.1576 3500
12.2643 4452
12.3709 3720
12.4776 2866
12.5842 4018
12.6909 3559
12.7975 3336
12.9042 3617
13.0108 3947
13.1175 3405
13.2241 4161
13.3307 3207
13.4374 3140
13.544 3158
13.6507 4995
13.7573 2350
13.864 4040
13.9706 3642
14.0773 3552
14.1839 2706
14.2906 3658
14.3972 2612
14.5038 2959
14.6105 4021
14.7171 3436
14.8238 2770
14.9304 5240
15.0371 3044
15.1437 2865
15.2504 3130
15.357 3053
15.4637 2901
15.5703 3132
15.677 3204
15.7836 2973
15.8902 3419
15.9969 3934
16.1035 2575
16.2102 3011
16.3168 3672
16.4235 2744
16.5301 2636
16.6368 3500
16.7434 3067
16.8501 2883
16.9567 2961
17.0633 2478
17.17 2737
17.2766 3069
17.3833 2746
17.4899 2764
17.5966 2697
17.7032 3414
17.8099 3520
17.9165 2416
18.0232 2605
18.1298 2396
18.2365 2463
18.3431 2590
18.4497 2160
18.5564 2746
18.663 2960
18.7697 2460
18.8763 3757
18.983 1867
19.0896 2445
19.1963 3023
19.3029 2233
19.4096 2114
19.5162 2180
19.6229 2444
19.7295 2506
19.8361 2127
19.9428 2459
20.0494 2239
20.1561 2474
20.2627 3086
20.3694 1766
20.476 1988
20.5827 2739
20.6893 1656
20.796 2084
20.9026 2346
21.0092 2285
21.1159 1550
21.2225 2439
21.3292 1711
21.4358 1639
21.5425 2656
21.6491 2146
21.7558 1554
21.8624 2652
21.9691 1992
22.0757 1628
22.1824 1789
22.289 1796
22.3956 1479
22.5023 1928
22.6089 2288
22.7156 1498
22.8222 1808
22.9289 2254
23.0355 1409
23.1422 1610
23.2488 2032
23.3555 1618
23.4621 1880
23.5688 1389
23.6754 1731
23.782 1403
23.8887 1690
23.9953 1471
24.102 1284
24.2086 1678
24.3153 1518
24.4219 1719
24.5286 1365
24.6352 1788
24.7419 1562
24.8485 1424
24.9551 1306
25.0618 1080
25.1684 1269
25.2751 1500
25.3817 1102
25.4884 1517
25.595 1378
25.7017 1234
25.8083 1848
25.915 1236
26.0216 1108
26.1283 1369
26.2349 1321
26.3415 1096
26.4482 1016
26.5548 1192
26.6615 1358
26.7681 754
26.8748 1137
26.9814 1149
27.0881 1178
27.1947 1838
27.3014 1056
27.408 912
27.5147 1360
27.6213 834
27.7279 898
27.8346 985
27.9412 1008
28.0479 825
28.1545 1127
28.2612 1122
28.3678 741
28.4745 1172
28.5811 1400
28.6878 685
28.7944 986
28.901 1166
29.0077 780
29.1143 779
29.221 965
29.3276 760
29.4343 730
29.5409 1084
29.6476 852
29.7542 794
29.8609 1202
29.9675 951
30.0742 664
30.1808 853
30.2874 888
30.3941 822
30.5007 744
30.6074 650
30.714 737
30.8207 714
30.9273 700
31.034 734
31.1406 773
31.2473 862
31.3539 755
31.4606 846
31.5672 538
31.6738 690
31.7805 687
31.8871 575
31.9938 528
32.1004 534
32.2071 738
32.3137 634
32.4204 747
32.527 551
32.6337 686
32.7403 638
32.8469 702
32.9536 522
33.0602 533
33.1669 539
33.2735 546
33.3802 412
33.4868 463
33.5935 604
33.7001 324
33.8068 780
33.9134 437
34.0201 460
34.1267 706
34.2333 454
34.34 310
34.4466 376
34.5533 306
34.6599 430
34.7666 349
34.8732 420
34.9799 360
35.0865 490
35.1932 556
35.2998 274
35.4065 316
35.5131 537
35.6197 214
35.7264 314
35.833 420
35.9397 236
36.0463 289
36.153 413
36.2596 218
36.3663 202
36.4729 472
36.5796 344
36.6862 238
36.7928 356
36.8995 360
37.0061 172
37.1128 247
37.2194 265
37.3261 196
37.4327 236
37.5394 240
37.646 230
37.7527 200
37.8593 316
37.966 172
38.0726 176
38.1792 190
38.2859 220
38.3925 248
38.4992 148
38.6058 234
38.7125 154
38.8191 136
38.9258 116
39.0324 156
39.1391 218
39.2457 170
39.3524 217
39.459 124
39.5656 189
39.6723 165
39.7789 148
39.8856 168
39.9922 136
40.0989 87
40.2055 152
40.3122 80
40.4188 176
40.5255 120
40.6321 80
40.7387 156
40.8454 133
40.952 84
41.0587 156
41.1653 142
41.272 136
41.3786 62
41.4853 76
41.5919 94
41.6986 71
41.8052 178
41.9119 54
42.0185 89
42.1251 188
42.2318 88
42.3384 54
42.4451 159
42.5517 82
42.6584 52
42.765 92
42.8717 64
42.9783 48
43.085 104
43.1916 82
43.2982 58
43.4049 80
43.5115 138
43.6182 58
43.7248 74
43.8315 104
43.9381 64
44.0448 35
44.1514 70
44.2581 64
44.3647 57
44.4714 92
44.578 72
44.6846 64
44.7913 86
44.8979 78
45.0046 46
45.1112 40
45.2179 96
45.3245 66
45.4312 44
45.5378 50
45.6445 70
45.7511 30
45.8578 46
45.9644 68
46.071 68
46.1777 58
46.2843 61
46.391 79
46.4976 30
46.6043 74
46.7109 44
46.8176 58
46.9242 30
47.0309 60
47.1375 50
47.2441 44
47.3508 60
47.4574 44
47.5641 38
47.6707 52
47.7774 74
47.884 54
47.9907 36
48.0973 34
48.204 50
48.3106 18
48.4173 34
48.5239 67
48.6305 27
48.7372 80
48.8438 32
48.9505 26
49.0571 68
49.1638 44
49.2704 32
49.3771 36
49.4837 22
49.5904 28
49.697 42
49.8037 28
49.9103 44
50.0169 30
50.1236 28
50.2302 20
50.3369 20
50.4435 54
50.5502 26
50.6568 14
50.7635 26
50.8701 10
50.9768 11
51.0834 20
51.19 24
51.2967 32
51.4033 12
51.51 16
51.6166 26
51.7233 22
51.8299 18
51.9366 14
52.0432 4
52.1499 4
52.2565 18
52.3632 8
52.4698 18
52.5764 9
52.6831 2
52.7897 2
52.8964 2
53.003 6
53.1097 4
53.2163 0
53.323 1
