-70.5214 0
-69.111 0
-67.7005 0
-66.2901 0
-64.8797 0
-63.4692 1
-62.0588 5
-60.6484 18
-59.238 43
-57.8275 52
-56.4171 76
-55.0067 123
-53.5963 168
-52.1858 243
-50.7754 396
-49.365 541
-47.9545 802
-46.5441 1138
-45.1337 1623
-43.7233 2254
-42.3128 3044
-40.9024 4095
-39.492 5362
-38.0815 6904
-36.6711 8813
-35.2607 11205
-33.8503 13982
-32.4398 17395
-31.0294 21407
-29.619 26162
-28.2086 31509
-26.7981 37348
-25.3877 44050
-23.9773 51294
-22.5668 59359
-21.1564 67887
-19.746 76976
-18.3356 86388
-16.9251 96412
-15.5147 106254
-14.1043 116468
-12.6938 126216
-11.2834 135590
-9.87299 144632
-8.46257 152690
-7.05214 159947
-5.64171 166035
-4.23128 171205
-2.82086 174486
-1.41043 177186
0 177857
1.41043 177153
2.82086 174551
4.23128 171212
5.64171 166172
7.05214 159977
8.46257 152748
9.87299 144501
11.2834 135541
12.6938 126029
14.1043 116418
15.5147 106261
16.9251 96492
18.3356 86526
19.746 77113
21.1564 67997
22.5668 59384
23.9773 51209
25.3877 43888
26.7981 37186
28.2086 31380
29.619 26116
31.0294 21504
32.4398 17543
33.8503 14159
35.2607 11297
36.6711 8873
38.0815 6841
39.492 5267
40.9024 3966
42.3128 2969
43.7233 2198
45.1337 1612
46.5441 1177
47.9545 865
49.365 625
50.7754 430
52.1858 256
53.5963 157
55.0067 100
56.4171 58
57.8275 38
59.238 26
60.6484 16
62.0588 9
63.4692 1
64.8797 3
66.2901 4
67.7005 1
69.111 1
70.5214 1
