-68.0554 4
-62.5831 36
-62.3538 44
-57.9028 96
-57.7708 36
-57.7168 256
-57.5692 96
-57.4408 72
-57.1107 36
-56.5754 96
-54.641 576
-54.5891 192
-54.199 36
-53.5692 64
-53.2487 216
-52.9187 24
-52.5754 128
-52.3281 96
-52.2985 360
-51.9684 72
-51.6384 4
-50.5126 216
-49.8923 72
-49.8756 576
-49.6333 864
-49.5692 864
-49.5623 288
-49.0144 192
-48.7267 324
-48.5483 576
-48.4982 864
-48.4974 1152
-48.3122 2304
-48.1064 432
-47.7764 864
-47.7128 576
-47.4862 36
-47.2708 8
-47.1562 432
-46.8261 720
-46.641 1728
-46.5891 864
-46.3205 216
-46.2051 864
-45.9905 24
-45.7552 2304
-45.7003 24
-45.6333 1152
-45.5692 3072
-45.3703 864
-45.1845 1728
-45.0402 648
-44.9322 1152
-44.42 872
-44.2187 1728
-44.09 432
-44.0661 864
-43.9144 324
-43.8604 2304
-43.7526 1728
-43.7128 1728
-43.5844 864
-43.3786 1728
-43.2753 192
-43.2543 324
-42.9641 648
-42.8914 1728
-42.6912 864
-42.6859 864
-42.641 1728
-42.6341 2808
-42.4999 2304
-42.4415 4608
-42.4253 576
-42.3041 432
-42.0139 720
-41.9411 1152
-41.9028 32
-41.7984 72
-41.7552 3072
-41.6838 1512
-41.5692 2560
-41.3538 360
-41.1782 432
-41.0144 864
-40.9766 864
-40.9322 3072
-40.8897 1728
-40.8482 864
-40.7846 9216
-40.7038 4608
-40.5754 32
-40.5483 1728
-40.3426 36
-40.228 2376
-40.0822 864
-40.0661 1152
-39.8979 2592
-39.8891 576
-39.7128 2880
-39.6077 72
-39.5679 216
-39.4231 576
-39.3923 648
-39.3786 2304
-39.3722 1728
-39.2777 1368
-39.0936 864
-39.0623 72
-39.0503 5184
-38.9477 1368
-38.9077 2304
-38.7721 24
-38.6912 1152
-38.641 2304
-38.6274 4608
-38.6177 72
-38.5891 576
-38.5619 5184
-38.4421 4104
-38.4415 6144
-38.3628 576
-38.112 1296
-38.0958 5760
-37.9836 1728
-37.8564 13824
-37.8218 864
-37.7976 4608
-37.782 36
-37.7007 192
-37.6297 576
-37.576 3456
-37.5692 192
-37.546 864
-37.5055 1728
-37.4918 6528
-37.2346 1920
-37.2016 4
-37.1845 7776
-37.1618 2376
-37.124 7776
-36.9862 72
-36.9766 1152
-36.9322 1280
-36.8716 288
-36.7846 2976
-36.7685 1728
-36.6561 792
-36.5415 3780
-36.4365 1728
-36.3281 32
-36.3261 72
-36.2667 1728
-36.2187 5184
-36.2115 872
-36.1875 576
-36.0359 1296
-36.0015 1536
-35.8815 36
-35.7799 1728
-35.7526 576
-35.749 96
-35.7128 17280
-35.7059 5400
-35.5792 5184
-35.5276 10368
-35.3759 432
-35.3137 4608
-35.2753 864
-35.0935 1728
-35.0857 2592
-35.0503 6912
-34.8914 7776
-34.8702 324
-34.7556 9720
-34.6699 3456
-34.641 13248
-34.4558 20736
-34.4415 20736
-34.4256 864
-34.4253 1728
-34.3628 768
-34.3404 576
-34.25 1296
-34.2323 1728
-34.1354 1512
-34.0344 7776
-33.9593 96
-33.92 2592
-33.8756 1728
-33.8708 1728
-33.8564 13248
-33.8054 3456
-33.7662 10368
-33.6529 576
-33.6333 288
-33.6298 324
-33.5692 384
-33.5055 2304
-33.4754 288
-33.3001 576
-33.2998 6264
-33.2813 7776
-33.124 10368
-33.0953 20736
-33.0144 576
-32.9697 9072
-32.905 5760
-32.8738 1152
-32.7956 5184
-32.7846 51680
-32.6795 216
-32.6397 216
-32.5483 1728
-32.4982 288
-32.4641 216
-32.4389 16704
-32.4365 2304
-32.3495 10152
-32.2667 2304
-32.1341 24
-32.1082 15552
-32.0195 10152
-31.9728 1728
-31.8988 20736
-31.8891 1728
-31.8439 72
-31.749 128
-31.7293 360
-31.7128 57600
-31.6894 216
-31.5792 6912
-31.5777 1728
-31.5568 864
-31.5276 27648
-31.5138 3312
-31.4852 1728
-31.4231 9504
-31.3992 3456
-31.3722 7776
-31.2992 4608
-31.2509 5184
-31.1838 2088
-31.1278 4608
-31.1116 1920
-31.0692 3780
-30.9282 13824
-30.8936 864
-30.8693 5184
-30.8538 8
-30.6456 192
-30.641 5184
-30.6274 20736
-30.5891 288
-30.5636 14376
-30.5634 5184
-30.5619 10368
-30.4415 27648
-30.3751 576
-30.3404 768
-30.2336 6264
-30.2051 288
-30.1892 1536
-30.1819 7776
-30.0958 17280
-30.058 324
-30.0344 10368
-30.004 2304
-29.9676 15552
-29.9434 2808
-29.8564 50976
-29.7552 1536
-29.7279 864
-29.7153 10368
-29.7007 864
-29.6891 96
-29.6529 768
-29.6133 15984
-29.576 15552
-29.5692 1024
-29.5031 256
-29.4366 5760
-29.3979 324
-29.3246 15552
-29.2833 6528
-29.2346 5760
-29.1845 5184
-29.1077 2088
-28.9931 872
-28.9706 32896
-28.9322 768
-28.7956 6912
-28.7846 70560
-28.7777 9000
-28.7685 7776
-28.6631 5112
-28.6435 20736
-28.6371 5184
-28.5851 41472
-28.579 5184
-28.5754 1920
-28.4673 7776
-28.4477 1296
-28.3931 13824
-28.3331 1512
-28.2187 5184
-28.1715 3456
-28.1574 9072
-28.1094 24192
-28.1082 20736
-28.0661 288
-28.0584 1728
-27.9192 20736
-27.8988 27648
-27.8274 23328
-27.7799 7776
-27.7798 15552
-27.7526 5184
-27.7128 47808
-27.6433 10368
-27.5568 1152
-27.5372 216
-27.5276 11520
-27.4974 4104
-27.469 864
-27.3983 1728
-27.3786 576
-27.3218 432
-27.3137 46080
-27.283 2304
-27.2753 576
-27.2509 6912
-27.2482 5184
-27.2072 9720
-27.1278 6144
-27.0935 576
-27.0923 7776
-27.0614 1152
-26.9918 864
-26.9282 49536
-26.9225 576
-26.8914 5184
-26.8772 22464
-26.8693 6912
-26.8474 41472
-26.7821 19200
-26.7016 72
-26.6912 288
-26.6859 288
-26.6699 15552
-26.641 576
-26.5634 6912
-26.5471 2808
-26.541 15552
-26.4862 4
-26.4415 15360
-26.4253 1728
-26.3754 192
-26.3715 7992
-26.316 5184
-26.2623 3456
-26.2569 3780
-26.235 576
-26.2323 7776
-26.1819 10368
-26.1231 10368
-26.0415 9216
-25.9411 768
-25.9269 5112
-25.9209 576
-25.8708 7776
-25.8564 87552
-25.8535 20736
-25.7662 31104
-25.7552 1024
-25.7513 864
-25.7153 27648
-25.7115 648
-25.6728 5184
-25.6569 55296
-25.5969 720
-25.5692 288
-25.5359 216
-25.4869 13824
-25.4548 1728
-25.4213 22464
-25.3777 864
-25.3246 20736
-25.3001 9504
-25.2653 10368
-25.2059 24
-25.166 5184
-25.1071 576
-25.0913 22464
-25.0513 20736
-25.0144 288
-25.013 20736
-24.9962 15552
-24.9766 288
-24.9706 29952
-24.9322 1024
-24.9157 24
-24.905 17280
-24.8897 576
-24.8738 5184
-24.8011 864
-24.7846 80640
-24.7612 864
-24.641 576
-24.6371 6912
-24.6147 7776
-24.5856 4104
-24.5851 55296
-24.5483 576
-24.471 22464
-24.4673 10368
-24.4662 1728
-24.4389 36288
-24.3087 17280
-24.2556 1296
-24.1552 1728
-24.141 15984
-24.0822 288
-24 50688
-23.9728 5184
-23.9654 2592
-23.9616 96
-23.9412 41472
-23.9272 5184
-23.9256 36
-23.9192 55296
-23.8891 1728
-23.8767 7776
-23.8508 432
-23.811 864
-23.7798 20736
-23.7798 16704
-23.7574 1728
-23.7128 8640
-23.6908 20736
-23.6354 21328
-23.6212 1728
-23.5777 7776
-23.5208 5112
-23.4514 15552
-23.4231 1728
-23.3983 2304
-23.3722 5184
-23.3562 3456
-23.3452 36
-23.3137 19200
-23.3054 7992
-23.2397 864
-23.2169 6912
-23.1907 3456
-23.1278 20736
-23.1116 5760
-23.0936 288
-23.0923 10368
-23.0699 17280
-23.0503 1728
-23.0151 5400
-22.9282 68256
-22.9225 768
-22.9186 1728
-22.8607 72
-22.8476 1728
-22.7997 216
-22.7667 1728
-22.764 1728
-22.7639 864
-22.6851 50004
-22.6456 864
-22.641 1728
-22.6274 15360
-22.5807 4608
-22.5619 15552
-22.541 20736
-22.4525 34560
-22.4415 18432
-22.3824 15552
-22.3628 192
-22.3591 10368
-22.3551 14376
-22.235 768
-22.2126 576
-22.1795 1296
-22.1451 13824
-22.1231 27648
-22.0958 17280
-22.0649 6528
-22.0251 324
-21.9864 24192
-21.9836 576
-21.9676 69984
-21.9067 1728
-21.8564 185184
-21.8535 27648
-21.8495 5400
-21.7349 34344
-21.7153 11520
-21.7007 576
-21.6569 59904
-21.6297 1728
-21.5913 1728
-21.576 10368
-21.5601 1152
-21.546 288
-21.5251 75168
-21.5203 576
-21.5195 432
-21.5055 576
-21.4447 36
-21.4366 17280
-21.4048 9720
-21.3777 1152
-21.2346 5760
-21.2292 9216
-21.1845 2592
-21.166 6912
-21.1436 576
-21.1252 16704
-21.124 2592
-21.1146 1368
-21.0748 24
-21.0138 36
-21.013 55296
-20.9962 20736
-20.9706 17376
-20.8992 32184
-20.8377 15552
-20.7846 116860
-20.7685 5184
-20.6679 5184
-20.6591 5760
-20.6147 10368
-20.609 216
-20.5994 20736
-20.5851 186624
-20.5754 5760
-20.5692 3312
-20.563 15552
-20.4561 576
-20.4546 1368
-20.4365 576
-20.3936 432
-20.3114 576
-20.3107 93312
-20.3087 23040
-20.2863 5184
-20.279 23328
-20.2667 576
-20.2187 1728
-20.1875 192
-20.1715 15552
-20.1502 864
-20.1246 36
-20.1094 95904
-20.0636 864
-20.0584 7776
-20 37440
-19.9804 20736
-19.949 53568
-19.9272 6912
-19.9192 23040
-19.7979 576
-19.7799 5184
-19.7734 324
-19.7574 2304
-19.7526 192
-19.749 32
-19.7128 7488
-19.6588 432
-19.6433 31104
-19.6212 2304
-19.6189 5400
-19.5988 47232
-19.5792 1728
-19.5276 6912
-19.453 3456
-19.4514 20736
-19.4502 1728
-19.4433 6264
-19.3319 192
-19.3287 15984
-19.3137 141696
-19.2929 576
-19.2753 288
-19.2482 10368
-19.2397 1152
-19.2389 186624
-19.2169 18432
-19.1772 864
-19.1745 1728
-19.1278 27648
-19.1133 9072
-19.0935 5184
-19.0699 23040
-19.0614 5184
-19.0475 96
-18.9987 34344
-18.9885 4608
-18.9841 10368
-18.9282 406368
-18.9114 5184
-18.8914 2592
-18.8231 792
-18.7833 216
-18.7821 57600
-18.764 2304
-18.7416 20736
-18.7085 72
-18.6699 10368
-18.6687 2592
-18.6539 15552
-18.641 576
-18.5181 576
-18.5146 20736
-18.4931 33192
-18.4415 13824
-18.4356 7776
-18.4253 576
-18.3869 96
-18.3824 20736
-18.3785 3456
-18.3754 864
-18.36 1728
-18.3404 192
-18.316 10368
-18.2623 15552
-18.2323 5184
-18.2126 768
-18.1631 33192
-18.1231 11520
-18.1229 19200
-18.0644 7776
-18.0541 53568
-18.0484 5112
-18.0424 20736
-18.0344 2592
-17.9875 24
-17.9593 32
-17.9209 1728
-17.9067 2304
-17.8784 20736
-17.8728 4104
-17.8708 5184
-17.8564 398592
-17.833 792
-17.7662 31104
-17.7184 432
-17.6725 7776
-17.6574 864
-17.6569 330816
-17.6529 192
-17.5692 32
-17.5428 53568
-17.5251 100224
-17.4548 7776
-17.4428 41472
-17.4046 6912
-17.3666 5184
-17.3274 648
-17.3001 1728
-17.2813 2592
-17.2713 41472
-17.2653 46656
-17.2617 576
-17.2128 50004
-17.1968 17280
-17.1908 5760
-17.1436 768
-17.1071 1728
-17.0718 13824
-17.0372 864
-17.013 23040
-16.9226 2376
-16.905 17280
-16.8828 864
-16.8738 3456
-16.8578 3456
-16.8377 20736
-16.8153 15552
-16.7956 24192
-16.7956 1728
-16.7846 90432
-16.7185 1152
-16.7072 14376
-16.6679 6912
-16.641 9504
-16.5926 34344
-16.5851 248832
-16.5093 47232
-16.4662 7776
-16.4561 768
-16.4389 50112
-16.417 8
-16.3772 6264
-16.3328 13824
-16.3296 34560
-16.3107 248832
-16.2863 6912
-16.2683 5184
-16.2625 22464
-16.2016 36
-16.1552 7776
-16.1502 1152
-16.1476 256
-16.1278 17280
-16.1082 5184
-16.0869 9000
-16.0823 13824
-16 284736
-15.9804 27648
-15.9728 5184
-15.9723 720
-15.958 7776
-15.9344 576
-15.9325 648
-15.8988 13824
-15.8891 576
-15.8715 72
-15.8635 1728
-15.8607 3456
-15.7798 36288
-15.7569 55512
-15.7477 1152
-15.7128 20160
-15.652 5184
-15.6467 2304
-15.6423 5112
-15.6085 62208
-15.5988 62976
-15.5777 5184
-15.5568 288
-15.5415 36
-15.5276 9216
-15.4852 576
-15.4684 5760
-15.4403 1728
-15.4269 21328
-15.4231 3168
-15.3722 2592
-15.3562 15552
-15.3137 57600
-15.3123 3780
-15.2929 768
-15.2705 53568
-15.2513 648
-15.2509 1728
-15.2169 7680
-15.1367 14376
-15.1278 15360
-15.1116 5760
-15.0969 72
-15.0617 192
-15.0475 128
-15.0023 5184
-14.9645 5184
-14.9282 594720
-14.9213 2808
-14.9186 7776
-14.9114 6912
-14.8693 1728
-14.8476 576
-14.8067 80352
-14.7871 20736
-14.7507 15552
-14.7416 27648
-14.7287 41472
-14.6546 1728
-14.6456 576
-14.6274 13824
-14.5913 432
-14.583 75168
-14.5634 1728
-14.5619 3456
-14.5571 864
-14.5367 124416
-14.5146 55296
-14.4984 10368
-14.4766 23328
-14.4722 864
-14.4525 103680
-14.4415 9216
-14.4356 10368
-14.4132 1728
-14.3751 192
-14.36 2304
-14.3591 46656
-14.3431 55296
-14.301 9072
-14.2862 2304
-14.1885 1728
-14.1864 10152
-14.1819 2592
-14.1466 24
-14.0958 5760
-14.0541 71424
-14.0424 27648
-14.0317 5184
-13.9864 95904
-13.971 23328
-13.9676 46656
-13.9516 10368
-13.8564 469080
-13.7934 1920
-13.7552 256
-13.7257 53568
-13.7153 6912
-13.7007 288
-13.6891 32
-13.6808 648
-13.6725 10368
-13.6569 269568
-13.641 4104
-13.5913 5184
-13.576 5184
-13.5601 5184
-13.5264 10152
-13.5203 1728
-13.4366 17280
-13.4266 20736
-13.4046 18432
-13.3666 6912
-13.3621 5184
-13.3508 32184
-13.3442 20736
-13.3273 24192
-13.3246 5184
-13.2713 55296
-13.2362 1512
-13.2346 1920
-13.1968 23040
-13.1762 13824
-13.1252 36288
-13.0718 49536
-13.0382 20736
-13.0208 74304
-12.991 41472
-12.9706 43392
-12.9546 10368
-12.9322 128
-12.9061 5112
-12.8684 7776
-12.8612 10368
-12.8415 1728
-12.8153 20736
-12.7846 37248
-12.7685 2592
-12.7305 432
-12.7185 3072
-12.7023 62208
-12.6907 9000
-12.6863 4608
-12.6591 17280
-12.6567 15552
-12.6371 1728
-12.5851 138240
-12.579 1728
-12.5761 872
-12.5754 5760
-12.563 69984
-12.5151 2376
-12.5093 62976
-12.4869 15552
-12.4673 2592
-12.4661 16704
-12.4005 50004
-12.3107 103680
-12.264 864
-12.2521 96
-12.1851 2592
-12.181 15552
-12.1715 10368
-12.1278 23040
-12.1094 72576
-12.1054 864
-12.0705 80352
-12.0661 256
-12.0584 5184
-12 460768
-11.958 10368
-11.9192 13824
-11.8988 9216
-11.8949 864
-11.8551 216
-11.814 2304
-11.7994 67392
-11.7979 1728
-11.7803 648
-11.7799 2592
-11.7798 5184
-11.7405 9072
-11.7128 5760
-11.652 6912
-11.6433 31104
-11.6305 124416
-11.6085 165888
-11.566 576
-11.5649 22464
-11.5339 16704
-11.4935 7776
-11.469 288
-11.453 15552
-11.4503 22464
-11.4502 7776
-11.4403 2304
-11.4179 1728
-11.3983 576
-11.38 1536
-11.3319 864
-11.3137 153600
-11.2705 71424
-11.2482 15552
-11.2349 22464
-11.1949 20736
-11.1585 1728
-11.1388 10368
-11.1278 18432
-11.1202 34344
-11.1119 15552
-11.0935 192
-11.0923 2592
-11.0614 3456
-11.0454 10368
-10.9841 31104
-10.9645 6912
-10.9446 3312
-10.9421 47232
-10.9282 633600
-10.9225 192
-10.9062 93312
-10.9048 864
-10.7902 2376
-10.7821 57600
-10.7304 864
-10.7292 360
-10.7287 55296
-10.6727 24192
-10.6699 5184
-10.6539 69984
-10.6146 74304
-10.583 100224
-10.5606 5184
-10.541 5184
-10.5181 9504
-10.5146 23040
-10.5 3780
-10.4984 27648
-10.4559 1728
-10.4415 4608
-10.4132 2304
-10.3992 72
-10.3754 576
-10.3431 59904
-10.316 15552
-10.2846 55512
-10.27 4608
-10.2623 10368
-10.2547 67392
-10.235 192
-10.2323 2592
-10.2066 1920
-10.17 3456
-10.1436 13824
-10.1231 6912
-10.1229 57600
-10.109 864
-10.0848 41472
-10.0692 4
-10.0484 10368
-10.0317 6912
-9.99439 6264
-9.95458 2592
-9.94113 128
-9.92087 1728
-9.87312 15552
-9.87078 2592
-9.85641 165888
-9.8535 6912
-9.83997 360
-9.83437 186624
-9.81151 1728
-9.79611 20736
-9.77898 6528
-9.7789 96
-9.76621 10368
-9.72572 71424
-9.7153 9216
-9.67284 1728
-9.66436 80352
-9.65685 453600
-9.56716 15552
-9.48876 36
-9.45479 5184
-9.44896 2376
-9.40456 7680
-9.39737 15552
-9.37774 288
-9.34543 1728
-9.34419 27648
-9.33434 53568
-9.30013 3168
-9.27135 186624
-9.26531 31104
-9.26173 1728
-9.24932 15552
-9.19077 17280
-9.16601 1728
-9.15874 5400
-9.10707 1728
-9.0718 68256
-9.04413 2592
-9.03823 27648
-9.01584 75168
-9.01302 13824
-9.00432 1296
-8.99772 5184
-8.99621 5184
-8.97056 19968
-8.93834 192
-8.90501 5760
-8.87376 1728
-8.86844 10368
-8.85777 15552
-8.82872 50004
-8.79565 95904
-8.78461 45056
-8.74474 864
-8.72432 41472
-8.71851 1280
-8.71411 34344
-8.70988 17280
-8.70228 165888
-8.65983 7776
-8.65671 20736
-8.64099 1728
-8.61469 2592
-8.58506 165888
-8.53164 5760
-8.4987 14376
-8.48691 20736
-8.47388 20736
-8.46622 5184
-8.43893 12096
-8.38408 15984
-8.32957 103680
-8.32835 53568
-8.3231 72
-8.30873 5760
-8.2887 13824
-8.25229 1152
-8.20848 21328
-8.18095 20736
-8.16868 324
-8.15856 5184
-8.15525 5184
-8.13926 3456
-8.13651 1728
-8.10538 1152
-8.09387 288
-8.06556 576
-8.05406 432
-8.02239 1728
-8 853632
-7.99308 288
-7.98186 96
-7.97285 1728
-7.96164 32
-7.9272 1728
-7.91919 18432
-7.87846 113256
-7.87673 2592
-7.86349 7776
-7.86074 15552
-7.8526 5184
-7.81405 3072
-7.79942 89856
-7.77979 50112
-7.76385 3456
-7.7574 576
-7.74771 5184
-7.67043 34560
-7.64087 7776
-7.62124 576
-7.60845 69120
-7.58825 324
-7.57772 2592
-7.54844 32184
-7.49346 10368
-7.47107 67392
-7.46836 17280
-7.45144 5184
-7.43383 1512
-7.4179 2304
-7.37284 2592
-7.35616 10368
-7.31371 57600
-7.25822 22464
-7.23971 288
-7.21842 72
-7.2169 4608
-7.20435 24192
-7.16511 576
-7.14223 3456
-7.12776 13824
-7.11194 20736
-7.11164 1920
-7.08954 15552
-7.06992 5760
-7.06166 864
-7.04282 9720
-7.00228 10368
-6.94862 1728
-6.94214 62976
-6.9282 765576
-6.91858 5184
-6.90617 248832
-6.84763 5184
-6.80923 5760
-6.78358 53568
-6.76667 576
-6.76396 576
-6.76393 288
-6.7526 216
-6.75068 69984
-6.74303 2304
-6.73827 576
-6.73041 1152
-6.72865 186624
-6.7128 864
-6.65457 5184
-6.64556 288
-6.63799 24
-6.62742 4608
-6.61379 576
-6.59818 22464
-6.56061 6912
-6.49839 11520
-6.4525 103680
-6.42258 23328
-6.40205 5184
-6.38243 5184
-6.35914 31104
-6.34315 330816
-6.30797 9720
-6.26816 324
-6.25465 89856
-6.23226 5184
-6.21263 192
-6.20389 20736
-6.18849 576
-6.14359 13248
-6.14108 864
-6.12307 9216
-6.09609 576
-6.09256 53568
-5.98642 72576
-5.97794 34344
-5.96759 23328
-5.9516 46656
-5.9263 75168
-5.91696 36
-5.90667 576
-5.87707 19200
-5.87312 20736
-5.85641 111168
-5.80234 1296
-5.79611 55296
-5.79337 5760
-5.7789 128
-5.76254 5400
-5.75366 576
-5.68773 36
-5.65685 199680
-5.64792 6528
-5.5913 5184
-5.58694 432
-5.56771 1536
-5.56716 20736
-5.56005 3456
-5.54477 53568
-5.52515 25056
-5.52034 1728
-5.48194 576
-5.47232 55512
-5.43664 5760
-5.39737 20736
-5.38253 186624
-5.35771 872
-5.34612 15552
-5.32729 95904
-5.27135 248832
-5.25692 720
-5.23881 15552
-5.16324 864
-5.15251 864
-5.14362 192
-5.1423 113256
-5.13209 41472
-5.12522 50112
-5.09383 93312
-5.0718 406368
-5.06902 1728
-5.02769 3780
-5.01586 10368
-5.01584 100224
-5.01302 18432
-4.97056 5792
-4.9667 216
-4.95457 46656
-4.8612 31104
-4.85728 20736
-4.85208 1296
-4.84154 7776
-4.83766 5184
-4.81228 9216
-4.78461 12768
-4.70988 23040
-4.70228 69120
-4.69766 288
-4.68749 17280
-4.68629 46080
-4.66815 192
-4.66786 1728
-4.65914 17280
-4.63668 10152
-4.58506 124416
-4.57544 1920
-4.56302 46656
-4.55132 864
-4.54978 1728
-4.54703 3456
-4.52206 53568
-4.46608 36288
-4.45613 192
-4.39512 864
-4.38153 5184
-4.36764 4
-4.32835 71424
-4.31143 1728
-4.31073 62208
-4.30666 10152
-4.28633 1728
-4.20207 576
-4.19204 80352
-4.18595 2304
-4.17148 5184
-4.15856 6912
-4.15017 288
-4.10936 31968
-4.05844 2592
-4.04245 1728
-4.02239 2304
-4.02203 186624
-4.01644 4104
-4 1312608
-3.98037 6912
-3.97664 216
-3.95755 1728
-3.90183 864
-3.86202 6264
-3.8526 6912
-3.79793 1728
-3.77159 4608
-3.71281 576
-3.68857 576
-3.68642 53568
-3.64328 10368
-3.64087 10368
-3.61847 5184
-3.60488 864
-3.59885 15744
-3.58642 41472
-3.5718 15984
-3.53392 36288
-3.52764 1152
-3.47107 89856
-3.45297 10368
-3.45022 5184
-3.44868 864
-3.43698 15552
-3.41494 41472
-3.3564 50004
-3.34086 5760
-3.33185 576
-3.31371 117504
-3.31251 17280
-3.29772 62208
-3.29289 192
-3.24815 3456
-3.24178 22464
-3.2169 6144
-3.1772 288
-3.17445 576
-3.16511 768
-3.15846 7776
-3.14272 20736
-3.1388 31104
-3.12776 9216
-3.08954 20736
-3.06618 7992
-3.06142 1728
-3.04752 32
-3.04543 46656
-3.02638 864
-2.98414 31104
-2.95157 72
-2.93098 1728
-2.9282 540864
-2.91176 864
-2.91136 1728
-2.90617 103680
-2.87478 16704
-2.85078 872
-2.84749 864
-2.83676 864
-2.78358 71424
-2.78207 19200
-2.76119 15552
-2.74156 6912
-2.73616 113256
-2.72865 248832
-2.67271 95904
-2.66154 2304
-2.65388 46656
-2.62155 1368
-2.61379 768
-2.52075 432
-2.51806 1728
-2.51462 13824
-2.47966 576
-2.47636 13824
-2.45523 53568
-2.44146 2304
-2.43995 1152
-2.4356 2592
-2.4087 1728
-2.40614 74304
-2.40205 6912
-2.38695 32
-2.37536 288
-2.36004 576
-2.34315 269568
-2.31599 3456
-2.29152 1368
-2.26233 5184
-2.24634 576
-2.23226 6912
-2.23054 2808
-2.22592 124416
-2.20663 5760
-2.20389 55296
-2.14359 50976
-2.12293 57600
-2.11592 9072
-2.09609 768
-2.07612 2088
-2.0737 75168
-2.06439 2592
-2.05408 17856
-2.0484 46656
-2.04236 13824
-2.01358 24192
-1.9615 72
-1.9263 100224
-1.92087 576
-1.90391 576
-1.90052 15984
-1.85892 864
-1.85641 168768
-1.81151 576
-1.79611 23040
-1.79031 2304
-1.7859 80352
-1.76774 5184
-1.67255 2592
-1.65685 494784
-1.64086 10368
-1.59795 5184
-1.5705 6528
-1.5475 34560
-1.54477 71424
-1.50161 10368
-1.45588 50004
-1.45479 2592
-1.40456 4608
-1.38621 576
-1.36659 1728
-1.34543 5184
-1.28028 14376
-1.27135 138240
-1.26531 15552
-1.26173 1728
-1.24932 69984
-1.23881 20736
-1.21642 53568
-1.19679 5760
-1.19077 17280
-1.16566 2808
-1.16324 1152
-1.15237 1728
-1.12586 432
-1.10707 576
-1.09383 248832
-1.08142 1728
-1.0718 594720
-1.06902 2304
-1.05138 1728
-0.997717 10368
-0.950259 80352
-0.938344 864
-0.930688 2304
-0.910457 15552
-0.872245 4608
-0.865423 4608
-0.857768 10368
-0.857283 27648
-0.835644 22464
-0.834891 576
-0.815265 5184
-0.795649 72576
-0.78461 6912
-0.71851 768
-0.687488 23040
-0.686292 19200
-0.680249 124416
-0.660043 72
-0.643838 3456
-0.640994 3168
-0.620237 23328
-0.585057 82944
-0.551323 1152
-0.531636 17280
-0.52893 67392
-0.509304 15744
-0.505622 9720
-0.46622 2592
-0.444637 720
-0.429809 20736
-0.391548 62208
-0.381527 6912
-0.359135 7776
-0.330021 33192
-0.329569 103680
-0.310734 82944
-0.290216 24
-0.268281 1728
-0.25229 5184
-0.220211 16704
-0.215406 360
-0.185953 3072
-0.175601 216
-0.155248 2592
-0.147403 5184
-0.139258 15552
-0.136512 7776
-0.127777 5760
-0.114615 1512
-0.0181437 96
0 1697316
0.0223925 1728
0.0420188 2592
0.0655553 1728
0.101234 2304
0.114615 1512
0.136512 5184
0.139258 10368
0.155248 1728
0.158558 5184
0.175601 216
0.215406 360
0.220211 12096
0.25229 3456
0.290216 24
0.328353 53568
0.329569 103680
0.330021 33192
0.34798 1728
0.381527 6912
0.391548 41472
0.429809 20736
0.444637 720
0.46622 1728
0.505622 9720
0.531636 17280
0.551323 1152
0.559711 576
0.585057 55296
0.620237 23328
0.640994 576
0.643838 5184
0.659829 7776
0.660043 72
0.680249 124416
0.686292 19200
0.687488 23040
0.702282 165888
0.70988 17280
0.71851 1152
0.729507 17856
0.744735 864
0.78461 9216
0.795649 95904
0.835644 22464
0.857283 27648
0.857768 15552
0.865423 4608
0.872245 4608
0.930688 2304
0.938344 576
0.950259 80352
0.997717 15552
1.01584 75168
1.03547 1728
1.06902 2304
1.0718 361728
1.08142 2592
1.10707 576
1.12586 432
1.15237 192
1.16324 1152
1.16566 2808
1.19077 17280
1.23881 20736
1.24932 46656
1.26173 1728
1.26531 10368
1.27135 138240
1.28028 14376
1.34543 5184
1.37258 2304
1.39737 15552
1.40456 6912
1.41699 25056
1.44292 288
1.45479 1728
1.45588 50004
1.48538 18432
1.50161 6912
1.52783 288
1.54477 71424
1.5475 34560
1.56716 15552
1.5705 6528
1.58679 576
1.64086 15552
1.65685 453600
1.7789 96
1.7859 80352
1.79031 2304
1.79611 23040
1.81151 5184
1.85641 87552
1.87312 15552
1.90052 15984
1.92087 576
1.9263 100224
1.95764 9216
1.9615 72
1.96832 1728
2.01358 31968
2.04236 20736
2.0484 31104
2.07612 2088
2.09609 768
2.11592 9072
2.12293 57600
2.14359 83232
2.20663 5760
2.22592 124416
2.23054 2808
2.23226 6912
2.25465 67392
2.26233 3456
2.27428 17856
2.2847 1152
2.29152 1368
2.31599 5184
2.34315 179712
2.37536 192
2.40205 6912
2.40614 74304
2.4087 1728
2.43995 1728
2.45594 1728
2.47636 13824
2.47966 576
2.49839 27648
2.51462 20736
2.51806 9504
2.52075 432
2.56061 5184
2.59544 6144
2.61379 768
2.62155 1368
2.63789 1728
2.65388 69984
2.65581 6912
2.66154 2304
2.67271 72576
2.72865 165888
2.73041 864
2.73616 113256
2.78207 19200
2.78358 71424
2.85078 872
2.87478 12096
2.90617 103680
2.91176 864
2.9282 633600
2.94214 47232
2.95157 72
2.96177 6912
2.98414 31104
3.02638 864
3.02944 9216
3.04543 31104
3.06142 1152
3.06618 7992
3.08954 20736
3.11194 15552
3.12776 6144
3.13156 2592
3.1388 31104
3.15846 5184
3.16511 768
3.21539 4576
3.24178 22464
3.24815 5184
3.28149 1024
3.29772 41472
3.31371 141696
3.33185 864
3.34086 5760
3.34329 5184
3.3564 50004
3.41494 41472
3.4179 1728
3.43698 23328
3.45022 7776
3.45297 15552
3.47107 89856
3.49346 7776
3.51309 5184
3.53392 50112
3.566 576
3.5718 15984
3.58642 41472
3.60845 165888
3.64087 10368
3.64328 10368
3.68642 53568
3.73599 288
3.74795 32
3.77159 4608
3.79793 1728
3.79942 67392
3.81905 5184
3.8526 6912
3.86202 6264
3.89462 288
3.90183 864
3.97664 216
4 758976
4.01644 4104
4.02203 186624
4.02239 2304
4.05844 1728
4.08081 2304
4.10538 864
4.10936 24192
4.15856 6912
4.17148 3456
4.18095 15552
4.18595 1536
4.19204 80352
4.20058 22464
4.20207 576
4.25205 96
4.26401 864
4.30666 10152
4.31073 93312
4.32835 71424
4.36764 4
4.39155 55296
4.434 192
4.46608 50112
4.48691 15552
4.50654 2592
4.52206 53568
4.54703 5184
4.54978 2592
4.56302 69984
4.57544 1920
4.5821 576
4.58506 186624
4.63668 10152
4.65671 15552
4.65914 17280
4.66815 288
4.68629 46080
4.69766 288
4.70228 69120
4.70988 23040
4.71851 3072
4.78461 2976
4.81228 9216
4.84154 5184
4.85208 1296
4.8612 31104
4.86844 7776
4.88806 5184
4.95457 31104
4.9667 216
4.97056 32896
5.01584 100224
5.01586 10368
5.02769 3780
5.03823 20736
5.05786 15744
5.0718 332928
5.09383 62208
5.12522 36288
5.13209 41472
5.1423 113256
5.25692 720
5.26959 288
5.27135 165888
5.32729 72576
5.34419 20736
5.34612 23328
5.35771 872
5.36211 5184
5.38253 186624
5.39737 20736
5.40456 18432
5.43664 5760
5.43939 1728
5.47232 55512
5.48194 3168
5.50161 9216
5.52034 1728
5.54406 576
5.56005 5184
5.56716 20736
5.56771 1536
5.58694 432
5.5913 5184
5.64792 6528
5.65685 199680
5.68773 36
5.72572 53568
5.74535 22464
5.76254 5400
5.7789 128
5.79337 5760
5.80234 1296
5.85641 185184
5.87312 20736
5.87693 1152
5.87707 19200
5.91696 36
5.9516 31104
5.96759 15552
5.97794 34344
5.98642 95904
6.03168 5184
6.04236 27648
6.09256 53568
6.12688 5184
6.14359 4608
6.18849 5184
6.20389 13824
6.2211 32
6.25465 89856
6.26816 324
6.30797 9720
6.34315 200352
6.35914 46656
6.41321 1728
6.42258 23328
6.43284 5184
6.4525 103680
6.47217 864
6.49839 11520
6.51462 55296
6.55708 864
6.56061 6912
6.58301 75168
6.59818 22464
6.60263 5184
6.62742 4608
6.63799 24
6.64556 192
6.65457 5184
6.7128 864
6.72865 124416
6.73041 1152
6.73827 576
6.74303 2304
6.75068 46656
6.7526 216
6.80923 5760
6.84763 576
6.91858 7776
6.9282 765576
6.94214 62976
6.96453 5184
6.98416 25056
6.98698 2304
7.00228 15552
7.02944 3328
7.04282 9720
7.06166 576
7.11164 1920
7.11194 20736
7.12776 20736
7.14223 5184
7.20435 31968
7.21539 2304
7.2169 6912
7.21842 72
7.25526 288
7.25822 22464
7.27049 53568
7.29012 5760
7.29772 55296
7.31371 57600
7.34017 2592
7.35616 15552
7.37284 2592
7.4179 2304
7.43383 1512
7.44029 1728
7.46836 17280
7.49346 10368
7.54844 32184
7.57772 1728
7.58825 324
7.60845 69120
7.65202 5184
7.67043 34560
7.67165 17856
7.71281 576
7.74771 3456
7.76385 3456
7.77979 36288
7.79942 89856
7.84144 1728
7.86074 10368
7.86349 5184
7.87846 113256
7.93444 1728
7.95798 7776
7.97285 1728
7.97761 576
7.99308 288
8 605760
8.01814 32
8.05406 432
8.09387 288
8.10538 1152
8.12778 17280
8.13651 2592
8.13926 5184
8.1474 1728
8.15525 7776
8.16868 324
8.18095 20736
8.18595 1024
8.20848 21328
8.25229 1728
8.26828 5184
8.2887 13824
8.31073 248832
8.3231 72
8.32957 103680
8.35913 2592
8.38408 15984
8.43893 16704
8.46622 7776
8.47388 20736
8.48691 20736
8.4987 14376
8.5093 47232
8.52893 22464
8.53164 5760
8.58506 248832
8.64099 9504
8.65671 20736
8.71411 34344
8.71851 1280
8.72432 41472
8.7831 768
8.78461 51680
8.79565 72576
8.81526 15552
8.82872 50004
8.83489 192
8.85777 10368
8.86844 10368
8.87224 2304
8.87376 1152
8.90501 5760
8.91046 5184
8.93834 288
8.97056 29952
8.99772 3456
9.00432 1296
9.01302 20736
9.03823 27648
9.04413 2592
9.05138 576
9.0718 122976
9.09383 82944
9.10707 1728
9.15874 5400
9.19077 17280
9.19679 17280
9.21642 17856
9.24932 23328
9.26173 1728
9.26531 46656
9.27135 124416
9.30013 576
9.33434 53568
9.34419 27648
9.34543 1728
9.36659 5184
9.38621 192
9.40456 7680
9.44896 2376
9.45479 7776
9.48876 36
9.59795 1728
9.65685 494784
9.66436 80352
9.67255 7776
9.72572 71424
9.76621 10368
9.76774 1728
9.77898 6528
9.79611 13824
9.81151 192
9.83437 186624
9.83997 360
9.85641 398592
9.85892 288
9.87078 1728
9.90391 192
9.92087 1728
9.95458 2592
9.99439 6264
10.0317 6912
10.0484 15552
10.0541 53568
10.0644 7776
10.0692 4
10.0737 25056
10.0848 41472
10.109 864
10.1229 57600
10.1231 10368
10.1436 16992
10.17 3456
10.2039 18432
10.2066 1920
10.2323 1728
10.2463 192
10.2623 15552
10.27 4608
10.2846 55512
10.316 10368
10.3431 59904
10.36 1728
10.3754 864
10.3869 96
10.3992 72
10.4132 2304
10.4356 7776
10.4415 4608
10.4552 17856
10.5 3780
10.5146 23040
10.5181 1728
10.583 100224
10.6146 74304
10.6539 46656
10.6699 3456
10.6727 31968
10.7287 82944
10.7292 360
10.7416 20736
10.7612 5184
10.7821 57600
10.7902 2376
10.8368 288
10.8475 288
10.9048 864
10.9062 62208
10.9114 5184
10.9282 540864
10.931 576
10.9446 3312
10.9645 6912
10.9841 31104
11.0454 15552
11.0475 96
11.0614 5184
11.0935 1728
11.1202 34344
11.1278 27648
11.1388 10368
11.1427 6912
11.1585 2592
11.1745 1728
11.1772 864
11.1949 20736
11.2169 18432
11.2349 22464
11.2482 10368
11.2705 71424
11.2929 576
11.3125 5760
11.3137 153600
11.3319 576
11.38 1536
11.4149 20736
11.4403 2304
11.4487 288
11.4502 5184
11.4503 22464
11.453 10368
11.5339 12096
11.5649 22464
11.5988 47232
11.6049 288
11.6185 1728
11.6305 124416
11.6433 31104
11.652 6912
11.6893 10368
11.7128 1728
11.7405 9072
11.7799 1728
11.7803 648
11.7979 1728
11.814 1536
11.8551 216
11.8949 864
11.9192 20736
11.9575 576
11.958 10368
11.9804 20736
12 547040
12.0425 576
12.0584 7776
12.0661 256
12.0705 80352
12.1094 95904
12.1278 23040
12.1502 864
12.1715 15552
12.1851 2592
12.2863 5184
12.3107 103680
12.3114 1728
12.3815 1728
12.3951 288
12.4005 50004
12.4561 576
12.4661 12096
12.5093 62976
12.5151 2376
12.5513 288
12.563 46656
12.5754 5760
12.5761 872
12.5851 138240
12.6591 17280
12.6679 5184
12.6863 12672
12.6875 5760
12.6907 9000
12.7023 41472
12.7305 432
12.7685 1728
12.7846 70560
12.8153 20736
12.8377 15552
12.8415 2592
12.8573 6912
12.8612 10368
12.9061 5112
12.9546 15552
12.9706 17376
12.991 41472
13.013 55296
13.0208 74304
13.069 576
13.0718 66816
13.1252 50112
13.1436 576
13.1525 288
13.1632 288
13.1762 13824
13.1968 23040
13.2346 1920
13.2362 1512
13.2388 5184
13.2713 82944
13.3273 31968
13.3508 32184
13.3666 6912
13.4266 20736
13.4366 17280
13.4854 2304
13.5203 1728
13.5251 75168
13.5264 10152
13.5448 17856
13.5601 3456
13.576 3456
13.5913 5184
13.6297 576
13.641 4104
13.6569 179712
13.6725 10368
13.6808 648
13.7007 192
13.7153 10368
13.7537 192
13.7934 1920
13.7961 18432
13.8564 469080
13.9067 1728
13.9263 25056
13.9516 15552
13.9576 2304
13.9676 69984
13.971 23328
13.9864 72576
14.0541 71424
14.0958 5760
14.0961 192
14.1231 27648
14.1411 288
14.1436 4608
14.1466 24
14.1864 10152
14.1885 192
14.2126 576
14.2323 1728
14.2862 2304
14.301 9072
14.3431 82944
14.3591 31104
14.36 2304
14.3824 15552
14.4021 1728
14.4356 10368
14.4415 6144
14.4525 103680
14.4766 23328
14.4984 6912
14.5367 124416
14.5619 5184
14.5913 432
14.5954 768
14.6138 192
14.6274 20736
14.641 576
14.6456 864
14.6546 1728
14.7287 41472
14.7416 27648
14.7507 23328
14.7639 864
14.764 1728
14.7667 1728
14.7836 17856
14.7871 20736
14.8067 80352
14.8476 5184
14.9062 82944
14.9114 6912
14.9186 5184
14.9213 2808
14.9282 361728
14.9486 576
15.0023 3456
15.0475 128
15.0617 288
15.0699 17280
15.0895 5184
15.0969 72
15.1116 5760
15.1278 15360
15.1367 14376
15.1651 192
15.2154 608
15.2169 7680
15.2397 864
15.2513 648
15.2815 128
15.2929 768
15.3123 3780
15.3137 57600
15.3562 10368
15.3722 1728
15.4231 576
15.4269 21328
15.4514 15552
15.4684 5760
15.4711 22464
15.5415 36
15.5777 7776
15.5988 62976
15.6085 41472
15.6212 1728
15.6409 2592
15.6423 5112
15.6467 2304
15.7128 2880
15.7477 1728
15.7569 55512
15.7574 1728
15.7798 50112
15.814 1024
15.8526 1728
15.8607 5184
15.8635 2592
15.8715 72
15.8767 7776
15.8891 576
15.8988 20736
15.9192 55296
15.9272 5184
15.9325 648
15.9616 96
15.9723 720
15.9728 5184
15.9804 27648
15.9819 32
16 334848
16.0224 576
16.0823 13824
16.0869 9000
16.1476 256
16.1502 1152
16.1552 5184
16.1586 1728
16.2016 36
16.2625 22464
16.2863 6912
16.3087 17280
16.3284 17856
16.3296 34560
16.3328 13824
16.3772 6264
16.3915 6912
16.417 8
16.4389 36288
16.4561 768
16.4662 5184
16.5851 165888
16.5926 34344
16.6147 7776
16.641 1728
16.6598 2592
16.6679 6912
16.7023 55296
16.7072 14376
16.7099 5760
16.7185 768
16.7447 288
16.7846 80640
16.7956 31968
16.8377 20736
16.8578 5184
16.8738 5184
16.8828 864
16.905 17280
16.9226 2376
16.9962 15552
17.013 23040
17.0158 25056
17.0372 864
17.0718 55008
17.1071 1728
17.1436 768
17.166 5184
17.1908 5760
17.2128 50004
17.2617 576
17.2653 31104
17.2713 41472
17.3001 9504
17.3274 648
17.3777 864
17.3974 5184
17.4046 4608
17.4428 41472
17.4548 5184
17.5016 1152
17.5251 100224
17.5428 53568
17.5672 5184
17.6569 200352
17.6574 864
17.6728 5184
17.7153 27648
17.7184 432
17.7662 31104
17.7789 32
17.833 792
17.8535 20736
17.8564 165888
17.8708 7776
17.8728 4104
17.8731 5184
17.8784 20736
17.9067 2304
17.9209 1728
17.9875 24
18.0424 13824
18.0484 5112
18.1229 19200
18.1231 11520
18.1631 33192
18.2126 768
18.2323 7776
18.235 576
18.2547 22464
18.2623 10368
18.316 15552
18.3431 29952
18.3754 576
18.3785 3456
18.3824 20736
18.4253 576
18.4415 20736
18.4559 576
18.4931 33192
18.4984 9216
18.5146 13824
18.5181 3168
18.541 15552
18.5606 1728
18.6539 23328
18.6687 2592
18.6699 15552
18.7085 72
18.7304 288
18.764 2304
18.7821 57600
18.7833 216
18.8231 792
18.8914 1728
18.9225 576
18.9282 332928
18.9421 15744
18.9841 10368
18.9885 4608
18.9987 34344
19.0294 1024
19.0614 3456
19.0699 23040
19.0923 7776
19.0935 576
19.1119 5184
19.1133 9072
19.1278 18432
19.2389 186624
19.2397 1152
19.2482 15552
19.2753 192
19.2977 6912
19.3137 117504
19.3287 15984
19.3319 288
19.3983 1728
19.4179 576
19.4433 6264
19.4502 2592
19.4514 20736
19.453 5184
19.469 864
19.4935 2592
19.5276 10368
19.566 192
19.6085 55296
19.6189 5400
19.6212 2304
19.6433 31104
19.6588 432
19.7128 17280
19.7526 1728
19.7574 2304
19.7734 324
19.7798 15552
19.7799 7776
19.7979 576
19.7994 22464
19.8988 27648
19.9192 23040
19.9272 6912
19.949 53568
20 61440
20.0584 5184
20.0636 864
20.1054 288
20.1094 72576
20.1246 36
20.1715 10368
20.181 5184
20.186 256
20.2187 1728
20.2521 32
20.264 288
20.279 23328
20.3087 23040
20.3107 62208
20.3936 432
20.4546 1368
20.4673 7776
20.4869 5184
20.563 23328
20.5692 3312
20.5754 5760
20.579 5184
20.5851 124416
20.5994 20736
20.609 216
20.6147 10368
20.6371 5184
20.6567 5184
20.6591 5760
20.7185 1024
20.7685 7776
20.7846 116860
20.8684 2592
20.8992 32184
20.9706 43392
20.9962 20736
21.0138 36
21.0382 6912
21.0718 25344
21.0748 24
21.0938 10368
21.1146 1368
21.1252 12096
21.166 6912
21.1845 1728
21.2292 9216
21.2346 5760
21.3246 15552
21.3442 6912
21.3621 1728
21.3777 1152
21.4046 6144
21.4048 9720
21.4366 17280
21.4447 36
21.5195 432
21.5203 576
21.5601 1728
21.576 15552
21.5913 1728
21.6569 59904
21.6891 96
21.7007 864
21.7153 11520
21.7257 17856
21.7349 34344
21.8495 5400
21.8535 27648
21.8564 111168
21.9676 46656
21.9864 31968
22.0251 324
22.0317 1728
22.0424 9216
22.0649 6528
22.0958 17280
22.1451 13824
22.1795 1296
22.1819 7776
22.2039 2304
22.235 768
22.3431 18432
22.3551 14376
22.3591 15552
22.3751 576
22.4132 576
22.4415 27648
22.4525 34560
22.4722 288
22.5146 18432
22.541 20736
22.5571 288
22.5619 10368
22.5634 5184
22.5807 4608
22.583 25056
22.6274 15360
22.641 1728
22.6456 576
22.6851 50004
22.7287 20736
22.7997 216
22.8476 192
22.8607 72
22.8693 5184
22.9186 2592
22.9225 768
22.9282 122976
22.9645 1728
23.0151 5400
23.0923 10368
23.1116 5760
23.1278 13824
23.1907 3456
23.2169 4608
23.2509 5184
23.2705 17856
23.3054 7992
23.3137 19200
23.3452 36
23.3562 5184
23.3722 7776
23.3983 2304
23.4231 9504
23.4403 576
23.4852 1728
23.5208 5112
23.5276 27648
23.5568 864
23.5777 5184
23.6354 21328
23.652 1728
23.6908 20736
23.7128 57600
23.7798 12096
23.7798 20736
23.811 864
23.8508 432
23.8891 1728
23.9256 36
23.9412 41472
23.958 2592
23.9654 2592
23.9728 5184
24 87104
24.1082 15552
24.1278 5760
24.141 15984
24.1552 2592
24.2556 1296
24.2683 1728
24.3107 82944
24.4389 50112
24.4662 2592
24.4673 10368
24.471 22464
24.5093 15744
24.5483 576
24.5851 82944
24.5856 4104
24.6371 6912
24.641 3168
24.7612 864
24.7846 90432
24.7956 5184
24.8011 864
24.8153 5184
24.8738 3456
24.905 17280
24.9157 24
24.9706 19968
25.013 13824
25.0144 192
25.0513 20736
25.0913 22464
25.1071 576
25.1968 5760
25.2059 24
25.2653 15552
25.2713 20736
25.2813 7776
25.3001 1728
25.3246 20736
25.3666 1728
25.4213 22464
25.4548 2592
25.4869 13824
25.5359 216
25.5692 96
25.5969 720
25.6529 576
25.6569 82944
25.6725 2592
25.7115 648
25.7513 864
25.7662 31104
25.7961 2304
25.8564 168768
25.8708 5184
25.8756 576
25.9209 576
25.9269 5112
25.9411 1152
25.9593 96
26.0344 7776
26.0415 9216
26.0541 17856
26.0644 2592
26.1231 6912
26.1819 10368
26.2323 5184
26.2569 3780
26.2623 5184
26.316 3456
26.3404 576
26.36 576
26.3715 7992
26.3754 288
26.3869 32
26.4253 1728
26.4356 2592
26.4415 15360
26.4862 4
26.5471 2808
26.5634 6912
26.641 1728
26.6699 10368
26.7016 72
26.7416 6912
26.7821 19200
26.8474 41472
26.8693 6912
26.8772 22464
26.8914 7776
26.9062 10368
26.9114 1728
26.9282 66816
26.9918 864
27.0475 32
27.0614 1728
27.0935 5184
27.1278 9216
27.1745 576
27.1772 288
27.2072 9720
27.2169 6144
27.2482 3456
27.2509 6912
27.2753 864
27.283 2304
27.2929 192
27.3137 46080
27.3218 432
27.4974 4104
27.5276 11520
27.5372 216
27.5568 1152
27.5792 5184
27.5988 15744
27.6433 10368
27.7128 47808
27.749 96
27.7526 576
27.7799 5184
27.814 256
27.8274 23328
27.9192 13824
27.9804 6912
28 18432
28.0584 2592
28.1082 20736
28.1094 31968
28.1502 288
28.1574 9072
28.1715 5184
28.1875 576
28.2187 5184
28.2667 1728
28.2863 1728
28.3331 1512
28.3931 13824
28.4365 1728
28.4477 1296
28.4561 192
28.5754 1920
28.5851 41472
28.6435 20736
28.6631 5112
28.6679 1728
28.7023 6912
28.7685 5184
28.7777 9000
28.7846 37248
28.7956 6912
28.8377 5184
28.9322 1152
28.9706 5792
28.9931 872
29.013 18432
29.0718 5472
29.1077 2088
29.124 7776
29.1436 192
29.1845 7776
29.2346 5760
29.2833 6528
29.3979 324
29.4366 5760
29.5031 256
29.5055 1728
29.5251 25056
29.546 864
29.5692 64
29.576 10368
29.6133 15984
29.6297 1728
29.6529 768
29.6569 29952
29.7007 576
29.7153 6912
29.7279 864
29.7552 2304
29.8564 83232
29.9067 576
29.9434 2808
29.9676 23328
29.9836 1728
30.004 2304
30.0344 10368
30.058 324
30.0958 17280
30.1231 9216
30.1892 1536
30.2126 192
30.2336 6264
30.3404 768
30.3431 9216
30.3628 576
30.3824 5184
30.4415 18432
30.4984 1152
30.5619 15552
30.5636 14376
30.5891 192
30.6274 13824
30.641 2304
30.6456 288
30.7639 288
30.764 576
30.7667 576
30.8538 8
30.8936 864
30.9282 55008
31.0503 5184
31.0692 3780
31.0699 5760
31.0936 864
31.1116 1920
31.1278 4608
31.1838 2088
31.2397 288
31.2992 4608
31.3722 5184
31.3992 3456
31.4231 1728
31.4514 5184
31.5138 3312
31.5777 2592
31.5792 6912
31.6085 6912
31.6212 576
31.6894 216
31.7128 8640
31.7293 360
31.749 128
31.7574 576
31.8439 72
31.8767 2592
31.8891 1728
31.8988 13824
31.9192 18432
31.9272 1728
31.9616 32
31.9728 1728
32 8448
32.0195 10152
32.0822 864
32.1341 24
32.2667 2304
32.3087 5760
32.3495 10152
32.4365 2304
32.4389 12096
32.4641 216
32.5483 1728
32.6147 2592
32.6397 216
32.6795 216
32.7185 128
32.7846 45056
32.8738 1728
32.8897 1728
32.905 5760
32.9322 3072
32.9697 9072
32.9766 864
32.9962 5184
33.0144 864
33.0953 20736
33.124 10368
33.166 1728
33.2998 6264
33.3001 3168
33.3777 288
33.4046 768
33.4754 288
33.5055 2304
33.5692 864
33.6298 324
33.6569 18432
33.6728 1728
33.7153 9216
33.7552 3072
33.7662 10368
33.8054 3456
33.8535 6912
33.8564 4608
33.8708 2592
33.92 2592
34.0424 2304
34.1354 1512
34.2323 2592
34.235 192
34.25 1296
34.3628 768
34.4253 1728
34.4256 864
34.4415 13824
34.4558 20736
34.5146 2304
34.541 5184
34.641 13248
34.6699 5184
34.6859 864
34.6912 864
34.7556 9720
34.8702 324
34.8914 5184
34.9225 192
34.9282 25344
35.0503 6912
35.0857 2592
35.0923 2592
35.0935 192
35.2753 576
35.3137 12672
35.3759 432
35.3786 1728
35.3983 576
35.469 288
35.5276 6912
35.7059 5400
35.7128 7488
35.7526 5184
35.7798 5184
35.7799 2592
35.8815 36
35.8988 9216
36 5088
36.0015 1536
36.0359 1296
36.0661 864
36.2115 872
36.2187 5184
36.3107 10368
36.3261 72
36.4673 2592
36.5415 3780
36.579 1728
36.5851 20736
36.6371 1728
36.6561 792
36.7685 2592
36.7846 12768
36.8716 288
36.9322 1280
36.9706 9216
36.9766 1152
36.9862 72
37.1618 2376
37.1845 5184
37.2016 4
37.2346 1920
37.3246 5184
37.4918 6528
37.5692 3072
37.576 5184
37.6891 32
37.7007 288
37.782 36
37.7976 4608
37.8218 864
37.8564 16992
38.0958 5760
38.112 1296
38.1819 2592
38.2051 864
38.3751 192
38.4415 9216
38.4421 4104
38.5619 3456
38.5634 1728
38.5891 864
38.6177 72
38.6274 4608
38.641 5184
38.6912 1152
38.7721 24
38.8693 1728
38.9077 2304
38.9477 1368
39.0623 72
39.1278 2304
39.2169 768
39.2509 1728
39.2777 1368
39.3722 2592
39.3786 2304
39.3923 648
39.4231 3168
39.4852 576
39.5276 9216
39.5568 288
39.5679 216
39.6077 72
39.7128 20160
39.8891 576
39.8979 2592
40.0661 1152
40.1082 5184
40.228 2376
40.3426 36
40.4982 864
40.5483 1728
40.7038 4608
40.7846 6912
40.7956 1728
40.8482 864
40.9706 3328
41.013 2304
41.0144 576
41.1782 432
41.2813 2592
41.3538 360
41.5692 2560
41.6333 864
41.6529 192
41.6569 9216
41.6838 1512
41.7984 72
41.8564 4608
41.8756 1728
41.9411 768
41.9593 32
42.0139 720
42.0344 2592
42.1231 1152
42.3041 432
42.3404 192
42.4253 576
42.4415 4608
42.4999 2304
42.6341 2808
42.641 576
42.8914 2592
42.9282 5472
42.9641 648
43.2543 324
43.2753 288
43.5792 1728
43.5844 864
43.7128 5760
43.749 32
43.7526 192
43.8604 2304
43.9144 324
43.9192 2304
44.09 432
44.1875 192
44.2187 1728
44.2667 576
44.3281 96
44.42 872
44.4365 576
44.7846 4576
44.9322 768
45.0402 648
45.124 2592
45.1845 2592
45.3703 864
45.5055 576
45.546 288
45.5692 192
45.6333 1152
45.7003 24
45.7153 1152
45.7552 1536
45.9836 576
45.9905 24
46.3205 216
46.3628 192
46.5891 576
46.6274 2304
46.641 1728
46.8261 720
47.0503 1728
47.0936 288
47.1562 432
47.2708 8
47.4862 36
47.7764 864
47.8988 2304
48 768
48.0822 288
48.1064 432
48.3122 2304
48.4974 1152
48.5483 576
48.5754 96
48.7267 324
48.7846 2304
48.8897 576
48.9322 1024
48.9766 288
49.0144 288
49.5623 288
49.5692 384
49.7552 1024
49.8923 72
49.9028 96
50.4415 2304
50.5126 216
50.641 576
50.6859 288
50.6912 288
51.3786 576
51.5276 1152
51.6384 4
51.7128 576
51.9684 72
52.0661 288
52.2985 360
52.5754 128
52.9187 24
52.9706 1024
53.2487 216
53.5692 1024
54.199 36
54.2051 288
54.5891 288
56.4982 288
56.7846 608
57.1107 36
57.4408 72
57.5692 288
57.6333 288
57.7168 256
57.7708 36
57.9411 128
60.3281 32
60.9322 128
61.7552 256
62.3538 44
62.5831 36
64.5754 32
65.5692 32
65.9028 32
68.0554 4
