-36.9322 4
-27.5276 36
-24.7846 96
-21.7153 36
-20.9706 96
-20.7846 128
-19.9192 72
-18.1231 36
-17.6569 192
-17.013 72
-15.2169 24
-12.3107 324
-10.9282 864
-10.5146 72
-9.65685 864
-9.40456 24
-8.78461 32
-8.71851 4
-8 1152
-7.60845 216
-6.9282 1152
-6.49839 36
-6.34315 192
-4.97056 32
-4.70228 216
-4 1248
-2.90617 324
-1.79611 72
-1.65685 576
0 580
1.65685 864
1.79611 72
2.90617 324
2.9282 864
4.70228 216
5.0718 288
6.34315 288
6.49839 36
6.9282 1152
7.60845 216
8 768
8.71851 4
9.40456 24
9.65685 576
10.5146 72
12 416
12.3107 324
12.9706 96
15.2169 24
16.7846 96
17.013 72
17.6569 288
18.1231 36
18.9282 288
19.9192 72
20.7846 128
21.7153 36
24 128
27.5276 36
28.9706 32
32.7846 32
36.9322 4
