-59.7128 8
-55.4256 64
-54.6274 128
-51.7128 128
-49.2429 128
-48 344
-45.8564 128
-44.7846 384
-43.7128 2384
-43.3137 2048
-41.5692 2048
-40.7846 1024
-39.8384 2048
-39.7128 256
-38.9282 64
-38.6274 2560
-37.8564 2624
-36.7846 1088
-35.7128 896
-35.3137 6144
-34.641 1024
-34.026 2048
-33.8564 1536
-32.7846 6144
-32.2299 6144
-32 19488
-31.7128 256
-30.9282 3328
-30.4338 4608
-29.8564 39776
-29.3238 6144
-28.7846 2688
-27.7128 40528
-27.5276 4096
-27.3137 40960
-26.9282 6144
-25.8564 13312
-25.0718 64
-24.7846 7168
-24.6215 32768
-24 22624
-23.7128 256
-22.9282 25600
-22.8254 16384
-22.6274 11008
-21.8564 18368
-21.7153 4096
-21.0292 2048
-20.7846 23936
-20.6863 2048
-20 4352
-19.9192 36864
-19.7128 896
-19.3137 92160
-18.9282 38912
-18.8091 4608
-18.1436 128
-18.1231 4096
-17.8564 14848
-17.0718 3328
-17.013 36864
-16.7846 7168
-16 346448
-15.7128 256
-15.2169 75264
-14.9282 23296
-14.1068 16384
-13.8564 402240
-13.4208 6144
-13.0718 6144
-12.7846 2688
-12.6863 6144
-12.3107 49152
-12 35328
-11.7128 2384
-11.6247 128
-11.3137 176128
-10.9282 45056
-10.5146 36864
-10.1436 2624
-9.85641 14848
-9.40456 75264
-9.37258 128
-9.0718 25600
-8.78461 6144
-8 289440
-7.60845 99328
-6.9282 248704
-6.62742 2560
-6.49839 4096
-6.14359 1536
-5.85641 18368
-5.81234 32768
-5.0718 38912
-4.78461 1088
-4.70228 99328
-4.68629 40960
-4.28719 8
-4 39680
-3.71281 128
-3.59222 2048
-3.31371 92160
-3.21539 384
-2.9282 45056
-2.90617 49152
-2.14359 39776
-1.85641 13312
-1.79611 36864
-1.11006 6144
-1.0718 23296
-0.78461 1024
0 1993456
0.78461 1024
1.0718 23296
1.11006 6144
1.79611 36864
1.85641 13312
2.14359 39776
2.90617 49152
2.9282 45056
3.21539 384
3.31371 92160
3.59222 2048
3.71281 128
4 39680
4.28719 8
4.68629 40960
4.70228 99328
4.78461 1088
5.0718 38912
5.81234 32768
5.85641 18368
6.14359 1536
6.49839 4096
6.62742 2560
6.9282 248704
7.60845 99328
8 289440
8.78461 6144
9.0718 25600
9.37258 128
9.40456 75264
9.85641 14848
10.1436 2624
10.5146 36864
10.9282 45056
11.3137 176128
11.6247 128
11.7128 2384
12 35328
12.3107 49152
12.6863 6144
12.7846 2688
13.0718 6144
13.4208 6144
13.8564 402240
14.1068 16384
14.9282 23296
15.2169 75264
15.7128 256
16 346448
16.7846 7168
17.013 36864
17.0718 3328
17.8564 14848
18.1231 4096
18.1436 128
18.8091 4608
18.9282 38912
19.3137 92160
19.7128 896
19.9192 36864
20 4352
20.6863 2048
20.7846 23936
21.0292 2048
21.7153 4096
21.8564 18368
22.6274 11008
22.8254 16384
22.9282 25600
23.7128 256
24 22624
24.6215 32768
24.7846 7168
25.0718 64
25.8564 13312
26.9282 6144
27.3137 40960
27.5276 4096
27.7128 40528
28.7846 2688
29.3238 6144
29.8564 39776
30.4338 4608
30.9282 3328
31.7128 256
32 19488
32.2299 6144
32.7846 6144
33.8564 1536
34.026 2048
34.641 1024
35.3137 6144
35.7128 896
36.7846 1088
37.8564 2624
38.6274 2560
38.9282 64
39.7128 256
39.8384 2048
40.7846 1024
41.5692 2048
43.3137 2048
43.7128 2384
44.7846 384
45.8564 128
48 344
49.2429 128
51.7128 128
54.6274 128
55.4256 64
59.7128 8
