-35.0382
-34.9719
-34.8999
-34.6894
-34.5956
-33.0483
-32.994
-32.8394
-32.8089
-31.5235
-31.4983
-31.4829
-31.4579
-31.3313
-31.3064
-31.2681
-31.2436
-30.2692
-30.2233
-29.8034
-29.7765
-29.754
-29.7278
-29.581
-29.5567
-29.5291
-29.522
-29.4875
-29.4622
-29.0864
-29.0561
-28.188
-28.1455
-27.7092
-27.6787
-27.6433
-27.6201
-27.4441
-26.4131
-26.347
-26.2935
-26.2638
-26.1546
-26.1509
-26.131
-26.126
-26.096
-26.0709
-26.0706
-26.0555
-26.0477
-26.0427
-26.0226
-25.9905
-25.9699
-25.9225
-25.8775
-25.8269
-25.8146
-25.801
-25.7659
-25.7467
-25.7063
-25.6588
-25.6123
-25.5863
-25.5482
-25.4965
-25.4155
-25.3683
-24.9432
-24.8059
-24.7386
-24.6298
-24.539
-24.538
-24.5112
-24.5086
-24.4741
-24.4688
-24.4522
-24.4503
-24.4406
-24.4359
-24.3957
-24.3895
-24.3811
-24.3678
-24.3546
-24.3461
-24.3271
-24.301
-24.2917
-24.2825
-24.2707
-24.255
-24.2525
-24.1782
-24.1733
-24.1545
-24.1526
-24.1295
-24.125
-24.1173
-24.1092
-24.0948
-24.0433
-24.0334
-24.0244
-23.951
-23.9051
-23.7437
-23.7338
-23.7204
-23.7113
-23.6818
-23.592
-23.5403
-23.5331
-23.4324
-23.3776
-23.3692
-23.3476
-23.3243
-23.3025
-23.2952
-23.28
-23.2794
-23.2652
-23.2555
-23.2356
-22.9658
-22.9504
-22.9263
-22.912
-22.6145
-22.6093
-22.5729
-22.5437
-22.5421
-22.5207
-22.5051
-22.5005
-22.4997
-22.4726
-22.4618
-22.4499
-22.4329
-22.432
-22.4295
-22.4181
-22.396
-22.3954
-22.3886
-22.3636
-22.3274
-22.3087
-22.3006
-22.2875
-22.2727
-22.2522
-22.2108
-22.1882
-22.1562
-22.1515
-22.1435
-22.1326
-22.1283
-22.1198
-22.1146
-22.0942
-22.0812
-22.076
-22.0617
-22.0563
-22.0468
-22.0228
-22.0005
-21.9942
-21.9613
-21.946
-21.904
-21.8902
-21.8448
-21.8366
-21.8266
-21.8205
-21.8062
-21.7522
-21.748
-21.7129
-21.704
-21.6841
-21.6646
-21.6596
-21.628
-21.5843
-21.5593
-21.5413
-21.535
-21.4966
-21.4468
-21.4402
-21.3774
-21.3395
-21.3292
-21.2677
-21.2092
-21.0671
-21.0496
-21.0319
-21.0248
-21.0208
-21.0139
-20.9947
-20.9914
-20.9889
-20.9616
-20.8511
-20.8378
-20.8281
-20.8185
-20.8166
-20.8137
-20.8069
-20.797
-20.7888
-20.7805
-20.7733
-20.757
-20.7546
-20.7458
-20.742
-20.7338
-20.7285
-20.7179
-20.6805
-20.6552
-20.6136
-20.6025
-20.5879
-20.586
-20.5735
-20.5432
-20.5327
-20.4945
-20.4841
-20.4625
-20.4541
-20.4193
-20.4077
-20.3744
-20.3623
-20.3208
-20.3034
-20.2702
-20.2581
-20.2372
-20.2253
-20.1966
-20.1905
-20.182
-20.1764
-20.1674
-20.1489
-20.1341
-20.0986
-20.0134
-20.006
-19.9421
-19.9179
-19.7844
-19.7531
-19.7077
-19.6551
-19.6003
-19.5757
-19.526
-19.5094
-19.4731
-19.4698
-19.4498
-19.4192
-19.4048
-19.3801
-19.3571
-19.3471
-19.3436
-19.3395
-19.3327
-19.323
-19.3201
-19.3139
-19.3124
-19.3059
-19.289
-19.2784
-19.2771
-19.2727
-19.2448
-19.24
-19.2347
-19.2294
-19.2161
-19.2068
-19.1926
-19.1903
-19.1852
-19.1707
-19.1693
-19.1643
-19.1614
-19.1593
-19.1545
-19.1492
-19.1321
-19.1315
-19.1226
-19.1207
-19.1165
-19.1107
-19.099
-19.0894
-19.0868
-19.0718
-19.0707
-19.0581
-19.0357
-18.9988
-18.979
-18.9771
-18.9736
-18.96
-18.9532
-18.9418
-18.9304
-18.9208
-18.9102
-18.899
-18.8951
-18.892
-18.8884
-18.8794
-18.8791
-18.8698
-18.8673
-18.8562
-18.847
-18.8381
-18.8321
-18.8076
-18.8057
-18.7956
-18.6628
-18.6321
-18.6293
-18.6229
-18.6167
-18.5974
-18.591
-18.5654
-18.5589
-18.5468
-18.5092
-18.4955
-18.4065
-18.3773
-18.3639
-18.3402
-18.3374
-18.3251
-18.3129
-18.2896
-18.2865
-18.236
-18.2181
-18.2019
-18.1725
-18.1687
-18.1604
-18.0968
-18.0678
-18.0168
-17.966
-17.9418
-17.9179
-17.9149
-17.9116
-17.8878
-17.878
-17.8577
-17.8494
-17.8439
-17.8192
-17.7966
-17.7478
-17.7208
-17.7077
-17.7
-17.6811
-17.674
-17.6549
-17.6422
-17.64
-17.6277
-17.6219
-17.618
-17.6082
-17.6022
-17.5904
-17.5882
-17.5845
-17.5733
-17.5624
-17.5561
-17.5535
-17.54
-17.5302
-17.5235
-17.5168
-17.5095
-17.4924
-17.4856
-17.4809
-17.476
-17.4562
-17.4458
-17.4415
-17.4249
-17.423
-17.4075
-17.398
-17.3969
-17.3903
-17.38
-17.3759
-17.3492
-17.3482
-17.3466
-17.3187
-17.3112
-17.2988
-17.2881
-17.2873
-17.2848
-17.2651
-17.2234
-17.2072
-17.2056
-17.1988
-17.1808
-17.1739
-17.169
-17.144
-17.1214
-17.0894
-17.0786
-17.068
-17.0607
-17.0527
-17.0524
-17.0297
-17.028
-17.021
-16.9821
-16.9724
-16.9542
-16.9457
-16.9319
-16.9247
-16.8957
-16.8922
-16.8861
-16.8851
-16.8558
-16.8543
-16.8521
-16.8507
-16.842
-16.8296
-16.8215
-16.8064
-16.7694
-16.7655
-16.7547
-16.7531
-16.7423
-16.74
-16.7278
-16.7121
-16.7061
-16.6943
-16.6895
-16.6866
-16.6573
-16.6479
-16.637
-16.6349
-16.6273
-16.6245
-16.6132
-16.6125
-16.6089
-16.6044
-16.5997
-16.5972
-16.5933
-16.5836
-16.5794
-16.5781
-16.5748
-16.5723
-16.5703
-16.546
-16.5418
-16.5383
-16.5361
-16.5302
-16.5266
-16.5261
-16.5181
-16.5159
-16.5053
-16.4978
-16.491
-16.487
-16.4769
-16.4679
-16.4658
-16.4382
-16.4219
-16.4159
-16.4129
-16.4059
-16.3982
-16.3942
-16.3925
-16.3796
-16.3778
-16.3693
-16.3607
-16.3482
-16.3425
-16.3293
-16.3255
-16.3211
-16.3204
-16.3159
-16.3057
-16.3032
-16.2892
-16.2866
-16.2855
-16.2705
-16.268
-16.2641
-16.2617
-16.2464
-16.2375
-16.2293
-16.2219
-16.2205
-16.2145
-16.2128
-16.1937
-16.1553
-16.1523
-16.1429
-16.1408
-16.1308
-16.119
-16.1166
-16.1101
-16.1064
-16.0922
-16.0842
-16.0713
-16.0611
-15.9982
-15.9859
-15.9679
-15.9037
-15.8602
-15.8531
-15.8188
-15.8118
-15.8065
-15.7943
-15.7924
-15.7879
-15.7773
-15.7757
-15.7623
-15.7602
-15.7492
-15.7287
-15.7252
-15.7233
-15.7184
-15.714
-15.7081
-15.6992
-15.6971
-15.6926
-15.6797
-15.6673
-15.6608
-15.6545
-15.6406
-15.6362
-15.6218
-15.6129
-15.6086
-15.5992
-15.5845
-15.5798
-15.572
-15.5629
-15.5474
-15.5439
-15.5307
-15.5284
-15.5244
-15.5046
-15.4968
-15.4925
-15.486
-15.4851
-15.4812
-15.4764
-15.4757
-15.4685
-15.4673
-15.4603
-15.4556
-15.4525
-15.4465
-15.4448
-15.4422
-15.4336
-15.4279
-15.4255
-15.4183
-15.408
-15.3991
-15.3982
-15.3945
-15.3871
-15.3842
-15.3821
-15.3801
-15.3732
-15.3664
-15.3643
-15.35
-15.3444
-15.3247
-15.3149
-15.2919
-15.2855
-15.2663
-15.2505
-15.2451
-15.2353
-15.2289
-15.223
-15.2214
-15.2208
-15.2175
-15.2153
-15.2139
-15.2073
-15.2064
-15.2058
-15.2033
-15.1966
-15.194
-15.1861
-15.1849
-15.1835
-15.1781
-15.1747
-15.1652
-15.1513
-15.1419
-15.1325
-15.128
-15.1214
-15.1147
-15.1104
-15.11
-15.1056
-15.095
-15.0819
-15.0713
-15.0615
-15.0517
-15.0424
-15.0387
-15.0284
-15.0194
-15.0085
-15.0002
-14.991
-14.9835
-14.9803
-14.9663
-14.9596
-14.955
-14.947
-14.936
-14.9288
-14.918
-14.9154
-14.8946
-14.8925
-14.8798
-14.8664
-14.8646
-14.8615
-14.8535
-14.8499
-14.8447
-14.8325
-14.8289
-14.8154
-14.8091
-14.7981
-14.7934
-14.7794
-14.7669
-14.7654
-14.7638
-14.754
-14.7521
-14.746
-14.7442
-14.7392
-14.7357
-14.7322
-14.7302
-14.7234
-14.7213
-14.7169
-14.7138
-14.7105
-14.6945
-14.6926
-14.6876
-14.685
-14.6706
-14.6692
-14.6603
-14.648
-14.6418
-14.6357
-14.6216
-14.6191
-14.6121
-14.6065
-14.6035
-14.5929
-14.5876
-14.5806
-14.5754
-14.5725
-14.5576
-14.5493
-14.5468
-14.5315
-14.5191
-14.5093
-14.4979
-14.496
-14.4935
-14.4594
-14.4169
-14.3882
-14.3753
-14.3717
-14.3566
-14.3501
-14.3221
-14.3153
-14.2878
-14.2639
-14.2602
-14.2496
-14.2451
-14.2399
-14.2298
-14.2165
-14.1964
-14.1886
-14.1785
-14.1666
-14.1598
-14.1537
-14.1424
-14.1365
-14.1321
-14.1298
-14.1175
-14.1153
-14.1099
-14.1069
-14.103
-14.0972
-14.0876
-14.0824
-14.0754
-14.0748
-14.069
-14.0644
-14.0553
-14.0497
-14.0474
-14.0454
-14.0299
-14.0293
-14.0206
-14.0153
-14.0118
-13.998
-13.983
-13.974
-13.9666
-13.9594
-13.9544
-13.9448
-13.923
-13.9107
-13.9041
-13.8962
-13.892
-13.8837
-13.8738
-13.8624
-13.8536
-13.8514
-13.8486
-13.8469
-13.8409
-13.8397
-13.8365
-13.8363
-13.8352
-13.8322
-13.8238
-13.8199
-13.8158
-13.815
-13.8093
-13.8088
-13.8038
-13.8023
-13.8006
-13.7954
-13.7874
-13.7871
-13.7748
-13.7662
-13.7634
-13.7567
-13.7518
-13.744
-13.7293
-13.7266
-13.7245
-13.7226
-13.7196
-13.7046
-13.7
-13.698
-13.6816
-13.6807
-13.6782
-13.668
-13.6505
-13.6439
-13.6237
-13.6144
-13.6105
-13.6073
-13.5968
-13.5941
-13.5817
-13.5763
-13.5699
-13.5664
-13.5602
-13.5521
-13.5299
-13.5197
-13.5131
-13.5126
-13.4968
-13.485
-13.4792
-13.4781
-13.4751
-13.4716
-13.464
-13.4514
-13.4453
-13.4435
-13.4365
-13.428
-13.4207
-13.4145
-13.4106
-13.3884
-13.3824
-13.3807
-13.3452
-13.3342
-13.3312
-13.3273
-13.3014
-13.2919
-13.2903
-13.2862
-13.2751
-13.2696
-13.2608
-13.2557
-13.2465
-13.2338
-13.2289
-13.2242
-13.2182
-13.2038
-13.1989
-13.1959
-13.1785
-13.1688
-13.1672
-13.1627
-13.1581
-13.1519
-13.1386
-13.1335
-13.1313
-13.1157
-13.0999
-13.0805
-13.0759
-13.0647
-13.0487
-13.0444
-13.0255
-13.0181
-13.0134
-13.0122
-13.0105
-12.9947
-12.985
-12.9815
-12.9648
-12.9623
-12.9581
-12.9556
-12.9491
-12.9482
-12.9462
-12.9284
-12.9231
-12.9175
-12.9166
-12.9123
-12.9075
-12.9013
-12.8991
-12.8842
-12.8771
-12.8749
-12.8699
-12.8614
-12.8576
-12.8519
-12.8443
-12.8389
-12.8362
-12.8301
-12.8201
-12.8181
-12.8091
-12.7962
-12.7951
-12.7887
-12.7785
-12.7655
-12.7569
-12.7525
-12.7366
-12.7293
-12.722
-12.7135
-12.7093
-12.7055
-12.682
-12.6803
-12.6778
-12.6741
-12.6641
-12.6544
-12.6486
-12.6443
-12.6404
-12.6346
-12.6229
-12.6214
-12.6194
-12.6136
-12.6115
-12.6061
-12.6046
-12.5995
-12.5954
-12.5933
-12.5911
-12.5829
-12.5796
-12.5753
-12.5713
-12.5663
-12.5627
-12.5562
-12.5543
-12.5535
-12.5509
-12.5455
-12.5402
-12.5356
-12.5279
-12.525
-12.5225
-12.5195
-12.5157
-12.5107
-12.5064
-12.5016
-12.4993
-12.4966
-12.4897
-12.489
-12.4816
-12.4781
-12.4772
-12.4721
-12.4703
-12.4664
-12.4583
-12.4545
-12.4476
-12.4431
-12.4373
-12.4317
-12.422
-12.4175
-12.4134
-12.4118
-12.4025
-12.4012
-12.3944
-12.3895
-12.3886
-12.3862
-12.3824
-12.3801
-12.3746
-12.3703
-12.3658
-12.3584
-12.3531
-12.3506
-12.3497
-12.344
-12.3388
-12.3315
-12.324
-12.3227
-12.3213
-12.3161
-12.3138
-12.313
-12.3118
-12.3084
-12.3063
-12.3
-12.2993
-12.2967
-12.2956
-12.2912
-12.2867
-12.2825
-12.2724
-12.2677
-12.2613
-12.2586
-12.2551
-12.2501
-12.2478
-12.244
-12.2425
-12.2402
-12.2389
-12.2287
-12.2252
-12.2222
-12.2177
-12.2152
-12.2117
-12.2088
-12.2048
-12.1999
-12.1959
-12.1939
-12.1922
-12.1777
-12.1757
-12.1728
-12.1714
-12.1595
-12.1435
-12.1347
-12.1228
-12.114
-12.1109
-12.109
-12.1011
-12.0985
-12.0906
-12.0894
-12.0835
-12.081
-12.0746
-12.0692
-12.0661
-12.0591
-12.0565
-12.0537
-12.0477
-12.0428
-12.0394
-12.0267
-12.0223
-12.0193
-12.0172
-12.0152
-12.012
-12.0083
-12.0058
-11.998
-11.9954
-11.9836
-11.9762
-11.9694
-11.9571
-11.9477
-11.9455
-11.9405
-11.9397
-11.932
-11.9169
-11.9115
-11.901
-11.8943
-11.8826
-11.877
-11.8744
-11.8729
-11.8613
-11.8534
-11.8416
-11.8377
-11.8364
-11.8256
-11.8188
-11.805
-11.7967
-11.784
-11.7822
-11.7743
-11.7726
-11.7709
-11.743
-11.741
-11.7237
-11.712
-11.7115
-11.7072
-11.6971
-11.6886
-11.6844
-11.6809
-11.676
-11.6688
-11.6668
-11.6548
-11.6475
-11.6406
-11.6389
-11.6367
-11.6298
-11.6281
-11.6134
-11.6048
-11.5997
-11.5936
-11.5857
-11.5847
-11.5737
-11.5684
-11.5666
-11.5429
-11.5276
-11.5131
-11.5119
-11.5103
-11.4896
-11.4818
-11.479
-11.4719
-11.4689
-11.4682
-11.461
-11.4593
-11.4495
-11.4478
-11.4422
-11.438
-11.4321
-11.4292
-11.4211
-11.4165
-11.3961
-11.3933
-11.3867
-11.3772
-11.3725
-11.3697
-11.3638
-11.3458
-11.3435
-11.3375
-11.3267
-11.3241
-11.3122
-11.3084
-11.3011
-11.2995
-11.2965
-11.284
-11.2833
-11.2818
-11.2756
-11.2687
-11.262
-11.2581
-11.2562
-11.2539
-11.253
-11.2505
-11.246
-11.2395
-11.235
-11.2283
-11.2254
-11.2048
-11.2033
-11.1877
-11.173
-11.1671
-11.1654
-11.1623
-11.1537
-11.1499
-11.1444
-11.1428
-11.1403
-11.1327
-11.1319
-11.1243
-11.1197
-11.1131
-11.1102
-11.107
-11.1059
-11.0983
-11.0931
-11.0894
-11.0809
-11.0771
-11.0704
-11.0659
-11.0622
-11.0604
-11.0552
-11.0437
-11.0406
-11.0384
-11.0313
-11.0305
-11.0267
-11.0231
-11.0193
-11.0175
-11.011
-11.0096
-11.0081
-11.0049
-11.0038
-11.0022
-11.0004
-10.9967
-10.9945
-10.9892
-10.9819
-10.9734
-10.9711
-10.9603
-10.9581
-10.9575
-10.9559
-10.9545
-10.9536
-10.9501
-10.948
-10.9412
-10.9387
-10.9371
-10.9354
-10.9335
-10.9268
-10.924
-10.9232
-10.9219
-10.9208
-10.9177
-10.9114
-10.9088
-10.9038
-10.9024
-10.8897
-10.8788
-10.8764
-10.8701
-10.8682
-10.8621
-10.8607
-10.8567
-10.8427
-10.8413
-10.8366
-10.8337
-10.8236
-10.8213
-10.817
-10.8163
-10.8098
-10.8043
-10.8021
-10.8007
-10.7915
-10.789
-10.7823
-10.7806
-10.7756
-10.7647
-10.7601
-10.7477
-10.7456
-10.7414
-10.7333
-10.7251
-10.7231
-10.7145
-10.713
-10.7127
-10.7096
-10.7066
-10.7056
-10.7011
-10.6955
-10.6922
-10.6913
-10.6828
-10.6817
-10.6796
-10.674
-10.6737
-10.6694
-10.6648
-10.6498
-10.6483
-10.6451
-10.6431
-10.6342
-10.6334
-10.6267
-10.6252
-10.6232
-10.6196
-10.6186
-10.6113
-10.6086
-10.6047
-10.5999
-10.5936
-10.5903
-10.5834
-10.5803
-10.5798
-10.5765
-10.5686
-10.5636
-10.5479
-10.545
-10.538
-10.5307
-10.5236
-10.5182
-10.5093
-10.5042
-10.4916
-10.4813
-10.4777
-10.4693
-10.4668
-10.458
-10.451
-10.4492
-10.4445
-10.4408
-10.4344
-10.4217
-10.4164
-10.415
-10.4091
-10.4086
-10.4057
-10.4008
-10.3982
-10.3924
-10.3762
-10.3732
-10.3694
-10.3692
-10.362
-10.3586
-10.3553
-10.3538
-10.3516
-10.346
-10.3355
-10.3336
-10.3278
-10.3236
-10.3165
-10.3148
-10.3134
-10.3085
-10.2978
-10.2964
-10.2933
-10.2906
-10.2883
-10.2856
-10.2839
-10.2815
-10.2707
-10.2662
-10.2648
-10.2586
-10.2508
-10.2448
-10.2409
-10.2388
-10.2248
-10.2235
-10.2209
-10.21
-10.2084
-10.2039
-10.199
-10.1938
-10.1821
-10.177
-10.1664
-10.161
-10.1585
-10.1534
-10.1452
-10.138
-10.1356
-10.1336
-10.1276
-10.1247
-10.1186
-10.1173
-10.1165
-10.1117
-10.104
-10.094
-10.09
-10.0878
-10.0831
-10.0773
-10.0755
-10.0745
-10.074
-10.0537
-10.0512
-10.0474
-10.0455
-10.0409
-10.0398
-10.0377
-10.0303
-10.0296
-10.0238
-10.0099
-10.0045
-9.99822
-9.99658
-9.99259
-9.98683
-9.97632
-9.97511
-9.97039
-9.96779
-9.96451
-9.96102
-9.95213
-9.94808
-9.9437
-9.94003
-9.93554
-9.93335
-9.92707
-9.92283
-9.91456
-9.91218
-9.90705
-9.90486
-9.89636
-9.89168
-9.89068
-9.88572
-9.88034
-9.87885
-9.87096
-9.86592
-9.86421
-9.8615
-9.86065
-9.85955
-9.85238
-9.85164
-9.8457
-9.8431
-9.83958
-9.83557
-9.82663
-9.82491
-9.8183
-9.81648
-9.81474
-9.80793
-9.79746
-9.78692
-9.78624
-9.78126
-9.78017
-9.77301
-9.77142
-9.76413
-9.76283
-9.76096
-9.75802
-9.75536
-9.74984
-9.7498
-9.74434
-9.74031
-9.73644
-9.73332
-9.73054
-9.72818
-9.72618
-9.72223
-9.71783
-9.7129
-9.71124
-9.70727
-9.70359
-9.70023
-9.69607
-9.69376
-9.68967
-9.68235
-9.68022
-9.67218
-9.66794
-9.66529
-9.66393
-9.65885
-9.6549
-9.65405
-9.64988
-9.64334
-9.64103
-9.63834
-9.63267
-9.63208
-9.63059
-9.62758
-9.62168
-9.61694
-9.61109
-9.60972
-9.6062
-9.60379
-9.60204
-9.59939
-9.59562
-9.59306
-9.59038
-9.58108
-9.57628
-9.57522
-9.57235
-9.56326
-9.56224
-9.55752
-9.5475
-9.54036
-9.5387
-9.5328
-9.52533
-9.52281
-9.51902
-9.51242
-9.51182
-9.51086
-9.50309
-9.50224
-9.50014
-9.49525
-9.49099
-9.48588
-9.48122
-9.47909
-9.47357
-9.46939
-9.46661
-9.46454
-9.46245
-9.45916
-9.45741
-9.45165
-9.44672
-9.44563
-9.44164
-9.43897
-9.43601
-9.43077
-9.42431
-9.42015
-9.41721
-9.41575
-9.41067
-9.40724
-9.4024
-9.38045
-9.37396
-9.36936
-9.36518
-9.36412
-9.36092
-9.36005
-9.34614
-9.34222
-9.33832
-9.32675
-9.32333
-9.3166
-9.30867
-9.3044
-9.30143
-9.29926
-9.29298
-9.29178
-9.28204
-9.27663
-9.27503
-9.26796
-9.25995
-9.25664
-9.24516
-9.24012
-9.23306
-9.22823
-9.22381
-9.22222
-9.21631
-9.21348
-9.21271
-9.20673
-9.20305
-9.19958
-9.19874
-9.19588
-9.19535
-9.19141
-9.186
-9.18488
-9.17777
-9.176
-9.17033
-9.16671
-9.15954
-9.15519
-9.14606
-9.13796
-9.13337
-9.13028
-9.12476
-9.11647
-9.11447
-9.11165
-9.10435
-9.10057
-9.0929
-9.08899
-9.07752
-9.07542
-9.07058
-9.06515
-9.05993
-9.05418
-9.04792
-9.04601
-9.02924
-9.02702
-9.0219
-9.00914
-9.00731
-9.00532
-8.99651
-8.99482
-8.99259
-8.98605
-8.98393
-8.98258
-8.97415
-8.97195
-8.96275
-8.96054
-8.95127
-8.94647
-8.93103
-8.93007
-8.92628
-8.91997
-8.91455
-8.91275
-8.90569
-8.90314
-8.89687
-8.89427
-8.89185
-8.89005
-8.88583
-8.88077
-8.88012
-8.87465
-8.87039
-8.86849
-8.86125
-8.85323
-8.84082
-8.839
-8.83764
-8.83288
-8.83058
-8.81801
-8.81086
-8.80468
-8.80369
-8.79923
-8.79458
-8.79064
-8.78842
-8.78247
-8.77275
-8.77009
-8.76449
-8.76238
-8.76
-8.75578
-8.75325
-8.74816
-8.74741
-8.74713
-8.7416
-8.73655
-8.72847
-8.72502
-8.71988
-8.71614
-8.71532
-8.70538
-8.70317
-8.70063
-8.69934
-8.68395
-8.67836
-8.67478
-8.67154
-8.66838
-8.65888
-8.65424
-8.64948
-8.64431
-8.63645
-8.62832
-8.62245
-8.617
-8.60983
-8.60573
-8.60155
-8.60021
-8.5954
-8.59101
-8.58943
-8.58269
-8.5794
-8.57455
-8.56398
-8.56287
-8.55041
-8.54783
-8.5435
-8.54218
-8.54099
-8.53896
-8.53561
-8.53269
-8.53153
-8.52889
-8.52671
-8.52414
-8.52158
-8.51887
-8.51598
-8.5089
-8.50667
-8.50361
-8.49747
-8.4966
-8.49612
-8.49326
-8.49301
-8.48659
-8.48549
-8.48265
-8.47774
-8.47637
-8.47443
-8.47125
-8.46747
-8.46555
-8.4617
-8.45499
-8.45455
-8.44863
-8.44805
-8.44355
-8.43971
-8.43475
-8.42913
-8.42614
-8.42044
-8.41833
-8.41589
-8.41269
-8.41064
-8.40597
-8.40391
-8.39948
-8.39251
-8.39123
-8.3896
-8.38693
-8.38481
-8.38198
-8.378
-8.37467
-8.37035
-8.36718
-8.36473
-8.36317
-8.35807
-8.35747
-8.35387
-8.34942
-8.34648
-8.34472
-8.34178
-8.33901
-8.33732
-8.333
-8.32979
-8.32703
-8.32655
-8.32483
-8.31791
-8.31677
-8.31488
-8.31037
-8.30703
-8.30309
-8.30153
-8.30049
-8.29728
-8.29231
-8.29216
-8.29098
-8.28473
-8.28344
-8.28105
-8.28027
-8.2769
-8.27503
-8.27441
-8.26977
-8.26755
-8.2639
-8.26083
-8.25912
-8.25706
-8.25469
-8.24992
-8.24396
-8.24179
-8.24045
-8.23691
-8.23406
-8.23092
-8.23016
-8.22702
-8.22115
-8.21609
-8.21371
-8.21194
-8.20819
-8.20506
-8.20261
-8.2014
-8.19522
-8.19015
-8.18857
-8.18608
-8.18425
-8.18097
-8.17245
-8.16808
-8.16522
-8.15812
-8.15678
-8.15301
-8.15013
-8.14566
-8.14306
-8.13708
-8.135
-8.12977
-8.12852
-8.1229
-8.1211
-8.11849
-8.11477
-8.11014
-8.10736
-8.1051
-8.1011
-8.09351
-8.09219
-8.08977
-8.08285
-8.07973
-8.07458
-8.07197
-8.06447
-8.05993
-8.05605
-8.05313
-8.05001
-8.04672
-8.04331
-8.03954
-8.03616
-8.03438
-8.03167
-8.02605
-8.02223
-8.01667
-8.01459
-8.00985
-8.00893
-8.0019
-8.00073
-7.99786
-7.98997
-7.98769
-7.98676
-7.98506
-7.98181
-7.97749
-7.97371
-7.97296
-7.96943
-7.96581
-7.96326
-7.95991
-7.95668
-7.95325
-7.94842
-7.94177
-7.93655
-7.93096
-7.93025
-7.9233
-7.91771
-7.91675
-7.91228
-7.90734
-7.901
-7.89539
-7.89492
-7.88644
-7.8846
-7.87863
-7.87258
-7.86456
-7.85746
-7.85276
-7.84603
-7.84205
-7.83976
-7.8359
-7.8295
-7.8253
-7.82369
-7.81805
-7.81611
-7.8103
-7.80825
-7.80271
-7.79818
-7.79462
-7.79402
-7.79255
-7.79075
-7.78543
-7.78396
-7.78173
-7.77997
-7.77585
-7.7726
-7.77122
-7.77073
-7.76823
-7.76733
-7.75871
-7.75628
-7.752
-7.75063
-7.74911
-7.74443
-7.73581
-7.73241
-7.72469
-7.72329
-7.71575
-7.71396
-7.70959
-7.70481
-7.69212
-7.68638
-7.68347
-7.67295
-7.66587
-7.66328
-7.66062
-7.65572
-7.65063
-7.64394
-7.64177
-7.63721
-7.63274
-7.62113
-7.61681
-7.61587
-7.60883
-7.60147
-7.58387
-7.57631
-7.57461
-7.57141
-7.56812
-7.56391
-7.55968
-7.55026
-7.54911
-7.54447
-7.53789
-7.53178
-7.52905
-7.52463
-7.51933
-7.51634
-7.51397
-7.50709
-7.49942
-7.49873
-7.49728
-7.49146
-7.49004
-7.48554
-7.48153
-7.47861
-7.47291
-7.47071
-7.45974
-7.45783
-7.45619
-7.44986
-7.44636
-7.44327
-7.44107
-7.4361
-7.43469
-7.42995
-7.42709
-7.4246
-7.41873
-7.41545
-7.40747
-7.39628
-7.39364
-7.39154
-7.38612
-7.38286
-7.38063
-7.36769
-7.3661
-7.3615
-7.36036
-7.35832
-7.35326
-7.34939
-7.3479
-7.3431
-7.33654
-7.33209
-7.3273
-7.32429
-7.3196
-7.31278
-7.30949
-7.30385
-7.3028
-7.30029
-7.29801
-7.29591
-7.29395
-7.28501
-7.28435
-7.27865
-7.27704
-7.27485
-7.2702
-7.26715
-7.25908
-7.25778
-7.2553
-7.25344
-7.24525
-7.24211
-7.2352
-7.23111
-7.22603
-7.22443
-7.22332
-7.22128
-7.21745
-7.21719
-7.21458
-7.20878
-7.20378
-7.20203
-7.20073
-7.19759
-7.19672
-7.19424
-7.19171
-7.18781
-7.18533
-7.18338
-7.18117
-7.18034
-7.17437
-7.17247
-7.16959
-7.16302
-7.16027
-7.15929
-7.15725
-7.1535
-7.15206
-7.1454
-7.1441
-7.14034
-7.13864
-7.13545
-7.13329
-7.13023
-7.12642
-7.12336
-7.12077
-7.11723
-7.11589
-7.11055
-7.10933
-7.10837
-7.10586
-7.10489
-7.09945
-7.09569
-7.09456
-7.09353
-7.09109
-7.08749
-7.08727
-7.08479
-7.0828
-7.08259
-7.07524
-7.07486
-7.07114
-7.06708
-7.06418
-7.06345
-7.06104
-7.05807
-7.056
-7.05361
-7.05027
-7.04908
-7.04863
-7.04521
-7.04207
-7.04072
-7.03721
-7.03565
-7.03383
-7.03115
-7.02945
-7.02568
-7.02296
-7.01941
-7.01918
-7.01253
-7.01055
-7.00796
-7.00414
-7.00151
-7.00034
-6.99691
-6.99436
-6.9923
-6.99021
-6.98841
-6.98591
-6.98378
-6.98018
-6.97932
-6.97709
-6.97612
-6.9693
-6.96824
-6.96611
-6.96415
-6.96182
-6.95747
-6.95671
-6.95412
-6.95249
-6.95133
-6.94927
-6.947
-6.94535
-6.94395
-6.94163
-6.9383
-6.93435
-6.93265
-6.92859
-6.92799
-6.92632
-6.92585
-6.925
-6.92201
-6.91999
-6.91964
-6.91952
-6.91401
-6.91168
-6.91081
-6.90931
-6.90632
-6.90161
-6.90063
-6.89731
-6.89357
-6.89061
-6.88823
-6.88743
-6.88566
-6.88176
-6.87709
-6.87569
-6.87352
-6.86798
-6.86656
-6.86388
-6.86236
-6.86071
-6.85674
-6.853
-6.84991
-6.84698
-6.84562
-6.84416
-6.8436
-6.84054
-6.83805
-6.83507
-6.82918
-6.82807
-6.82572
-6.82333
-6.82149
-6.8175
-6.8142
-6.81304
-6.81003
-6.80346
-6.80142
-6.79462
-6.79262
-6.78504
-6.78278
-6.77839
-6.77283
-6.76619
-6.76422
-6.75905
-6.75534
-6.75171
-6.74465
-6.74435
-6.73922
-6.73799
-6.73616
-6.73208
-6.72917
-6.72571
-6.7192
-6.7175
-6.71438
-6.71304
-6.70672
-6.70421
-6.70169
-6.69855
-6.69557
-6.69498
-6.68748
-6.68511
-6.68413
-6.6824
-6.67942
-6.676
-6.67379
-6.66973
-6.66092
-6.65853
-6.64813
-6.64601
-6.64552
-6.64012
-6.63653
-6.63262
-6.62725
-6.62197
-6.61724
-6.61371
-6.61185
-6.60689
-6.60371
-6.60213
-6.59986
-6.59568
-6.59266
-6.58764
-6.58318
-6.57989
-6.57814
-6.57606
-6.57484
-6.57012
-6.56856
-6.56657
-6.56468
-6.56054
-6.55903
-6.55629
-6.55244
-6.54858
-6.54418
-6.53528
-6.53279
-6.52979
-6.52754
-6.52568
-6.52376
-6.52062
-6.51299
-6.51022
-6.5084
-6.50528
-6.50221
-6.49891
-6.49217
-6.49003
-6.48819
-6.48009
-6.47872
-6.47561
-6.45793
-6.4523
-6.44159
-6.43957
-6.43544
-6.43245
-6.4266
-6.42516
-6.41969
-6.41199
-6.39637
-6.39316
-6.38258
-6.37227
-6.36731
-6.3652
-6.36296
-6.34948
-6.34454
-6.34352
-6.33659
-6.33407
-6.32848
-6.32406
-6.319
-6.31775
-6.31587
-6.31314
-6.31109
-6.30904
-6.30715
-6.305
-6.2974
-6.29315
-6.28924
-6.28334
-6.28032
-6.27332
-6.27151
-6.26789
-6.26645
-6.25902
-6.25386
-6.24802
-6.23846
-6.23607
-6.22892
-6.22599
-6.21839
-6.21359
-6.2118
-6.20279
-6.19797
-6.19434
-6.18972
-6.18804
-6.18416
-6.18037
-6.17788
-6.17517
-6.16833
-6.16332
-6.15078
-6.14613
-6.14443
-6.14157
-6.13388
-6.12988
-6.12777
-6.12646
-6.1226
-6.11823
-6.11619
-6.11489
-6.10997
-6.10766
-6.105
-6.10382
-6.10186
-6.09917
-6.09868
-6.09472
-6.08934
-6.08741
-6.08427
-6.07979
-6.07946
-6.07381
-6.07065
-6.06883
-6.0634
-6.05762
-6.05278
-6.05101
-6.04924
-6.03965
-6.03793
-6.03429
-6.03216
-6.03084
-6.02623
-6.02053
-6.01717
-6.01584
-6.01557
-6.00998
-6.00852
-6.00419
-6.002
-5.99977
-5.99323
-5.99076
-5.98997
-5.98743
-5.98529
-5.98401
-5.98041
-5.97575
-5.97522
-5.96838
-5.96471
-5.9634
-5.958
-5.95499
-5.95332
-5.95055
-5.94788
-5.94501
-5.94169
-5.93895
-5.93478
-5.93355
-5.93044
-5.92529
-5.92485
-5.91849
-5.91333
-5.91168
-5.91073
-5.90381
-5.89876
-5.89727
-5.89385
-5.88957
-5.88791
-5.87609
-5.87039
-5.86898
-5.86311
-5.85969
-5.85704
-5.85147
-5.84574
-5.84397
-5.84309
-5.83669
-5.83138
-5.82603
-5.82374
-5.81663
-5.81316
-5.8109
-5.80899
-5.80178
-5.80077
-5.79647
-5.79157
-5.78572
-5.77895
-5.77729
-5.77191
-5.77141
-5.76701
-5.76454
-5.7616
-5.76003
-5.75849
-5.757
-5.75414
-5.75236
-5.7492
-5.74676
-5.74557
-5.74298
-5.73546
-5.73384
-5.73076
-5.72821
-5.7241
-5.71839
-5.71687
-5.71264
-5.71159
-5.70538
-5.70389
-5.70194
-5.69987
-5.69789
-5.6963
-5.6927
-5.69181
-5.69014
-5.68686
-5.68598
-5.68338
-5.67702
-5.67572
-5.66991
-5.66933
-5.66487
-5.66286
-5.65499
-5.65407
-5.65257
-5.64869
-5.6452
-5.6436
-5.63588
-5.63311
-5.63037
-5.62107
-5.61766
-5.61153
-5.61043
-5.60582
-5.60359
-5.59806
-5.59552
-5.59511
-5.59361
-5.58899
-5.58726
-5.58434
-5.58301
-5.57718
-5.57241
-5.57069
-5.56423
-5.56213
-5.55774
-5.55429
-5.55304
-5.55044
-5.54522
-5.54453
-5.54171
-5.5374
-5.53677
-5.53206
-5.52673
-5.52507
-5.52351
-5.51858
-5.51459
-5.51274
-5.5105
-5.50482
-5.50288
-5.49915
-5.49651
-5.49179
-5.48777
-5.48683
-5.48266
-5.4799
-5.47599
-5.47507
-5.47377
-5.47032
-5.46991
-5.46849
-5.46365
-5.45993
-5.45655
-5.4524
-5.45075
-5.44542
-5.44277
-5.43899
-5.43688
-5.4318
-5.43159
-5.4309
-5.4293
-5.425
-5.42329
-5.42208
-5.41979
-5.41882
-5.41657
-5.41126
-5.40968
-5.40633
-5.40375
-5.40085
-5.39973
-5.39614
-5.39393
-5.38491
-5.3795
-5.37845
-5.37422
-5.37197
-5.3705
-5.36957
-5.36482
-5.36175
-5.36037
-5.35511
-5.35198
-5.35122
-5.34996
-5.34827
-5.34653
-5.34176
-5.33574
-5.332
-5.3307
-5.32527
-5.3207
-5.31591
-5.31368
-5.31098
-5.30802
-5.30642
-5.29949
-5.29674
-5.29337
-5.28849
-5.28255
-5.27999
-5.27737
-5.27389
-5.27104
-5.26843
-5.26523
-5.26282
-5.26099
-5.25942
-5.25479
-5.2514
-5.24529
-5.24117
-5.23337
-5.22697
-5.22501
-5.21776
-5.21269
-5.21054
-5.20477
-5.20149
-5.20082
-5.19886
-5.19481
-5.19151
-5.18806
-5.18699
-5.18292
-5.17986
-5.17461
-5.17112
-5.16809
-5.16594
-5.16327
-5.15963
-5.15706
-5.15633
-5.15003
-5.14795
-5.14687
-5.14285
-5.13965
-5.13723
-5.13398
-5.13236
-5.13032
-5.12642
-5.12336
-5.11817
-5.11523
-5.11445
-5.10913
-5.1059
-5.0993
-5.09527
-5.09186
-5.08936
-5.08623
-5.08302
-5.08199
-5.07964
-5.07148
-5.06985
-5.06896
-5.06211
-5.05604
-5.05208
-5.04766
-5.04179
-5.03943
-5.0387
-5.03068
-5.02874
-5.02737
-5.02153
-5.01295
-5.01266
-5.01117
-5.00663
-4.9944
-4.99024
-4.98505
-4.98274
-4.97833
-4.97218
-4.9625
-4.9591
-4.95481
-4.95121
-4.94173
-4.93894
-4.93468
-4.92891
-4.92053
-4.91961
-4.91231
-4.9065
-4.90196
-4.8974
-4.89342
-4.8848
-4.87945
-4.87528
-4.87387
-4.87311
-4.87027
-4.86832
-4.86661
-4.86433
-4.86377
-4.85779
-4.85386
-4.85221
-4.85064
-4.84682
-4.84081
-4.83848
-4.83166
-4.82949
-4.81602
-4.81083
-4.80955
-4.80492
-4.79094
-4.78832
-4.7838
-4.77833
-4.77161
-4.7675
-4.76267
-4.7615
-4.75926
-4.75677
-4.75244
-4.74317
-4.74011
-4.73744
-4.73213
-4.72449
-4.72182
-4.71251
-4.70183
-4.69889
-4.69065
-4.68695
-4.67049
-4.66687
-4.66127
-4.65951
-4.65733
-4.64939
-4.64771
-4.64444
-4.64045
-4.63575
-4.62747
-4.61309
-4.60676
-4.60084
-4.59754
-4.59011
-4.58424
-4.58011
-4.57796
-4.57118
-4.56697
-4.56202
-4.56042
-4.55923
-4.5561
-4.5521
-4.55146
-4.54551
-4.53912
-4.53755
-4.53444
-4.53243
-4.53082
-4.52817
-4.52633
-4.52569
-4.52317
-4.52081
-4.51855
-4.51275
-4.51224
-4.50783
-4.50161
-4.49852
-4.49613
-4.49351
-4.49028
-4.48582
-4.48486
-4.48136
-4.47429
-4.46872
-4.46472
-4.46256
-4.46012
-4.45982
-4.45545
-4.44977
-4.44626
-4.44532
-4.4444
-4.44212
-4.44109
-4.44045
-4.4334
-4.43255
-4.42574
-4.4247
-4.4186
-4.41798
-4.41754
-4.41251
-4.41131
-4.40639
-4.40399
-4.40159
-4.39998
-4.39668
-4.39216
-4.3912
-4.39035
-4.38568
-4.3836
-4.38077
-4.37794
-4.37251
-4.37039
-4.36758
-4.36642
-4.36442
-4.36036
-4.35833
-4.35199
-4.34996
-4.34774
-4.34665
-4.34438
-4.34287
-4.33955
-4.33729
-4.33324
-4.32767
-4.32697
-4.32216
-4.32107
-4.31861
-4.31538
-4.31053
-4.30336
-4.30099
-4.29956
-4.29638
-4.29561
-4.29403
-4.28866
-4.28536
-4.27974
-4.27721
-4.2747
-4.27204
-4.26847
-4.26116
-4.2583
-4.25736
-4.25112
-4.24659
-4.24493
-4.24078
-4.23668
-4.23596
-4.23239
-4.22963
-4.22866
-4.22734
-4.2268
-4.22138
-4.21935
-4.21474
-4.21276
-4.2095
-4.20664
-4.20301
-4.20201
-4.19884
-4.19671
-4.1944
-4.19389
-4.19111
-4.18865
-4.18691
-4.18511
-4.18389
-4.18065
-4.17947
-4.17822
-4.17524
-4.17335
-4.17098
-4.16913
-4.16657
-4.16407
-4.1634
-4.16167
-4.15889
-4.15733
-4.15604
-4.15488
-4.15396
-4.15295
-4.14996
-4.14834
-4.14593
-4.14191
-4.14094
-4.13803
-4.13723
-4.13604
-4.1357
-4.1332
-4.13144
-4.12783
-4.12582
-4.1234
-4.12176
-4.11843
-4.11658
-4.11567
-4.1137
-4.10976
-4.10632
-4.10307
-4.10037
-4.09982
-4.09779
-4.09456
-4.09275
-4.08803
-4.08796
-4.08101
-4.07937
-4.07854
-4.0755
-4.07508
-4.07075
-4.06692
-4.06573
-4.06427
-4.06242
-4.0621
-4.06056
-4.05682
-4.05665
-4.0543
-4.05187
-4.05083
-4.04935
-4.04744
-4.04489
-4.04321
-4.04209
-4.0377
-4.03698
-4.03637
-4.03008
-4.02727
-4.02373
-4.02326
-4.02223
-4.01861
-4.01625
-4.01518
-4.0133
-4.01245
-4.00935
-4.00825
-4.00704
-4.00583
-4.00423
-4.00235
-3.99797
-3.99662
-3.99341
-3.99301
-3.99014
-3.98822
-3.98807
-3.98321
-3.97822
-3.97591
-3.97058
-3.96844
-3.96475
-3.96237
-3.95964
-3.95371
-3.95056
-3.94759
-3.94611
-3.9444
-3.93952
-3.93643
-3.93379
-3.93142
-3.9302
-3.92847
-3.92678
-3.92399
-3.92312
-3.91946
-3.91567
-3.91467
-3.91314
-3.91065
-3.90952
-3.9063
-3.9031
-3.90058
-3.89689
-3.89263
-3.88861
-3.88506
-3.88257
-3.88023
-3.87869
-3.87255
-3.86652
-3.86562
-3.8602
-3.85823
-3.85304
-3.85114
-3.84802
-3.84569
-3.84185
-3.83895
-3.83633
-3.83484
-3.83188
-3.82992
-3.82568
-3.82076
-3.81711
-3.81438
-3.81124
-3.80949
-3.80776
-3.80614
-3.80248
-3.80027
-3.79822
-3.79605
-3.79501
-3.79277
-3.79172
-3.78664
-3.78599
-3.78482
-3.78178
-3.77903
-3.7771
-3.77649
-3.77284
-3.77121
-3.76758
-3.7633
-3.76248
-3.75842
-3.75486
-3.75336
-3.75152
-3.74629
-3.74555
-3.74389
-3.74028
-3.74019
-3.73932
-3.7343
-3.73008
-3.72834
-3.72551
-3.72287
-3.718
-3.71649
-3.71177
-3.70952
-3.70659
-3.70224
-3.70016
-3.69408
-3.69231
-3.68991
-3.68827
-3.68387
-3.67661
-3.6748
-3.66711
-3.66481
-3.66143
-3.65889
-3.65456
-3.64934
-3.64399
-3.64162
-3.63698
-3.62937
-3.62522
-3.62074
-3.61572
-3.61358
-3.60706
-3.60517
-3.60033
-3.59209
-3.59126
-3.5892
-3.58229
-3.57996
-3.57776
-3.57416
-3.56948
-3.56371
-3.56179
-3.55816
-3.55222
-3.54775
-3.54552
-3.54376
-3.54178
-3.5398
-3.53592
-3.53219
-3.53031
-3.52716
-3.52402
-3.52316
-3.51835
-3.51607
-3.50991
-3.50794
-3.501
-3.49289
-3.49229
-3.48751
-3.48445
-3.48356
-3.48076
-3.4739
-3.47062
-3.46963
-3.46333
-3.4623
-3.45992
-3.45813
-3.45057
-3.44575
-3.43988
-3.43759
-3.43572
-3.43434
-3.4304
-3.428
-3.41921
-3.41832
-3.41602
-3.41374
-3.41186
-3.40835
-3.4044
-3.40377
-3.3969
-3.3948
-3.38946
-3.38517
-3.37997
-3.37725
-3.37464
-3.3722
-3.37157
-3.36914
-3.36742
-3.36711
-3.36479
-3.35609
-3.35424
-3.35199
-3.34888
-3.34605
-3.3422
-3.34091
-3.33866
-3.33488
-3.33181
-3.32935
-3.32389
-3.32103
-3.31904
-3.31623
-3.31337
-3.31201
-3.30402
-3.30193
-3.29798
-3.29526
-3.29425
-3.28975
-3.28658
-3.28215
-3.27908
-3.27582
-3.27323
-3.27093
-3.26873
-3.26531
-3.26428
-3.25707
-3.25532
-3.25296
-3.25168
-3.2505
-3.24769
-3.24613
-3.24247
-3.23922
-3.23806
-3.23596
-3.23353
-3.22935
-3.22554
-3.22327
-3.21948
-3.2179
-3.21572
-3.21234
-3.2087
-3.20663
-3.20369
-3.20168
-3.19872
-3.19641
-3.19341
-3.19212
-3.18934
-3.18427
-3.18117
-3.18027
-3.17813
-3.17572
-3.17386
-3.17223
-3.17032
-3.16906
-3.16695
-3.16615
-3.16071
-3.15841
-3.15797
-3.1549
-3.15196
-3.14862
-3.14604
-3.14434
-3.14271
-3.14011
-3.13694
-3.13594
-3.13228
-3.13076
-3.12982
-3.12762
-3.12696
-3.12479
-3.1236
-3.1199
-3.11801
-3.11563
-3.11402
-3.10907
-3.10766
-3.10428
-3.09907
-3.09428
-3.09274
-3.09174
-3.08893
-3.08733
-3.08664
-3.08576
-3.08184
-3.08046
-3.07887
-3.07302
-3.0719
-3.06897
-3.06753
-3.06685
-3.06313
-3.06196
-3.05968
-3.059
-3.05772
-3.05506
-3.053
-3.05102
-3.04946
-3.0472
-3.04273
-3.03914
-3.03774
-3.03721
-3.03157
-3.03059
-3.02662
-3.02437
-3.02165
-3.01727
-3.01631
-3.01443
-3.01123
-3.00947
-3.00619
-3.00366
-3.00201
-2.99917
-2.99865
-2.9968
-2.99472
-2.99272
-2.9914
-2.98765
-2.98585
-2.98386
-2.98209
-2.98056
-2.97877
-2.97793
-2.97547
-2.97365
-2.97286
-2.97031
-2.96799
-2.96717
-2.96497
-2.96273
-2.96037
-2.95819
-2.95723
-2.95427
-2.95343
-2.95192
-2.9501
-2.94732
-2.94569
-2.94274
-2.94045
-2.93797
-2.93602
-2.93196
-2.93167
-2.93054
-2.92908
-2.9266
-2.92138
-2.91904
-2.91598
-2.9153
-2.9142
-2.91387
-2.91016
-2.90806
-2.90541
-2.90407
-2.9031
-2.90139
-2.89978
-2.89787
-2.89423
-2.89253
-2.88699
-2.88219
-2.88104
-2.8801
-2.87947
-2.87633
-2.87316
-2.87139
-2.86519
-2.8633
-2.86015
-2.85851
-2.8564
-2.85425
-2.85303
-2.84985
-2.84565
-2.84327
-2.8412
-2.83774
-2.83587
-2.83361
-2.83142
-2.82857
-2.82586
-2.82414
-2.81999
-2.8179
-2.81624
-2.81467
-2.81225
-2.80798
-2.80543
-2.80087
-2.79844
-2.79682
-2.7961
-2.79444
-2.79143
-2.78968
-2.78869
-2.78579
-2.78109
-2.77968
-2.77719
-2.77507
-2.77492
-2.77198
-2.76407
-2.7613
-2.7591
-2.75749
-2.75559
-2.75054
-2.74688
-2.74194
-2.73955
-2.73745
-2.73722
-2.73409
-2.72658
-2.72374
-2.72153
-2.7194
-2.71504
-2.71419
-2.71169
-2.70804
-2.70577
-2.70229
-2.69343
-2.69174
-2.68756
-2.68198
-2.67852
-2.67765
-2.67358
-2.67114
-2.66886
-2.66579
-2.66446
-2.66008
-2.6573
-2.65243
-2.652
-2.64988
-2.64787
-2.64151
-2.63905
-2.63668
-2.63442
-2.63262
-2.62855
-2.62569
-2.62119
-2.61832
-2.61644
-2.61241
-2.60911
-2.60679
-2.60388
-2.60072
-2.59677
-2.59315
-2.5926
-2.59019
-2.58568
-2.58004
-2.57774
-2.57498
-2.57148
-2.56768
-2.56412
-2.56258
-2.55759
-2.55119
-2.54666
-2.54521
-2.54188
-2.53847
-2.5323
-2.52915
-2.52476
-2.52093
-2.51583
-2.51075
-2.50153
-2.50026
-2.49337
-2.48457
-2.48252
-2.48048
-2.47381
-2.47024
-2.46415
-2.45551
-2.45217
-2.44618
-2.4428
-2.44018
-2.43848
-2.43421
-2.4304
-2.4302
-2.42725
-2.42009
-2.41641
-2.40983
-2.40757
-2.40335
-2.40025
-2.39954
-2.39595
-2.38997
-2.38679
-2.38347
-2.38143
-2.37776
-2.37632
-2.37542
-2.37267
-2.36888
-2.36524
-2.35959
-2.35877
-2.35687
-2.35088
-2.3485
-2.34601
-2.34347
-2.33909
-2.33609
-2.3348
-2.32725
-2.3247
-2.31983
-2.31783
-2.31009
-2.30377
-2.3021
-2.29783
-2.29453
-2.29269
-2.28829
-2.28657
-2.28395
-2.27302
-2.26993
-2.26637
-2.26267
-2.2607
-2.25732
-2.25513
-2.25216
-2.25109
-2.24364
-2.24263
-2.2424
-2.2374
-2.23597
-2.23244
-2.2271
-2.22454
-2.21883
-2.21779
-2.21633
-2.21279
-2.2046
-2.20272
-2.19842
-2.19558
-2.19405
-2.19135
-2.18574
-2.18457
-2.18133
-2.1786
-2.17356
-2.17323
-2.16901
-2.16784
-2.16708
-2.16179
-2.15855
-2.15393
-2.15107
-2.15035
-2.14681
-2.14417
-2.14042
-2.1368
-2.13426
-2.13338
-2.13103
-2.12452
-2.12059
-2.1195
-2.11279
-2.10925
-2.10584
-2.10291
-2.10054
-2.09791
-2.09513
-2.09199
-2.08765
-2.08472
-2.08191
-2.07492
-2.07432
-2.07208
-2.06864
-2.06718
-2.06627
-2.0599
-2.05423
-2.05095
-2.04948
-2.0481
-2.04365
-2.04332
-2.04254
-2.03337
-2.03248
-2.03036
-2.02872
-2.0262
-2.02543
-2.01995
-2.01781
-2.0163
-2.01503
-2.00903
-2.00506
-2.00428
-2.00092
-1.99866
-1.99541
-1.99455
-1.99241
-1.98995
-1.98557
-1.98391
-1.98053
-1.97848
-1.97402
-1.96729
-1.96691
-1.96101
-1.95754
-1.95217
-1.95039
-1.94871
-1.94409
-1.94368
-1.94078
-1.93924
-1.93341
-1.93184
-1.92984
-1.92504
-1.9213
-1.91986
-1.91672
-1.9136
-1.91173
-1.90833
-1.90455
-1.90035
-1.89936
-1.89733
-1.8951
-1.89405
-1.89095
-1.88988
-1.88743
-1.88317
-1.87807
-1.87654
-1.87296
-1.87226
-1.86942
-1.86814
-1.86457
-1.86282
-1.85916
-1.85787
-1.85625
-1.8562
-1.85336
-1.85094
-1.84741
-1.84573
-1.84351
-1.83954
-1.8376
-1.83356
-1.83133
-1.82977
-1.82794
-1.82398
-1.82271
-1.82089
-1.8178
-1.8155
-1.81036
-1.80965
-1.80715
-1.80496
-1.80278
-1.80087
-1.79903
-1.79705
-1.79448
-1.7929
-1.79002
-1.78779
-1.78518
-1.78295
-1.7809
-1.77844
-1.77708
-1.77426
-1.7716
-1.76824
-1.76619
-1.76186
-1.75864
-1.75595
-1.75362
-1.7508
-1.74916
-1.74649
-1.74438
-1.73845
-1.73718
-1.73369
-1.7318
-1.72986
-1.72582
-1.72432
-1.72234
-1.72034
-1.7181
-1.71299
-1.71181
-1.70954
-1.70764
-1.70479
-1.70184
-1.69913
-1.69805
-1.69553
-1.69353
-1.69156
-1.69096
-1.69027
-1.68588
-1.68402
-1.68207
-1.67959
-1.67579
-1.67402
-1.6717
-1.66934
-1.66751
-1.66686
-1.66323
-1.66123
-1.66025
-1.65937
-1.65597
-1.65169
-1.64978
-1.64804
-1.64589
-1.6434
-1.64276
-1.64051
-1.63916
-1.63548
-1.63384
-1.6315
-1.63069
-1.62735
-1.62294
-1.62145
-1.61926
-1.61788
-1.61494
-1.61268
-1.6089
-1.60735
-1.60508
-1.60401
-1.60331
-1.5999
-1.59954
-1.59772
-1.59499
-1.5941
-1.59216
-1.59173
-1.58836
-1.58723
-1.5833
-1.58193
-1.58013
-1.57773
-1.5766
-1.57371
-1.57323
-1.57
-1.56954
-1.5634
-1.55874
-1.55516
-1.5537
-1.55192
-1.55065
-1.54773
-1.54606
-1.54342
-1.54277
-1.54105
-1.53941
-1.53468
-1.52913
-1.52757
-1.52602
-1.52495
-1.51972
-1.51918
-1.51665
-1.51494
-1.51043
-1.51011
-1.50502
-1.5018
-1.50145
-1.49942
-1.49439
-1.4938
-1.49003
-1.48687
-1.48537
-1.48197
-1.48141
-1.47792
-1.47621
-1.47509
-1.47302
-1.47029
-1.46853
-1.46283
-1.46133
-1.4603
-1.45935
-1.45726
-1.45484
-1.4533
-1.4483
-1.4475
-1.44509
-1.44323
-1.43868
-1.43574
-1.43314
-1.43159
-1.42881
-1.4251
-1.42057
-1.4183
-1.41467
-1.41338
-1.41148
-1.40865
-1.4085
-1.40375
-1.40032
-1.39903
-1.39785
-1.39451
-1.39297
-1.38997
-1.38534
-1.38456
-1.38026
-1.37906
-1.37684
-1.3729
-1.37079
-1.3676
-1.36511
-1.36282
-1.36102
-1.35993
-1.35608
-1.35392
-1.35314
-1.34789
-1.34587
-1.34533
-1.34438
-1.33932
-1.33859
-1.33709
-1.33361
-1.33109
-1.32609
-1.32367
-1.32252
-1.31934
-1.31692
-1.31452
-1.31145
-1.31099
-1.30816
-1.3029
-1.29919
-1.29518
-1.29413
-1.29123
-1.2904
-1.28836
-1.28728
-1.28391
-1.28108
-1.2781
-1.27652
-1.27452
-1.2734
-1.26918
-1.26669
-1.26496
-1.26011
-1.25883
-1.25636
-1.2545
-1.25259
-1.25031
-1.2492
-1.24884
-1.24607
-1.24337
-1.24106
-1.23476
-1.23147
-1.22695
-1.22563
-1.21937
-1.21846
-1.21705
-1.2131
-1.21086
-1.20737
-1.20575
-1.20204
-1.20058
-1.19791
-1.19434
-1.19239
-1.19113
-1.18591
-1.18436
-1.18037
-1.17586
-1.17401
-1.17283
-1.17027
-1.16826
-1.16504
-1.16211
-1.1589
-1.15658
-1.15413
-1.15225
-1.1507
-1.14742
-1.1458
-1.14497
-1.13723
-1.13683
-1.13524
-1.13501
-1.13292
-1.12922
-1.129
-1.1257
-1.12413
-1.12244
-1.12161
-1.11674
-1.11513
-1.1118
-1.11106
-1.1037
-1.10111
-1.09968
-1.09472
-1.09299
-1.09188
-1.08696
-1.08442
-1.08421
-1.08018
-1.07864
-1.07411
-1.07186
-1.06834
-1.06679
-1.06383
-1.06177
-1.0577
-1.05333
-1.04899
-1.04344
-1.03963
-1.03824
-1.03635
-1.03289
-1.03119
-1.02907
-1.02518
-1.0237
-1.01975
-1.01521
-1.01198
-1.01121
-1.0072
-1.0022
-0.999504
-0.994931
-0.991811
-0.988261
-0.984543
-0.982
-0.977962
-0.974865
-0.971763
-0.969107
-0.966789
-0.96477
-0.960534
-0.958374
-0.953378
-0.950879
-0.947102
-0.946165
-0.941991
-0.940079
-0.93977
-0.93896
-0.936973
-0.93447
-0.930475
-0.928482
-0.925073
-0.923953
-0.916091
-0.913556
-0.910027
-0.907642
-0.904127
-0.901011
-0.896611
-0.894007
-0.891943
-0.887139
-0.886409
-0.883168
-0.881149
-0.878119
-0.875607
-0.874234
-0.870642
-0.867952
-0.864878
-0.861711
-0.858971
-0.856678
-0.852836
-0.85208
-0.851587
-0.845048
-0.841881
-0.838099
-0.833458
-0.828715
-0.825883
-0.824121
-0.820801
-0.817028
-0.813433
-0.81191
-0.808559
-0.803899
-0.802842
-0.800358
-0.796167
-0.789587
-0.788597
-0.782624
-0.778101
-0.776244
-0.774338
-0.771929
-0.767259
-0.766151
-0.760718
-0.757561
-0.753302
-0.752708
-0.751326
-0.746028
-0.744284
-0.741174
-0.738894
-0.736694
-0.731852
-0.728301
-0.725581
-0.72206
-0.716772
-0.714505
-0.710381
-0.708075
-0.705367
-0.703321
-0.702789
-0.701633
-0.699287
-0.693354
-0.689179
-0.684305
-0.681801
-0.680153
-0.675156
-0.668096
-0.66394
-0.658907
-0.656842
-0.653937
-0.648947
-0.647291
-0.642999
-0.639996
-0.632851
-0.63041
-0.624768
-0.622702
-0.61404
-0.610016
-0.606072
-0.602377
-0.597156
-0.596033
-0.593522
-0.590613
-0.586963
-0.585063
-0.582877
-0.580622
-0.579162
-0.573657
-0.568248
-0.567065
-0.56609
-0.564022
-0.561332
-0.561019
-0.555682
-0.551757
-0.550378
-0.545299
-0.54032
-0.536275
-0.534426
-0.533277
-0.529364
-0.527876
-0.525533
-0.52234
-0.518535
-0.516487
-0.510748
-0.509532
-0.507663
-0.503155
-0.501676
-0.500566
-0.497837
-0.488095
-0.4854
-0.481316
-0.480082
-0.477973
-0.475856
-0.471046
-0.4618
-0.459294
-0.456576
-0.454704
-0.451287
-0.449455
-0.448216
-0.444066
-0.441945
-0.436902
-0.435665
-0.433982
-0.43188
-0.429925
-0.422736
-0.421245
-0.417633
-0.415734
-0.413891
-0.408086
-0.401233
-0.39908
-0.398188
-0.39562
-0.393738
-0.391046
-0.386998
-0.38563
-0.382104
-0.379477
-0.378075
-0.374419
-0.372299
-0.370103
-0.366037
-0.363539
-0.362755
-0.359839
-0.358274
-0.354159
-0.35179
-0.350857
-0.347801
-0.341168
-0.339285
-0.338844
-0.332972
-0.325924
-0.324062
-0.323561
-0.320657
-0.31703
-0.314528
-0.313713
-0.310122
-0.309469
-0.307563
-0.304165
-0.298996
-0.297095
-0.290459
-0.287981
-0.28571
-0.281824
-0.281474
-0.279503
-0.276575
-0.275023
-0.273793
-0.272773
-0.26989
-0.26694
-0.265734
-0.263719
-0.262059
-0.259986
-0.258474
-0.25502
-0.253932
-0.251358
-0.248808
-0.245647
-0.243716
-0.242277
-0.2402
-0.238864
-0.236375
-0.233749
-0.230697
-0.229031
-0.226455
-0.225041
-0.223473
-0.219234
-0.218229
-0.217801
-0.216117
-0.214458
-0.211662
-0.211358
-0.208059
-0.206711
-0.205941
-0.2031
-0.201633
-0.201196
-0.198261
-0.196291
-0.193825
-0.191639
-0.191124
-0.188138
-0.186194
-0.185135
-0.182677
-0.181931
-0.17779
-0.175546
-0.173085
-0.172741
-0.170176
-0.168577
-0.166076
-0.163928
-0.163681
-0.162261
-0.157473
-0.155953
-0.154156
-0.150852
-0.150342
-0.148944
-0.146187
-0.144719
-0.142408
-0.14122
-0.138355
-0.134245
-0.132041
-0.131137
-0.128826
-0.12729
-0.125516
-0.123143
-0.121122
-0.117933
-0.116098
-0.113983
-0.111746
-0.111333
-0.108643
-0.106301
-0.104352
-0.102543
-0.101992
-0.0998147
-0.0965518
-0.0962431
-0.0940471
-0.091986
-0.0900399
-0.0858217
-0.0846542
-0.0823978
-0.0818332
-0.0795573
-0.0789227
-0.0766805
-0.0766181
-0.0727598
-0.0708264
-0.0677381
-0.0667034
-0.064919
-0.0636153
-0.0631503
-0.0596385
-0.0571311
-0.0560139
-0.0550698
-0.0528287
-0.0515957
-0.0486639
-0.0479925
-0.0445893
-0.0414197
-0.0410688
-0.0405117
-0.03858
-0.0366973
-0.033407
-0.0302034
-0.0269758
-0.0246973
-0.0228491
-0.0213854
-0.0199378
-0.0168721
-0.0159667
-0.0120059
-0.0108545
-0.00970643
-0.00724701
-0.00614327
-0.00548274
-0.00325141
0
0.000818515
0.00226888
0.00281748
0.00488301
0.00634692
0.0067514
0.00787938
0.00945164
0.0130788
0.0153697
0.018238
0.018604
0.0194458
0.0226704
0.0246719
0.0260014
0.0289884
0.0298436
0.0304246
0.0321182
0.0327153
0.0359104
0.0392208
0.0402968
0.0434423
0.0449212
0.0469656
0.0482369
0.0495454
0.0514504
0.0536178
0.0563942
0.0596527
0.0614003
0.0651301
0.0658883
0.0705373
0.0722871
0.0732041
0.0766328
0.0780631
0.0792961
0.0813432
0.083538
0.0860669
0.0870425
0.0928849
0.0947762
0.0965206
0.0986114
0.0989982
0.100643
0.104624
0.10502
0.106893
0.109731
0.110348
0.114701
0.11677
0.119022
0.119898
0.122293
0.124558
0.124985
0.128429
0.130614
0.133356
0.140046
0.142755
0.143728
0.147972
0.148699
0.151851
0.154453
0.156257
0.16058
0.163273
0.168623
0.170525
0.171968
0.175116
0.179367
0.18013
0.182278
0.184265
0.187276
0.189956
0.190882
0.195849
0.19867
0.201846
0.206747
0.209831
0.212944
0.215189
0.217008
0.220726
0.221813
0.22297
0.224779
0.226127
0.229359
0.232646
0.234699
0.239358
0.242422
0.245798
0.247681
0.250007
0.252941
0.254609
0.259839
0.261804
0.264168
0.266668
0.269441
0.272355
0.275782
0.279321
0.281335
0.285063
0.28943
0.291172
0.295011
0.299066
0.302685
0.305519
0.307737
0.312821
0.316611
0.319591
0.323496
0.324118
0.329555
0.331744
0.336579
0.338453
0.340303
0.343889
0.347109
0.351207
0.352986
0.356201
0.360419
0.367207
0.370299
0.371376
0.374791
0.375903
0.380383
0.385746
0.389241
0.391268
0.395153
0.395988
0.399801
0.402084
0.406281
0.410122
0.413232
0.415461
0.419592
0.42347
0.427565
0.429982
0.435665
0.437896
0.43974
0.444179
0.447829
0.449646
0.453497
0.459745
0.462316
0.466424
0.467515
0.468477
0.471839
0.474354
0.475799
0.478144
0.480597
0.482752
0.484486
0.486974
0.487392
0.488874
0.493775
0.495985
0.497943
0.500261
0.505205
0.507437
0.510957
0.515014
0.516228
0.519124
0.521332
0.52536
0.525698
0.526254
0.530018
0.531739
0.535694
0.536664
0.53953
0.542599
0.545942
0.549883
0.554698
0.555978
0.560603
0.561441
0.566542
0.568626
0.570887
0.573196
0.575491
0.576995
0.578999
0.583969
0.587163
0.590265
0.593581
0.595837
0.599228
0.601764
0.605842
0.607044
0.609905
0.613491
0.614301
0.615685
0.619773
0.62068
0.622055
0.622451
0.626339
0.628034
0.62953
0.632217
0.637247
0.640811
0.644999
0.646025
0.648214
0.652128
0.654232
0.658291
0.658589
0.660606
0.666357
0.669169
0.669732
0.672848
0.675028
0.677798
0.683411
0.688034
0.690218
0.693152
0.696607
0.697347
0.699788
0.704513
0.708874
0.710692
0.712742
0.713638
0.714959
0.718496
0.719982
0.727216
0.731133
0.73243
0.736186
0.738698
0.742299
0.743963
0.748583
0.750313
0.753418
0.756351
0.763019
0.763938
0.767597
0.771027
0.773836
0.778323
0.77949
0.780561
0.782114
0.782976
0.783989
0.787641
0.793218
0.795715
0.797683
0.799067
0.802361
0.803321
0.810165
0.810352
0.813906
0.814731
0.816433
0.816789
0.820579
0.824128
0.826877
0.828455
0.828845
0.833487
0.841445
0.845155
0.845826
0.847315
0.848148
0.852916
0.855629
0.859807
0.860645
0.863165
0.868999
0.870295
0.872535
0.874332
0.879173
0.880756
0.883958
0.886151
0.88904
0.893007
0.894793
0.897685
0.898528
0.902125
0.903747
0.904416
0.907742
0.909897
0.915367
0.917925
0.91881
0.922611
0.923373
0.92652
0.930526
0.930895
0.933373
0.935515
0.937157
0.938543
0.942083
0.945349
0.946478
0.946995
0.947704
0.950476
0.9529
0.954268
0.957923
0.959884
0.963226
0.965786
0.967278
0.969851
0.971666
0.973048
0.975537
0.977607
0.979243
0.981991
0.986162
0.989516
0.991069
0.994448
0.994632
0.995608
1.00128
1.00188
1.00408
1.00563
1.00858
1.01207
1.01316
1.0155
1.01674
1.01908
1.01946
1.021
1.02425
1.02471
1.02683
1.03079
1.03224
1.03435
1.03762
1.03865
1.04125
1.04154
1.04363
1.04701
1.04897
1.05281
1.05375
1.05459
1.05733
1.05959
1.06088
1.06247
1.06729
1.06855
1.06897
1.0722
1.0742
1.0761
1.07687
1.08195
1.08384
1.08421
1.08514
1.08676
1.08889
1.08933
1.09203
1.09432
1.09625
1.10048
1.10399
1.10444
1.10889
1.11036
1.11349
1.11474
1.11546
1.11914
1.1201
1.12364
1.12661
1.12999
1.13311
1.13507
1.13614
1.13898
1.14054
1.14147
1.14246
1.14847
1.14957
1.15063
1.15254
1.1544
1.15765
1.1587
1.16043
1.16343
1.16564
1.16621
1.17029
1.17366
1.17402
1.17732
1.18044
1.18129
1.18216
1.18415
1.18688
1.18748
1.18951
1.19209
1.19425
1.19616
1.19811
1.19835
1.20249
1.20414
1.20458
1.20766
1.20879
1.21177
1.21369
1.21559
1.21619
1.2199
1.22068
1.22368
1.22682
1.22817
1.23101
1.23547
1.23864
1.24103
1.2429
1.24806
1.25181
1.25319
1.2546
1.25652
1.25922
1.26239
1.26291
1.26682
1.26828
1.27111
1.27325
1.27621
1.27958
1.28247
1.28476
1.2873
1.29114
1.29834
1.29866
1.30129
1.30388
1.30724
1.3088
1.3099
1.3143
1.31702
1.32005
1.32179
1.32406
1.32753
1.32893
1.33214
1.3344
1.33637
1.3416
1.34377
1.34408
1.34647
1.35233
1.3567
1.36124
1.3628
1.36422
1.36461
1.36669
1.36907
1.37331
1.38075
1.38259
1.38802
1.39036
1.39365
1.39797
1.40046
1.40236
1.4031
1.40341
1.40617
1.40932
1.41425
1.41721
1.41933
1.42495
1.42739
1.43049
1.43628
1.43859
1.43932
1.44238
1.44262
1.44561
1.4499
1.4572
1.46068
1.46096
1.46193
1.46657
1.47144
1.47427
1.47537
1.47713
1.47908
1.48288
1.48611
1.48687
1.49031
1.49106
1.49613
1.49965
1.50213
1.50645
1.509
1.5104
1.517
1.52043
1.52443
1.52631
1.53157
1.53303
1.53808
1.54005
1.54355
1.54762
1.55305
1.55725
1.56088
1.56447
1.56585
1.56767
1.57333
1.57454
1.5796
1.58169
1.58612
1.58811
1.59133
1.59499
1.59685
1.59966
1.6041
1.60534
1.60954
1.6101
1.61248
1.61464
1.62122
1.62402
1.62666
1.63066
1.63314
1.63366
1.63902
1.64021
1.64223
1.6429
1.64718
1.6495
1.65247
1.65368
1.65543
1.65896
1.66117
1.66283
1.66501
1.66679
1.6703
1.67248
1.67393
1.67734
1.68018
1.68227
1.68533
1.6883
1.69058
1.6943
1.69558
1.69861
1.70317
1.70451
1.70674
1.70763
1.70928
1.71699
1.71927
1.72036
1.72224
1.72467
1.72933
1.73275
1.7335
1.73628
1.73687
1.74007
1.74167
1.74307
1.74503
1.74634
1.74917
1.75049
1.75215
1.75519
1.75714
1.75942
1.76002
1.76165
1.76232
1.76454
1.76887
1.76981
1.77296
1.77493
1.77726
1.77803
1.78023
1.78294
1.78442
1.78684
1.79037
1.79096
1.79293
1.7963
1.79872
1.79961
1.80161
1.80267
1.80578
1.80768
1.8097
1.81147
1.81514
1.81709
1.81797
1.82003
1.82181
1.8246
1.8256
1.82695
1.82935
1.83308
1.83492
1.83659
1.83731
1.83991
1.8427
1.84441
1.84648
1.84801
1.85034
1.85302
1.85578
1.85709
1.85895
1.86178
1.86665
1.87021
1.87221
1.8751
1.87843
1.88146
1.88422
1.88539
1.8878
1.88916
1.89302
1.89443
1.89643
1.90192
1.90483
1.91117
1.91192
1.91481
1.91746
1.91917
1.92284
1.92365
1.92513
1.92836
1.93213
1.93457
1.93627
1.93876
1.94501
1.94756
1.95095
1.95321
1.95709
1.95812
1.962
1.96372
1.96727
1.96971
1.97209
1.97229
1.97285
1.97504
1.98263
1.98449
1.98716
1.99086
1.99367
1.99722
1.99995
2.00264
2.00532
2.00828
2.00887
2.00985
2.01266
2.01548
2.01825
2.02068
2.02113
2.02222
2.02691
2.02845
2.03112
2.03275
2.03561
2.0393
2.04183
2.0451
2.0465
2.04718
2.05162
2.05349
2.05649
2.05777
2.06227
2.06364
2.06549
2.06602
2.06859
2.0707
2.07432
2.07616
2.07751
2.07901
2.07944
2.0813
2.08305
2.08763
2.09029
2.0922
2.09343
2.09645
2.09827
2.09957
2.1004
2.10499
2.10615
2.11044
2.111
2.11198
2.11547
2.11898
2.122
2.12418
2.12476
2.12552
2.12727
2.12888
2.13223
2.135
2.13646
2.13724
2.13755
2.13933
2.14426
2.14521
2.14971
2.15302
2.15448
2.15491
2.15923
2.16452
2.16553
2.16642
2.16778
2.17028
2.17341
2.17617
2.17664
2.17837
2.17903
2.18096
2.18206
2.18649
2.19153
2.19497
2.19738
2.19982
2.20328
2.20415
2.20688
2.20866
2.21137
2.21492
2.21953
2.21993
2.22331
2.23034
2.23122
2.23314
2.23838
2.24142
2.24465
2.24651
2.24954
2.25028
2.2523
2.25655
2.25911
2.26059
2.26353
2.266
2.26963
2.27063
2.27399
2.27886
2.27987
2.28405
2.28682
2.28849
2.2934
2.29348
2.29745
2.29983
2.30336
2.3044
2.3085
2.31036
2.31065
2.31416
2.31449
2.3186
2.31968
2.32101
2.32433
2.32627
2.33142
2.3337
2.33514
2.33824
2.33901
2.34126
2.34497
2.34598
2.3504
2.35189
2.3524
2.35432
2.35726
2.35813
2.35997
2.36071
2.36193
2.36458
2.36595
2.36759
2.36877
2.37154
2.37423
2.37653
2.37761
2.37866
2.38111
2.38207
2.38682
2.38748
2.38982
2.39093
2.39285
2.396
2.39673
2.39986
2.40179
2.40535
2.40603
2.40766
2.40985
2.41148
2.41415
2.4171
2.41867
2.42068
2.42088
2.423
2.42452
2.42574
2.42633
2.43138
2.43249
2.43465
2.43815
2.43862
2.44059
2.44247
2.4457
2.44909
2.45239
2.45341
2.45568
2.45898
2.46165
2.46425
2.46916
2.47064
2.47341
2.47512
2.47697
2.47834
2.48138
2.4836
2.4865
2.48738
2.48876
2.49444
2.49771
2.50101
2.50188
2.50421
2.50804
2.51061
2.51546
2.51715
2.51941
2.52075
2.52669
2.52894
2.53015
2.53207
2.53491
2.53933
2.54254
2.54552
2.54823
2.5505
2.55391
2.55584
2.55658
2.56208
2.56493
2.56828
2.57128
2.57402
2.57832
2.57927
2.58219
2.58665
2.58846
2.5889
2.59148
2.59316
2.59777
2.60087
2.60325
2.60729
2.60884
2.61043
2.61333
2.6154
2.61706
2.61919
2.62021
2.62515
2.62638
2.63097
2.63543
2.636
2.63862
2.64246
2.64429
2.64556
2.64719
2.6482
2.65236
2.65511
2.65534
2.65808
2.66117
2.6632
2.6655
2.66716
2.66966
2.67002
2.67129
2.67536
2.67628
2.6803
2.68176
2.68341
2.68669
2.68841
2.69207
2.69375
2.69651
2.69733
2.70011
2.70219
2.70544
2.70767
2.7095
2.71161
2.71255
2.71632
2.71856
2.71936
2.72326
2.72641
2.72967
2.73063
2.73273
2.73418
2.7362
2.73927
2.74314
2.74524
2.74744
2.74893
2.74944
2.75329
2.75675
2.75762
2.75861
2.76037
2.76258
2.76505
2.76931
2.77237
2.77314
2.77658
2.77861
2.78176
2.7844
2.78704
2.78926
2.79177
2.79333
2.79583
2.79654
2.80141
2.80235
2.80387
2.80765
2.8109
2.81313
2.81362
2.81613
2.81806
2.81994
2.82096
2.82393
2.82566
2.82593
2.82796
2.82934
2.83086
2.83514
2.83603
2.83863
2.8414
2.84229
2.84524
2.84744
2.85074
2.85244
2.85501
2.8558
2.85722
2.8601
2.86113
2.86368
2.86518
2.86786
2.87085
2.87114
2.87344
2.87552
2.87658
2.87686
2.87856
2.88117
2.8833
2.88539
2.88678
2.88928
2.89245
2.893
2.89328
2.89831
2.89991
2.90429
2.90558
2.9063
2.90994
2.91119
2.91223
2.91412
2.91641
2.91658
2.91867
2.91965
2.92232
2.92351
2.92762
2.93072
2.93253
2.93504
2.93861
2.94088
2.94222
2.94593
2.94761
2.94829
2.95392
2.95611
2.96112
2.96278
2.9649
2.96723
2.96817
2.9697
2.972
2.97425
2.97624
2.97889
2.98156
2.98231
2.98405
2.98465
2.99121
2.99396
2.99686
2.99846
3.00095
3.00236
3.00667
3.00855
3.01313
3.01669
3.01854
3.02272
3.02462
3.02562
3.02704
3.03
3.03365
3.03498
3.03819
3.04328
3.04443
3.04854
3.05036
3.05278
3.0549
3.05809
3.05831
3.06139
3.06255
3.06517
3.06928
3.07403
3.07514
3.07885
3.08136
3.08601
3.08695
3.08738
3.09102
3.09662
3.09702
3.09852
3.10434
3.10764
3.10831
3.11114
3.11269
3.12018
3.12192
3.12488
3.12691
3.1319
3.13482
3.13736
3.14099
3.14148
3.14519
3.14598
3.14834
3.15145
3.15597
3.15737
3.16168
3.16324
3.16515
3.16907
3.16964
3.17069
3.1732
3.17709
3.18295
3.18367
3.18615
3.19218
3.19496
3.19597
3.19951
3.20108
3.208
3.21099
3.21266
3.21462
3.21764
3.21787
3.22068
3.22628
3.2277
3.23014
3.23359
3.24067
3.2432
3.2456
3.24989
3.25502
3.25817
3.25847
3.26221
3.26659
3.26839
3.27028
3.27319
3.27454
3.2768
3.27748
3.28165
3.28276
3.28751
3.29171
3.29896
3.30025
3.30222
3.30402
3.30905
3.3145
3.31553
3.31987
3.32275
3.32737
3.33058
3.33388
3.33573
3.33818
3.3405
3.34566
3.3498
3.35187
3.35483
3.3575
3.35913
3.36304
3.36844
3.37027
3.37279
3.37422
3.37569
3.37791
3.38176
3.3861
3.39151
3.39538
3.39761
3.40096
3.40554
3.4082
3.41529
3.41675
3.41844
3.41963
3.42112
3.42444
3.42534
3.42803
3.43035
3.43125
3.43453
3.43741
3.44093
3.44447
3.45346
3.45582
3.45707
3.46276
3.46398
3.46539
3.47073
3.47515
3.47625
3.47854
3.48058
3.48488
3.48635
3.48915
3.49168
3.49334
3.49722
3.49815
3.50122
3.50343
3.50679
3.50808
3.51196
3.5152
3.5158
3.51868
3.52181
3.52297
3.52425
3.52841
3.53107
3.53443
3.53593
3.5369
3.54056
3.54435
3.54619
3.54741
3.54927
3.55371
3.55529
3.55591
3.55995
3.56059
3.56314
3.56408
3.56536
3.5675
3.56952
3.57246
3.57485
3.57695
3.57779
3.58277
3.58389
3.5876
3.58906
3.58975
3.59221
3.59533
3.59762
3.60085
3.6025
3.60435
3.60556
3.60765
3.60988
3.61259
3.61423
3.61623
3.6173
3.62095
3.62416
3.62572
3.62868
3.62954
3.63134
3.63186
3.63668
3.63926
3.64054
3.64244
3.64504
3.64669
3.64751
3.65265
3.65441
3.6555
3.65891
3.66012
3.66276
3.66692
3.66886
3.67084
3.67655
3.67827
3.68046
3.68193
3.683
3.68681
3.68814
3.68958
3.69314
3.69368
3.6942
3.69502
3.6993
3.70265
3.70378
3.70526
3.70608
3.7124
3.71595
3.71886
3.71991
3.72252
3.72465
3.72835
3.72877
3.73335
3.73572
3.73712
3.74082
3.74186
3.74462
3.74559
3.74777
3.7501
3.75352
3.75515
3.75594
3.7591
3.76163
3.76365
3.76483
3.76511
3.76659
3.76852
3.77127
3.77131
3.77278
3.77702
3.77768
3.77841
3.78052
3.78306
3.78637
3.78786
3.79016
3.79126
3.79323
3.7939
3.79481
3.79752
3.79933
3.80147
3.80496
3.80531
3.80834
3.81111
3.81349
3.8155
3.81804
3.82157
3.82224
3.82312
3.82746
3.83099
3.83222
3.83289
3.8347
3.83728
3.83988
3.83994
3.84143
3.84202
3.84486
3.84832
3.84877
3.85162
3.85293
3.85678
3.85823
3.85956
3.86206
3.86335
3.86684
3.86949
3.87184
3.87293
3.87356
3.87403
3.8798
3.88107
3.88144
3.88564
3.88787
3.8887
3.88966
3.89096
3.89378
3.89396
3.89897
3.89947
3.9017
3.903
3.90383
3.90515
3.90814
3.91029
3.91277
3.91453
3.91468
3.91782
3.9194
3.92302
3.92485
3.92524
3.92745
3.93198
3.93341
3.9357
3.93751
3.94046
3.94133
3.94416
3.94516
3.94852
3.95037
3.95245
3.95419
3.95526
3.9599
3.96161
3.96542
3.96746
3.96823
3.97092
3.9742
3.97582
3.97606
3.97915
3.98322
3.98702
3.98881
3.98907
3.99037
3.99275
3.99347
3.99566
3.99796
3.99947
4.00165
4.00449
4.00592
4.00725
4.01164
4.01243
4.01564
4.01987
4.02364
4.02485
4.02626
4.03074
4.0332
4.03524
4.03606
4.0414
4.04282
4.04426
4.04534
4.05263
4.05323
4.05518
4.05812
4.05934
4.0597
4.06207
4.06421
4.06718
4.07028
4.07154
4.0724
4.07542
4.0787
4.08059
4.0831
4.08456
4.08632
4.08902
4.09027
4.09171
4.09309
4.09769
4.09814
4.1009
4.10194
4.10386
4.10637
4.10756
4.11004
4.11274
4.11379
4.11643
4.11886
4.12215
4.12232
4.12486
4.12813
4.13036
4.1346
4.1361
4.14008
4.14356
4.14498
4.14692
4.14999
4.15213
4.15572
4.15673
4.1581
4.16187
4.16459
4.16625
4.16893
4.16938
4.17007
4.17762
4.17867
4.17959
4.1817
4.18501
4.18705
4.1872
4.19211
4.19578
4.19596
4.20138
4.20659
4.20843
4.21073
4.21161
4.21432
4.22024
4.22052
4.22346
4.22816
4.23332
4.23499
4.23581
4.24046
4.24382
4.24564
4.25166
4.2544
4.25754
4.2596
4.26288
4.26312
4.26701
4.27153
4.27527
4.27788
4.2854
4.28671
4.28832
4.2928
4.29615
4.29812
4.30165
4.30563
4.31121
4.31478
4.31659
4.31902
4.32021
4.32123
4.32613
4.32853
4.33223
4.33673
4.34144
4.34187
4.34855
4.34971
4.3529
4.35687
4.36208
4.3643
4.36815
4.37133
4.37567
4.38009
4.38089
4.38373
4.38638
4.39135
4.39478
4.39697
4.4011
4.40465
4.40943
4.41518
4.41887
4.41985
4.42408
4.42903
4.43037
4.43523
4.43679
4.43851
4.44259
4.44405
4.44924
4.45176
4.45391
4.46217
4.46402
4.46558
4.46878
4.47174
4.47592
4.47888
4.47992
4.48456
4.48595
4.48904
4.49138
4.49633
4.50159
4.50333
4.50642
4.50784
4.51043
4.51547
4.51717
4.52096
4.52205
4.52676
4.52726
4.52806
4.5298
4.53273
4.53998
4.54106
4.54784
4.54904
4.55279
4.55391
4.55621
4.56382
4.56738
4.56962
4.57424
4.5762
4.58105
4.58299
4.58716
4.58903
4.59084
4.5935
4.59575
4.59727
4.60222
4.6064
4.61301
4.6142
4.6178
4.61997
4.6222
4.62618
4.62718
4.63077
4.63254
4.63618
4.63981
4.64365
4.64519
4.64994
4.65517
4.65823
4.66186
4.66357
4.66769
4.66858
4.67168
4.67374
4.67567
4.67766
4.68384
4.68688
4.68971
4.69106
4.69703
4.70009
4.70117
4.70689
4.71028
4.71274
4.71527
4.71717
4.72014
4.7242
4.72445
4.72895
4.73086
4.73427
4.73466
4.73625
4.73897
4.74185
4.7426
4.74342
4.74868
4.74983
4.75311
4.75736
4.7588
4.76086
4.76202
4.76274
4.76639
4.76823
4.76862
4.77142
4.77162
4.77537
4.7785
4.78186
4.78756
4.78951
4.79186
4.79382
4.79544
4.79604
4.80289
4.80383
4.807
4.80985
4.81286
4.81297
4.81685
4.81785
4.82022
4.82396
4.8259
4.8285
4.82938
4.83357
4.84047
4.84234
4.8475
4.8501
4.85185
4.85452
4.85766
4.85918
4.86332
4.86543
4.86655
4.86816
4.87413
4.87467
4.87672
4.87935
4.88292
4.88531
4.89146
4.89455
4.89687
4.89876
4.8999
4.90257
4.90672
4.91062
4.91349
4.91556
4.91788
4.92002
4.92291
4.92469
4.926
4.93005
4.93615
4.93717
4.94376
4.94469
4.94768
4.95182
4.953
4.95677
4.96018
4.96232
4.96439
4.96527
4.96885
4.96923
4.97281
4.97764
4.97847
4.9794
4.9855
4.98739
4.98952
4.99498
4.99601
5.00047
5.00465
5.00759
5.01051
5.01326
5.01521
5.01683
5.01712
5.02016
5.02177
5.02324
5.02436
5.02646
5.02772
5.029
5.0326
5.03363
5.03519
5.0366
5.03743
5.0385
5.03977
5.04462
5.04629
5.04892
5.05022
5.05101
5.05297
5.05461
5.05686
5.05839
5.06194
5.0644
5.06691
5.07048
5.07239
5.07371
5.07633
5.07648
5.07909
5.08003
5.08561
5.08607
5.0885
5.09027
5.09472
5.09669
5.10018
5.10291
5.10483
5.10599
5.11008
5.11135
5.11239
5.11659
5.11873
5.12408
5.12824
5.12965
5.13188
5.13476
5.13747
5.14042
5.14446
5.14643
5.14941
5.15071
5.15245
5.15538
5.15978
5.16111
5.16173
5.16296
5.1648
5.16992
5.17137
5.17341
5.17549
5.18097
5.18165
5.18338
5.18427
5.18781
5.19383
5.19528
5.19622
5.19718
5.19807
5.20129
5.20533
5.20638
5.20946
5.21369
5.21677
5.21911
5.22043
5.22353
5.22787
5.23266
5.23425
5.23674
5.23887
5.24269
5.24429
5.24771
5.24917
5.24953
5.25224
5.25617
5.25776
5.2585
5.26384
5.26655
5.2682
5.27177
5.27433
5.27663
5.27897
5.28025
5.28336
5.28497
5.2889
5.29003
5.29428
5.2962
5.29775
5.29903
5.30192
5.30598
5.30757
5.31057
5.31411
5.31569
5.31826
5.32015
5.32202
5.3236
5.32814
5.33137
5.33437
5.33646
5.33893
5.34438
5.34734
5.34862
5.35098
5.35406
5.35531
5.35765
5.35905
5.36091
5.36237
5.36651
5.37156
5.3757
5.37705
5.38684
5.38836
5.38943
5.39448
5.39807
5.40087
5.40338
5.40581
5.40649
5.40909
5.41164
5.41406
5.41904
5.41965
5.42144
5.42316
5.42602
5.42967
5.4305
5.43343
5.43536
5.43822
5.44301
5.44663
5.447
5.44825
5.45312
5.455
5.45693
5.4604
5.46209
5.46998
5.47426
5.47556
5.47621
5.48154
5.48307
5.48669
5.4902
5.49647
5.49735
5.4992
5.50094
5.5032
5.50538
5.50559
5.50758
5.51005
5.51367
5.51755
5.51996
5.52262
5.52624
5.52765
5.53236
5.53529
5.53656
5.53938
5.54339
5.54492
5.54973
5.55211
5.5539
5.55566
5.55924
5.56229
5.56442
5.56687
5.56932
5.57231
5.5743
5.57977
5.58085
5.58225
5.58498
5.58539
5.58981
5.59366
5.59559
5.59937
5.60143
5.60214
5.60561
5.60782
5.6106
5.61105
5.61571
5.61878
5.62057
5.62234
5.62575
5.62762
5.6313
5.63198
5.63588
5.63886
5.63963
5.65067
5.65188
5.65368
5.65471
5.6567
5.65966
5.66296
5.66478
5.66837
5.67418
5.6748
5.6767
5.68055
5.68189
5.68259
5.68517
5.68707
5.69017
5.69371
5.69541
5.69591
5.70017
5.70301
5.70729
5.7086
5.71051
5.71315
5.71652
5.71774
5.72064
5.72218
5.72497
5.72821
5.73075
5.73192
5.7353
5.73912
5.74149
5.74489
5.74604
5.74938
5.75079
5.75159
5.75304
5.75615
5.75901
5.76191
5.76625
5.76815
5.76938
5.77128
5.77452
5.77553
5.77739
5.78116
5.78274
5.7899
5.79095
5.79352
5.79499
5.79771
5.80041
5.8027
5.80442
5.80845
5.81396
5.81433
5.81548
5.81815
5.81952
5.82174
5.82399
5.82631
5.82924
5.83268
5.83516
5.83613
5.84135
5.84268
5.84419
5.84525
5.84776
5.85186
5.85201
5.85599
5.85896
5.86209
5.86407
5.86723
5.86864
5.86985
5.87296
5.87696
5.87845
5.88282
5.88651
5.88709
5.88948
5.89061
5.89096
5.89695
5.90016
5.90344
5.90552
5.90761
5.91143
5.91356
5.91718
5.91794
5.92082
5.92534
5.92772
5.93172
5.93292
5.93952
5.94085
5.94712
5.9482
5.95131
5.9539
5.95644
5.96183
5.96442
5.96654
5.96706
5.97039
5.97466
5.97708
5.97988
5.98429
5.98712
5.98987
5.99201
5.99439
5.9976
6.00192
6.00537
6.00827
6.01136
6.01357
6.01525
6.01877
6.0195
6.02139
6.02392
6.025
6.02753
6.0283
6.03273
6.03488
6.03719
6.03962
6.04296
6.04647
6.04996
6.05279
6.05624
6.05694
6.05712
6.06053
6.06652
6.07009
6.07485
6.078
6.07955
6.08149
6.08903
6.09127
6.09499
6.09828
6.09862
6.10107
6.10355
6.10507
6.10656
6.10983
6.11279
6.11338
6.11493
6.12127
6.12305
6.12383
6.1269
6.12973
6.13103
6.13526
6.13876
6.14068
6.14311
6.14626
6.14934
6.15339
6.15597
6.15859
6.16661
6.16835
6.17157
6.17345
6.17514
6.17667
6.18274
6.183
6.18468
6.18646
6.19305
6.19435
6.19682
6.19824
6.19984
6.20124
6.20586
6.20947
6.2114
6.21638
6.21895
6.2205
6.22447
6.22515
6.23049
6.23261
6.2364
6.239
6.24303
6.24383
6.24676
6.24793
6.24993
6.25252
6.25462
6.25971
6.26051
6.26169
6.26583
6.26698
6.2734
6.27589
6.27845
6.28397
6.2854
6.2885
6.29251
6.29499
6.29667
6.3027
6.30722
6.31251
6.31347
6.3162
6.31984
6.32138
6.32269
6.32409
6.32948
6.33124
6.3374
6.34036
6.34127
6.34397
6.34587
6.34802
6.35187
6.35773
6.35896
6.36019
6.36381
6.3706
6.37498
6.37807
6.38088
6.384
6.38594
6.38921
6.39506
6.39544
6.39653
6.39837
6.40331
6.40971
6.41116
6.41255
6.41725
6.41772
6.42019
6.42462
6.42704
6.43082
6.43191
6.43379
6.43648
6.44087
6.4485
6.45201
6.454
6.45747
6.46023
6.46276
6.46608
6.46822
6.46996
6.47499
6.47827
6.47898
6.48207
6.48503
6.48556
6.49048
6.49389
6.49759
6.49771
6.50065
6.50257
6.50407
6.5092
6.51263
6.51295
6.51642
6.51885
6.52004
6.52172
6.52517
6.52606
6.53104
6.53341
6.53682
6.5377
6.54083
6.54383
6.54409
6.54579
6.54856
6.55036
6.55109
6.55417
6.55704
6.55979
6.56388
6.565
6.56663
6.57217
6.57377
6.57503
6.57716
6.57808
6.58128
6.58312
6.58424
6.58533
6.58985
6.59134
6.5951
6.59771
6.60107
6.6026
6.60389
6.60595
6.60923
6.61227
6.61294
6.61513
6.61633
6.6193
6.62022
6.62503
6.62652
6.627
6.63321
6.64026
6.64123
6.64412
6.64682
6.64909
6.65002
6.6539
6.65536
6.65978
6.66073
6.66266
6.664
6.66742
6.6694
6.67198
6.67308
6.67567
6.67791
6.68054
6.68198
6.6852
6.68602
6.69017
6.6911
6.69485
6.69862
6.70097
6.70305
6.7051
6.70822
6.71324
6.71575
6.71631
6.72085
6.72314
6.7255
6.72639
6.72747
6.72915
6.73232
6.73475
6.73581
6.73772
6.73856
6.74148
6.74259
6.7456
6.74978
6.75123
6.75496
6.75724
6.75808
6.76257
6.76328
6.76726
6.76944
6.77094
6.77406
6.77571
6.77762
6.77835
6.78161
6.78725
6.78897
6.79322
6.79376
6.79539
6.79714
6.8006
6.80159
6.80329
6.80573
6.80957
6.81271
6.81388
6.81709
6.81783
6.82007
6.82629
6.82797
6.83094
6.83317
6.83618
6.83914
6.84107
6.84473
6.84774
6.84949
6.85188
6.8549
6.85666
6.85915
6.86226
6.86543
6.86818
6.86924
6.87287
6.87325
6.87484
6.8756
6.87745
6.87901
6.88062
6.88458
6.88839
6.89115
6.8922
6.89444
6.89661
6.90125
6.90621
6.90841
6.90957
6.91091
6.9118
6.91274
6.91594
6.91779
6.91963
6.92543
6.92868
6.93317
6.93419
6.93615
6.93752
6.94001
6.94121
6.94429
6.94787
6.94884
6.95033
6.95324
6.95444
6.95722
6.9607
6.96239
6.96803
6.96905
6.97166
6.97408
6.97792
6.98
6.98417
6.98499
6.98874
6.99017
6.99169
6.99483
6.99688
6.99873
7.00191
7.00274
7.004
7.00686
7.00876
7.01059
7.01142
7.01427
7.01651
7.01879
7.02025
7.02449
7.02803
7.03076
7.03503
7.03596
7.03762
7.04114
7.04269
7.04561
7.04736
7.05221
7.05365
7.05495
7.06024
7.06179
7.06357
7.06715
7.06949
7.0715
7.07486
7.07664
7.07972
7.0813
7.08169
7.08402
7.08704
7.09454
7.09576
7.09872
7.10203
7.10371
7.10655
7.10956
7.11288
7.11388
7.11594
7.11928
7.12273
7.12653
7.1286
7.13198
7.1351
7.13566
7.13966
7.14236
7.14305
7.14554
7.15072
7.15478
7.15552
7.15874
7.16208
7.16351
7.16575
7.16874
7.17278
7.17574
7.17693
7.1771
7.1786
7.1814
7.18408
7.1892
7.19036
7.1932
7.19638
7.20149
7.20202
7.20387
7.20768
7.20858
7.21087
7.21694
7.22183
7.22436
7.22889
7.22954
7.23191
7.23386
7.23619
7.23716
7.23999
7.24177
7.2454
7.24854
7.24996
7.25292
7.25918
7.26235
7.26561
7.27098
7.27473
7.27714
7.27805
7.27965
7.28566
7.28671
7.28945
7.29197
7.29297
7.29843
7.3009
7.30727
7.31069
7.31288
7.31439
7.31702
7.3202
7.32138
7.32498
7.32801
7.33122
7.33394
7.33583
7.33908
7.34157
7.34432
7.349
7.3522
7.35548
7.35649
7.36192
7.36656
7.36888
7.37142
7.3739
7.38098
7.38317
7.38397
7.38818
7.39003
7.39326
7.39727
7.39821
7.39843
7.40327
7.40677
7.40943
7.41205
7.41314
7.41453
7.41718
7.42147
7.42258
7.42638
7.43133
7.43236
7.43461
7.43654
7.43798
7.44077
7.44142
7.44356
7.4516
7.45542
7.45641
7.46101
7.46189
7.46421
7.46678
7.47062
7.47377
7.47712
7.47995
7.48217
7.4865
7.48963
7.49231
7.49428
7.49848
7.50043
7.50247
7.50764
7.50839
7.51117
7.51439
7.51799
7.52133
7.52225
7.52441
7.52713
7.52876
7.53205
7.53273
7.53563
7.53807
7.5409
7.54171
7.5435
7.54539
7.54809
7.54918
7.55207
7.55738
7.55882
7.56125
7.56465
7.56763
7.57223
7.57296
7.57522
7.57632
7.57925
7.57969
7.58075
7.58396
7.58498
7.58748
7.59062
7.59707
7.59836
7.60196
7.60284
7.60559
7.60943
7.61092
7.61459
7.61763
7.62044
7.62307
7.62771
7.62957
7.63182
7.63494
7.63623
7.64133
7.64268
7.64588
7.64654
7.64772
7.65314
7.65449
7.65608
7.65689
7.66025
7.6624
7.66409
7.66662
7.66823
7.66919
7.67057
7.67447
7.67705
7.68038
7.68125
7.68655
7.69213
7.6936
7.69529
7.6972
7.70109
7.70381
7.7039
7.706
7.70751
7.7124
7.71489
7.71741
7.71814
7.72027
7.7235
7.72758
7.72827
7.73007
7.73251
7.73458
7.73822
7.74029
7.744
7.74454
7.74625
7.75017
7.75421
7.75454
7.75588
7.7595
7.76388
7.76596
7.76959
7.77239
7.77707
7.78029
7.78308
7.78338
7.78595
7.79087
7.792
7.79907
7.80084
7.8038
7.8115
7.81384
7.81449
7.81782
7.81961
7.82155
7.82469
7.82544
7.82849
7.83084
7.83265
7.83411
7.83625
7.84112
7.84362
7.84805
7.85217
7.85331
7.85671
7.85696
7.86197
7.86462
7.8659
7.8691
7.87148
7.87494
7.87581
7.87797
7.88022
7.88493
7.8867
7.88896
7.89143
7.89357
7.89471
7.90743
7.91018
7.91325
7.91581
7.91622
7.91808
7.92197
7.92485
7.92576
7.92844
7.9312
7.93345
7.93664
7.94214
7.94394
7.94768
7.95077
7.95346
7.95669
7.95884
7.96014
7.96067
7.96322
7.96707
7.96986
7.97158
7.97365
7.97966
7.98165
7.98328
7.98693
7.98874
7.99021
7.99211
7.99543
7.99781
7.99836
7.99908
8.00666
8.01249
8.01473
8.01662
8.01905
8.02281
8.02393
8.02729
8.02777
8.03032
8.03253
8.03573
8.03635
8.04008
8.04266
8.04461
8.04768
8.05017
8.0531
8.05439
8.05886
8.05977
8.061
8.06396
8.06491
8.06864
8.07144
8.07372
8.07469
8.07964
8.08145
8.08406
8.08834
8.089
8.0938
8.09721
8.09942
8.10347
8.10775
8.11084
8.11578
8.11957
8.12434
8.12575
8.12694
8.1285
8.13158
8.14465
8.14508
8.14952
8.15088
8.15376
8.15626
8.15923
8.16079
8.16294
8.16551
8.1696
8.17372
8.17776
8.17995
8.18517
8.18926
8.19182
8.19288
8.19432
8.19975
8.20134
8.20319
8.20578
8.20708
8.21124
8.21263
8.21669
8.21784
8.21935
8.22173
8.22373
8.22867
8.23015
8.23356
8.23397
8.23849
8.23919
8.24492
8.24666
8.25064
8.25738
8.26045
8.26591
8.26802
8.26934
8.27545
8.27894
8.28365
8.28607
8.28804
8.28849
8.2917
8.29618
8.29805
8.30037
8.30664
8.30905
8.31422
8.31651
8.32079
8.32334
8.32515
8.32685
8.33143
8.33697
8.33727
8.34132
8.34515
8.34663
8.35073
8.35323
8.35464
8.35674
8.35721
8.35986
8.36432
8.36674
8.37323
8.3775
8.37871
8.38107
8.38493
8.39112
8.39264
8.39332
8.40695
8.40953
8.41319
8.41568
8.42129
8.4245
8.42744
8.43409
8.43947
8.44079
8.44486
8.44792
8.45344
8.45474
8.46154
8.46287
8.46473
8.46876
8.47013
8.47404
8.47724
8.47934
8.48316
8.4842
8.48686
8.4911
8.49191
8.49416
8.50442
8.50493
8.51094
8.51413
8.5159
8.52106
8.52662
8.53006
8.53635
8.53765
8.5416
8.54696
8.54709
8.55233
8.56161
8.56295
8.56739
8.5705
8.57524
8.57845
8.58226
8.58675
8.5888
8.59402
8.59591
8.59745
8.59968
8.60921
8.61399
8.61767
8.61901
8.62298
8.62576
8.6284
8.63202
8.63696
8.63935
8.64109
8.64479
8.648
8.65007
8.65251
8.65592
8.65829
8.66128
8.66341
8.66962
8.67358
8.67579
8.68066
8.68581
8.68797
8.69229
8.69614
8.69753
8.69852
8.70273
8.70772
8.7125
8.71382
8.71633
8.71991
8.72091
8.72207
8.72454
8.73157
8.73725
8.73961
8.74289
8.74402
8.74969
8.7516
8.75595
8.75768
8.76131
8.76367
8.76462
8.76766
8.76888
8.77613
8.78001
8.78168
8.78205
8.78817
8.79162
8.79545
8.79783
8.80006
8.80259
8.80785
8.80979
8.81376
8.81533
8.81944
8.82215
8.82421
8.82988
8.83378
8.83639
8.8441
8.84852
8.85042
8.85685
8.85841
8.86035
8.86272
8.86501
8.86949
8.87599
8.87932
8.88201
8.88335
8.88569
8.89028
8.89377
8.89734
8.90057
8.90365
8.90516
8.90871
8.90973
8.91311
8.91635
8.91691
8.91972
8.92264
8.92368
8.92662
8.93548
8.9366
8.94125
8.94386
8.94489
8.94906
8.94978
8.95302
8.957
8.9596
8.96101
8.96301
8.96712
8.96993
8.97185
8.97429
8.97746
8.97828
8.98043
8.98456
8.98755
8.99019
8.99437
8.99768
9.00146
9.00378
9.00706
9.01104
9.0132
9.01683
9.01789
9.02427
9.02788
9.02938
9.03445
9.03821
9.04091
9.04434
9.04845
9.05092
9.05377
9.05948
9.06598
9.06806
9.06822
9.07404
9.08392
9.0845
9.0852
9.09018
9.09305
9.09423
9.0976
9.10589
9.10866
9.1152
9.11917
9.12132
9.12272
9.12673
9.12744
9.13398
9.14249
9.14468
9.14796
9.15428
9.15498
9.15755
9.16015
9.16302
9.16653
9.17072
9.17108
9.17641
9.17908
9.1851
9.18784
9.18896
9.19306
9.19477
9.19845
9.2007
9.20725
9.20841
9.2095
9.21007
9.21462
9.21723
9.22013
9.22355
9.22578
9.22682
9.23298
9.23697
9.23856
9.24106
9.24371
9.24431
9.24833
9.24911
9.25506
9.25681
9.25976
9.26467
9.26582
9.26884
9.2715
9.27359
9.27831
9.28061
9.28325
9.28748
9.29217
9.29598
9.29823
9.29943
9.3024
9.30551
9.30762
9.31331
9.3139
9.31646
9.31867
9.3218
9.32352
9.33039
9.33088
9.33323
9.33633
9.34091
9.34353
9.348
9.34873
9.35444
9.35695
9.3593
9.36279
9.36644
9.37064
9.37336
9.37431
9.37757
9.38098
9.38448
9.38585
9.38685
9.39161
9.39293
9.39536
9.40364
9.40437
9.40501
9.40674
9.40829
9.41013
9.41675
9.41754
9.41936
9.42476
9.42819
9.42889
9.43079
9.43463
9.43961
9.443
9.44798
9.45101
9.45448
9.45684
9.46099
9.46493
9.46774
9.4766
9.47858
9.48884
9.48998
9.49088
9.49591
9.49767
9.5004
9.50125
9.50362
9.50857
9.50922
9.51202
9.51611
9.51658
9.52122
9.52439
9.52671
9.52797
9.5298
9.53106
9.53529
9.53639
9.5372
9.54518
9.55404
9.55679
9.55735
9.55869
9.56436
9.57019
9.57324
9.57517
9.58123
9.58406
9.58931
9.59163
9.59454
9.59653
9.59913
9.60218
9.60326
9.60733
9.60816
9.61289
9.61608
9.62008
9.62349
9.62592
9.62785
9.6284
9.62892
9.63056
9.63569
9.64037
9.64486
9.64556
9.64754
9.65165
9.65468
9.65741
9.6595
9.66653
9.66774
9.67162
9.67407
9.67736
9.67923
9.68567
9.68849
9.69176
9.69347
9.69866
9.6998
9.70151
9.70335
9.70762
9.70952
9.71041
9.71374
9.71519
9.71755
9.72138
9.726
9.72779
9.73164
9.73569
9.73705
9.73775
9.74083
9.74492
9.74647
9.74778
9.74913
9.7534
9.75982
9.76003
9.76427
9.76645
9.76992
9.77201
9.77348
9.7791
9.77962
9.78156
9.78475
9.78703
9.79031
9.7918
9.79665
9.79963
9.80062
9.80356
9.80744
9.80995
9.81114
9.81139
9.81514
9.82083
9.82316
9.82488
9.82705
9.82749
9.83206
9.83484
9.8381
9.84145
9.84388
9.84508
9.84642
9.8496
9.85108
9.85383
9.85686
9.85896
9.85996
9.8616
9.86525
9.86805
9.87138
9.87302
9.87499
9.8792
9.88125
9.88302
9.88514
9.88582
9.8895
9.89154
9.89509
9.89962
9.90036
9.90336
9.90436
9.90648
9.91027
9.91098
9.91444
9.91596
9.91841
9.91891
9.9221
9.92602
9.92709
9.92946
9.93358
9.93507
9.93804
9.94149
9.94238
9.94553
9.94702
9.95486
9.95581
9.95951
9.96384
9.96491
9.96898
9.97305
9.9767
9.97786
9.98132
9.98206
9.98494
9.98903
9.99337
9.99715
10.0017
10.007
10.0103
10.014
10.0179
10.0207
10.0248
10.0269
10.0331
10.0352
10.036
10.0421
10.0432
10.052
10.0564
10.0596
10.0625
10.0699
10.0797
10.0819
10.0838
10.0889
10.0896
10.093
10.0944
10.0952
10.0974
10.0993
10.103
10.1036
10.1071
10.1147
10.12
10.1256
10.1281
10.1313
10.1368
10.1413
10.1415
10.1448
10.1494
10.153
10.1537
10.1582
10.1617
10.1636
10.1641
10.1692
10.1728
10.1749
10.1813
10.1839
10.1846
10.1902
10.1924
10.1944
10.1991
10.2061
10.2101
10.2103
10.211
10.2148
10.2175
10.2187
10.2209
10.2249
10.2305
10.2351
10.2402
10.2442
10.2498
10.2529
10.2555
10.2569
10.2626
10.2671
10.2695
10.2719
10.2731
10.2761
10.2787
10.2816
10.2827
10.2864
10.2901
10.2956
10.2988
10.3
10.303
10.3052
10.3071
10.3156
10.3197
10.3202
10.323
10.3252
10.3291
10.3315
10.3364
10.3393
10.3434
10.349
10.3523
10.3576
10.362
10.3664
10.367
10.3706
10.373
10.3755
10.3825
10.3853
10.3857
10.391
10.3938
10.3971
10.3982
10.402
10.403
10.4072
10.4094
10.4116
10.4148
10.4191
10.4203
10.4232
10.43
10.4336
10.4381
10.4385
10.4423
10.4447
10.4509
10.4523
10.4587
10.4608
10.4638
10.4641
10.4671
10.4684
10.4719
10.4781
10.4806
10.4847
10.4852
10.4884
10.4907
10.4932
10.4961
10.5026
10.5045
10.507
10.5089
10.511
10.5137
10.5164
10.5176
10.5224
10.5285
10.5289
10.5326
10.5397
10.5413
10.5434
10.5467
10.5484
10.5509
10.553
10.5546
10.5584
10.5603
10.5649
10.5685
10.5697
10.5771
10.5799
10.5802
10.5846
10.5865
10.5881
10.591
10.595
10.5952
10.599
10.6033
10.6054
10.6067
10.6091
10.6138
10.6144
10.6154
10.6193
10.6232
10.6249
10.6263
10.6279
10.6319
10.6346
10.6389
10.6412
10.6439
10.6447
10.6473
10.6521
10.6573
10.6589
10.6604
10.6646
10.6656
10.6691
10.6711
10.6776
10.6797
10.6811
10.6827
10.6894
10.6895
10.6928
10.695
10.699
10.7
10.7023
10.706
10.7072
10.7084
10.7132
10.7144
10.7204
10.7263
10.728
10.7326
10.734
10.7375
10.7396
10.7426
10.7433
10.7455
10.7496
10.7506
10.7545
10.7564
10.7609
10.7633
10.7645
10.7668
10.7702
10.7729
10.7754
10.7769
10.7803
10.7818
10.7852
10.7868
10.7894
10.7907
10.791
10.7953
10.7979
10.8006
10.8022
10.8059
10.8092
10.8095
10.8126
10.8171
10.8191
10.8207
10.822
10.8245
10.826
10.8286
10.8333
10.8361
10.8374
10.8383
10.8399
10.8449
10.8478
10.8502
10.8532
10.8549
10.8559
10.8602
10.8633
10.8649
10.8674
10.8723
10.875
10.8755
10.881
10.8826
10.8851
10.8871
10.8941
10.8967
10.9043
10.9055
10.9078
10.9128
10.915
10.9167
10.9192
10.9218
10.9229
10.9293
10.9328
10.9366
10.9386
10.9425
10.9491
10.9519
10.953
10.9596
10.9629
10.966
10.9695
10.973
10.9746
10.9785
10.981
10.9827
10.9856
10.9867
10.9896
10.9982
11.0001
11.002
11.0055
11.006
11.0115
11.0151
11.0177
11.0185
11.0233
11.0245
11.0259
11.0326
11.0391
11.0446
11.0465
11.0506
11.0562
11.059
11.0622
11.0718
11.0796
11.0832
11.0842
11.0874
11.0885
11.0935
11.0972
11.0999
11.1002
11.107
11.1119
11.1162
11.1204
11.1227
11.126
11.1306
11.1347
11.141
11.1447
11.1483
11.1548
11.1582
11.1615
11.1664
11.1708
11.1758
11.1804
11.1848
11.1918
11.1953
11.197
11.1986
11.201
11.2066
11.209
11.2142
11.2152
11.2227
11.225
11.228
11.2305
11.2332
11.2393
11.2435
11.2458
11.2479
11.2534
11.2548
11.2566
11.2585
11.2643
11.2667
11.2704
11.2717
11.2797
11.2837
11.2882
11.2892
11.294
11.2949
11.2978
11.2987
11.3029
11.3102
11.3111
11.3141
11.3159
11.318
11.322
11.3239
11.3251
11.3285
11.3307
11.3332
11.3364
11.3407
11.3425
11.3438
11.3476
11.3503
11.3528
11.3563
11.3604
11.3657
11.371
11.3735
11.3741
11.3769
11.3799
11.3811
11.385
11.3872
11.3914
11.3934
11.3955
11.3993
11.4017
11.4052
11.4067
11.4105
11.4159
11.4184
11.4218
11.4246
11.4325
11.4328
11.4365
11.439
11.4418
11.4446
11.4485
11.4507
11.4531
11.455
11.4581
11.4617
11.4678
11.4706
11.4726
11.4767
11.4818
11.4865
11.489
11.4934
11.4952
11.496
11.4997
11.503
11.5044
11.5053
11.5142
11.5172
11.5194
11.5204
11.5238
11.5249
11.5292
11.5316
11.5338
11.5433
11.5447
11.5491
11.5516
11.556
11.5569
11.5603
11.5634
11.5648
11.5677
11.5712
11.5738
11.576
11.5789
11.5802
11.5861
11.5872
11.595
11.5974
11.6021
11.6053
11.6113
11.6118
11.6153
11.617
11.6206
11.6262
11.6311
11.6325
11.6374
11.6422
11.6478
11.6489
11.6504
11.6527
11.655
11.6602
11.6674
11.6707
11.6725
11.6762
11.6776
11.6832
11.6862
11.6891
11.6921
11.699
11.7014
11.7026
11.707
11.7077
11.7125
11.7158
11.7194
11.7215
11.7229
11.7309
11.7323
11.7368
11.7405
11.7435
11.745
11.7494
11.752
11.7561
11.7587
11.761
11.7629
11.7686
11.7701
11.7723
11.7758
11.7773
11.7834
11.7853
11.7898
11.7912
11.7949
11.7986
11.7995
11.803
11.8068
11.8083
11.8129
11.8137
11.8149
11.8182
11.8194
11.8219
11.8271
11.8294
11.8341
11.8359
11.8397
11.8419
11.8454
11.8486
11.8516
11.8555
11.8572
11.8624
11.8641
11.8669
11.8699
11.8711
11.8732
11.8768
11.8805
11.8842
11.8858
11.8882
11.8898
11.893
11.8986
11.9014
11.9041
11.9073
11.9101
11.9134
11.9172
11.9208
11.9241
11.9277
11.929
11.9312
11.9391
11.9425
11.9462
11.9491
11.9496
11.95
11.9522
11.9548
11.9604
11.9634
11.967
11.9719
11.9732
11.9782
11.9882
11.9895
11.9915
11.9934
11.9985
12.0049
12.0079
12.0148
12.016
12.0169
12.0232
12.0294
12.0334
12.0337
12.0389
12.0403
12.0452
12.0469
12.0511
12.0587
12.0593
12.0604
12.0665
12.0695
12.0772
12.0796
12.0826
12.0834
12.0872
12.092
12.0946
12.0989
12.0998
12.1045
12.11
12.1154
12.116
12.1217
12.1238
12.1293
12.1327
12.133
12.135
12.1364
12.1399
12.1429
12.1533
12.1552
12.1588
12.1628
12.1683
12.1717
12.1756
12.1784
12.1804
12.185
12.1904
12.1905
12.1962
12.2004
12.2023
12.2056
12.2088
12.2154
12.2172
12.2196
12.2208
12.2289
12.2293
12.2313
12.2334
12.2349
12.2419
12.2468
12.2487
12.2514
12.2544
12.2552
12.2574
12.263
12.2644
12.2665
12.2707
12.2744
12.2759
12.2773
12.28
12.286
12.2901
12.291
12.2936
12.2958
12.3036
12.3078
12.309
12.3113
12.3161
12.3196
12.321
12.3227
12.3275
12.3293
12.3329
12.3349
12.3399
12.3451
12.3508
12.3541
12.356
12.3598
12.3622
12.3627
12.3692
12.3729
12.3764
12.378
12.3801
12.3837
12.3879
12.3896
12.3963
12.3976
12.4006
12.4038
12.4066
12.4088
12.4141
12.4155
12.4187
12.4231
12.424
12.4278
12.4293
12.4328
12.4343
12.4385
12.445
12.4465
12.449
12.4534
12.4573
12.4609
12.4625
12.4664
12.4681
12.4732
12.4749
12.4758
12.4788
12.479
12.4831
12.4868
12.4884
12.4917
12.495
12.4982
12.5011
12.5039
12.5065
12.5087
12.5101
12.5167
12.5201
12.5247
12.5257
12.5322
12.5326
12.5371
12.5388
12.5411
12.5429
12.5442
12.5483
12.5503
12.555
12.5564
12.5588
12.5606
12.5627
12.5652
12.5697
12.5703
12.5772
12.5805
12.5831
12.5853
12.5876
12.5884
12.5934
12.5988
12.6007
12.6027
12.6064
12.6109
12.6131
12.6145
12.6201
12.6228
12.6238
12.6254
12.632
12.6348
12.6372
12.6383
12.6421
12.6449
12.6503
12.6516
12.6552
12.6592
12.662
12.6631
12.6686
12.6706
12.6741
12.6792
12.682
12.6846
12.6887
12.6914
12.696
12.6974
12.7005
12.7016
12.7057
12.7088
12.7115
12.7162
12.7192
12.7257
12.7271
12.7279
12.7305
12.7368
12.7423
12.7465
12.7493
12.7521
12.7531
12.7585
12.76
12.7644
12.7667
12.7705
12.7728
12.7753
12.7761
12.7785
12.7797
12.7828
12.79
12.7919
12.7951
12.7954
12.7994
12.8032
12.8037
12.8052
12.8095
12.814
12.8193
12.8224
12.8279
12.8299
12.8309
12.8379
12.8403
12.8447
12.8469
12.8496
12.8503
12.8567
12.8585
12.862
12.8638
12.8653
12.8664
12.8699
12.8728
12.878
12.879
12.881
12.8828
12.8868
12.891
12.8942
12.9007
12.9032
12.9062
12.9082
12.9093
12.9122
12.9153
12.9187
12.9232
12.9251
12.9307
12.9313
12.9353
12.9374
12.9427
12.9455
12.9485
12.9541
12.9548
12.9568
12.9624
12.9668
12.9711
12.9749
12.9763
12.9793
12.9826
12.9873
12.9903
12.9934
12.9998
13.0016
13.0045
13.0061
13.0067
13.0126
13.0179
13.0228
13.0263
13.0276
13.0344
13.0394
13.0417
13.0476
13.0495
13.0541
13.0551
13.0611
13.0621
13.0663
13.0678
13.0733
13.0838
13.0863
13.0879
13.0958
13.0982
13.1065
13.1074
13.1123
13.1159
13.1179
13.1244
13.1309
13.1334
13.1377
13.1385
13.1441
13.1456
13.1492
13.1537
13.1605
13.1616
13.1673
13.1691
13.1717
13.1752
13.1788
13.1796
13.1871
13.1933
13.1959
13.2013
13.2039
13.2082
13.2125
13.2179
13.222
13.2245
13.2271
13.2317
13.2366
13.2375
13.2419
13.245
13.2488
13.2511
13.2519
13.2575
13.2615
13.2669
13.2719
13.2766
13.2812
13.2847
13.2853
13.2874
13.2883
13.2921
13.2943
13.2985
13.3035
13.3043
13.3106
13.3122
13.3138
13.3182
13.3259
13.3284
13.3314
13.3321
13.3363
13.3384
13.3415
13.3433
13.3495
13.3511
13.3585
13.3646
13.3698
13.3761
13.3825
13.3899
13.3945
13.3972
13.4032
13.4042
13.4085
13.4089
13.4137
13.4164
13.4211
13.4243
13.4254
13.4273
13.4307
13.4391
13.4471
13.4491
13.4564
13.4584
13.4607
13.4622
13.4668
13.4748
13.4775
13.4798
13.4827
13.4839
13.4928
13.4961
13.4963
13.4988
13.5023
13.5036
13.5061
13.5082
13.513
13.5198
13.5212
13.5264
13.5268
13.5288
13.5301
13.5342
13.5368
13.5416
13.5449
13.5477
13.5526
13.5548
13.5615
13.5648
13.5678
13.5686
13.5697
13.5762
13.5769
13.5795
13.5848
13.5889
13.5915
13.593
13.5943
13.5964
13.6029
13.609
13.6119
13.6128
13.6133
13.6199
13.6207
13.6257
13.6308
13.6351
13.6387
13.6414
13.6428
13.6478
13.6498
13.654
13.6569
13.6615
13.6632
13.6668
13.6716
13.6745
13.6772
13.6812
13.6834
13.6871
13.6916
13.6934
13.6955
13.701
13.7021
13.7034
13.7054
13.7077
13.7102
13.7122
13.7137
13.7187
13.7206
13.7233
13.7286
13.7305
13.7346
13.7374
13.74
13.7433
13.7467
13.7486
13.7522
13.7545
13.756
13.7586
13.7637
13.7674
13.7682
13.7715
13.7768
13.7785
13.7832
13.7851
13.7872
13.7915
13.7926
13.794
13.7977
13.8009
13.8015
13.8074
13.8078
13.8101
13.8114
13.8165
13.8177
13.819
13.8245
13.8279
13.8319
13.8329
13.8352
13.8379
13.8432
13.8466
13.8491
13.8524
13.8532
13.854
13.8609
13.8618
13.8673
13.8707
13.8726
13.874
13.8785
13.8836
13.8841
13.8889
13.8929
13.898
13.8988
13.9025
13.9052
13.9067
13.9099
13.9155
13.9201
13.9222
13.9265
13.9317
13.9346
13.939
13.9397
13.9429
13.9514
13.9538
13.9564
13.9576
13.9607
13.9634
13.968
13.9701
13.9736
13.9828
13.9876
13.9975
14.0026
14.0083
14.0098
14.0163
14.0195
14.0255
14.0288
14.0324
14.0359
14.0385
14.0443
14.0473
14.0503
14.0526
14.0592
14.0621
14.0651
14.0698
14.0768
14.0823
14.088
14.0979
14.1033
14.1057
14.1105
14.1119
14.1139
14.1156
14.1279
14.1308
14.1354
14.1382
14.1415
14.1513
14.154
14.1641
14.1704
14.1718
14.1777
14.184
14.1862
14.1913
14.1985
14.1996
14.2124
14.2191
14.2248
14.2262
14.2319
14.2368
14.2385
14.2436
14.248
14.2485
14.2551
14.2583
14.261
14.2676
14.2689
14.2701
14.2726
14.2741
14.2842
14.2891
14.295
14.2999
14.3006
14.3054
14.3079
14.3095
14.3165
14.3205
14.3252
14.3271
14.329
14.3312
14.3354
14.3362
14.3426
14.3458
14.3483
14.3489
14.3515
14.3557
14.3584
14.3684
14.3759
14.3791
14.3818
14.3866
14.3878
14.3888
14.3927
14.3957
14.3977
14.402
14.4038
14.4068
14.4098
14.4184
14.4192
14.4231
14.4251
14.429
14.4324
14.4347
14.4398
14.4414
14.4453
14.4501
14.4529
14.4581
14.4604
14.4619
14.467
14.4731
14.4742
14.475
14.4805
14.4862
14.4871
14.4945
14.4995
14.5002
14.5086
14.5104
14.516
14.519
14.5257
14.5273
14.5321
14.5367
14.5399
14.5435
14.5483
14.5508
14.5547
14.5608
14.5634
14.5688
14.5708
14.5757
14.5802
14.5833
14.5882
14.5913
14.5985
14.6016
14.6066
14.6095
14.6118
14.6143
14.6171
14.6239
14.6248
14.6281
14.6317
14.6342
14.6367
14.6438
14.6458
14.6495
14.6526
14.6537
14.6567
14.6603
14.6614
14.6635
14.6676
14.6766
14.6781
14.6812
14.6844
14.6861
14.6867
14.6947
14.6962
14.6996
14.7018
14.7045
14.7068
14.7108
14.7127
14.7161
14.721
14.7273
14.7288
14.7301
14.7378
14.7422
14.7433
14.7467
14.7508
14.7583
14.7588
14.761
14.7646
14.7699
14.7703
14.7714
14.7776
14.7818
14.7832
14.7871
14.7881
14.7915
14.7935
14.8038
14.8089
14.8105
14.812
14.8157
14.8207
14.8276
14.8333
14.8354
14.8372
14.8381
14.842
14.8452
14.8494
14.8517
14.8551
14.8562
14.8624
14.8654
14.8671
14.875
14.8768
14.877
14.8804
14.8876
14.8908
14.899
14.9013
14.9034
14.9103
14.9131
14.9149
14.9178
14.9223
14.9277
14.9311
14.9364
14.9411
14.9466
14.9522
14.9574
14.9584
14.9637
14.9681
14.9714
14.976
14.9776
14.9825
14.9887
14.991
14.9922
14.9956
14.9968
15.0013
15.0053
15.0114
15.0128
15.017
15.0189
15.0221
15.0265
15.0302
15.0322
15.0368
15.0389
15.0459
15.0475
15.0509
15.0548
15.0566
15.0578
15.0604
15.0635
15.0667
15.0756
15.0764
15.0811
15.0851
15.0911
15.0928
15.0945
15.1006
15.1017
15.107
15.1112
15.1148
15.1156
15.1234
15.1299
15.1322
15.1356
15.1403
15.1442
15.1462
15.1491
15.1503
15.1529
15.1555
15.1578
15.1624
15.168
15.1694
15.1758
15.1824
15.1873
15.1893
15.1926
15.1962
15.2022
15.2063
15.2113
15.2143
15.2162
15.2222
15.2247
15.2313
15.2331
15.237
15.2419
15.2473
15.2526
15.254
15.2604
15.2688
15.2718
15.2751
15.2854
15.2889
15.2913
15.2955
15.3042
15.3068
15.3137
15.3169
15.322
15.3264
15.3278
15.3355
15.3367
15.3463
15.3478
15.3507
15.3557
15.3602
15.3639
15.3683
15.3701
15.3741
15.3766
15.3792
15.3811
15.3858
15.3884
15.3916
15.3929
15.3964
15.4018
15.404
15.4115
15.416
15.4169
15.422
15.4225
15.4265
15.4345
15.4358
15.4418
15.4447
15.4474
15.4555
15.4577
15.462
15.4635
15.469
15.4716
15.4722
15.4757
15.4804
15.4846
15.488
15.4912
15.4922
15.497
15.4991
15.5013
15.5056
15.5085
15.5122
15.5171
15.5248
15.5251
15.5314
15.5351
15.5372
15.5382
15.5401
15.5413
15.5464
15.5518
15.5551
15.557
15.5658
15.5704
15.5736
15.5771
15.583
15.5841
15.5912
15.5952
15.5957
15.605
15.6073
15.6087
15.611
15.6143
15.6184
15.6192
15.6235
15.6241
15.6272
15.6319
15.6354
15.6381
15.6435
15.6504
15.6563
15.659
15.6622
15.6667
15.6696
15.6755
15.6764
15.6809
15.6829
15.6901
15.6911
15.6932
15.6987
15.7057
15.7079
15.7099
15.7136
15.7174
15.7207
15.7242
15.7258
15.7343
15.7394
15.7427
15.7444
15.7537
15.7549
15.7589
15.7665
15.7701
15.7732
15.7734
15.7782
15.7852
15.7862
15.7928
15.7987
15.7998
15.8033
15.8074
15.813
15.8156
15.8204
15.8233
15.827
15.832
15.8325
15.8418
15.8438
15.8504
15.8552
15.8589
15.8613
15.8654
15.873
15.875
15.8766
15.8809
15.8839
15.885
15.893
15.8978
15.9013
15.9031
15.9047
15.9105
15.9114
15.9165
15.9199
15.9269
15.9291
15.9329
15.938
15.94
15.9414
15.9478
15.952
15.9538
15.9597
15.9639
15.9679
15.9743
15.9752
15.9835
15.9876
15.9919
16.0034
16.0081
16.0105
16.0137
16.0178
16.0237
16.0293
16.0301
16.0352
16.0432
16.044
16.045
16.0509
16.0518
16.0535
16.0606
16.0649
16.0664
16.0745
16.076
16.0858
16.0865
16.0948
16.1003
16.1011
16.1067
16.1085
16.1119
16.1138
16.1162
16.1195
16.1225
16.1252
16.1278
16.1306
16.1344
16.1362
16.1421
16.1445
16.1467
16.1546
16.1582
16.1612
16.1673
16.1706
16.1795
16.1833
16.1856
16.1875
16.197
16.2007
16.205
16.2075
16.2098
16.2124
16.2178
16.2203
16.2253
16.2308
16.2375
16.2479
16.2486
16.2525
16.253
16.2564
16.2589
16.2621
16.2647
16.2729
16.279
16.2846
16.2868
16.2901
16.2955
16.298
16.3014
16.3025
16.3087
16.3123
16.3138
16.3211
16.3243
16.3299
16.3334
16.335
16.3397
16.341
16.3472
16.3501
16.358
16.3628
16.3646
16.3702
16.3726
16.3738
16.3777
16.3825
16.384
16.3853
16.3924
16.3969
16.3995
16.4024
16.4053
16.4086
16.4163
16.417
16.4226
16.4307
16.4387
16.4413
16.4435
16.4482
16.4559
16.4608
16.4701
16.4727
16.4764
16.477
16.4828
16.488
16.4957
16.5025
16.5037
16.5088
16.5115
16.5144
16.5193
16.5226
16.5244
16.5265
16.5351
16.5377
16.541
16.5452
16.5517
16.5544
16.5641
16.5656
16.5676
16.5733
16.575
16.5787
16.5885
16.5912
16.5951
16.5989
16.6025
16.6048
16.6145
16.6211
16.6238
16.6331
16.6335
16.6427
16.6454
16.6476
16.6512
16.6597
16.6634
16.6688
16.6726
16.6744
16.6773
16.6818
16.6888
16.6932
16.7023
16.7041
16.7085
16.713
16.7139
16.7193
16.7234
16.7276
16.7287
16.7327
16.7348
16.7367
16.7412
16.7453
16.7505
16.7521
16.7573
16.7625
16.7654
16.7671
16.7722
16.7731
16.7739
16.7883
16.7955
16.7984
16.8022
16.8043
16.8084
16.8137
16.8166
16.8191
16.8256
16.8295
16.8322
16.8389
16.8451
16.8487
16.8509
16.8566
16.858
16.8618
16.8725
16.8751
16.8823
16.8834
16.8853
16.8939
16.8991
16.902
16.9073
16.9076
16.9136
16.9206
16.9227
16.9249
16.931
16.938
16.9427
16.9482
16.9535
16.9601
16.9639
16.9686
16.9739
16.9786
16.9847
16.9913
16.9948
17.0007
17.0075
17.0095
17.0159
17.0231
17.0258
17.0328
17.0427
17.0474
17.0521
17.0572
17.0675
17.0681
17.08
17.0857
17.0904
17.096
17.0986
17.1024
17.1058
17.1122
17.1188
17.1243
17.1286
17.1338
17.1385
17.1425
17.1544
17.1592
17.1625
17.1646
17.1761
17.1811
17.1831
17.1894
17.1956
17.2059
17.212
17.2148
17.2168
17.2207
17.2224
17.2276
17.2327
17.2349
17.2382
17.2444
17.2463
17.2587
17.2594
17.2701
17.2733
17.2743
17.2792
17.291
17.293
17.299
17.3047
17.3119
17.3207
17.3233
17.3342
17.3405
17.3436
17.3475
17.3561
17.3612
17.3642
17.3707
17.3727
17.3801
17.3813
17.3817
17.3912
17.3954
17.4003
17.406
17.4097
17.4148
17.4179
17.4225
17.4252
17.432
17.4337
17.44
17.4442
17.4472
17.4543
17.4591
17.4603
17.4659
17.4759
17.4825
17.4974
17.4988
17.5024
17.5071
17.5136
17.5165
17.5191
17.528
17.5295
17.5351
17.5397
17.545
17.5485
17.5517
17.5528
17.5555
17.5621
17.5632
17.5643
17.572
17.5763
17.579
17.5821
17.5885
17.5925
17.5948
17.5969
17.6021
17.6065
17.6079
17.611
17.6148
17.6203
17.624
17.6272
17.6335
17.6359
17.6422
17.6489
17.6535
17.6576
17.6712
17.6741
17.6796
17.6845
17.6903
17.6961
17.6988
17.7059
17.7191
17.7229
17.7247
17.7315
17.7318
17.739
17.7507
17.7564
17.7577
17.7621
17.7653
17.768
17.777
17.7877
17.7912
17.7993
17.7998
17.8028
17.8109
17.8194
17.8205
17.8246
17.8258
17.8292
17.8345
17.8406
17.8456
17.8538
17.8597
17.863
17.8649
17.8727
17.8742
17.8794
17.8837
17.8948
17.8972
17.9056
17.9107
17.9118
17.9169
17.9209
17.9263
17.9297
17.9378
17.9421
17.9467
17.9496
17.9571
17.96
17.9632
17.9662
17.9729
17.9805
17.9824
17.9889
17.9935
17.9992
18.0033
18.0127
18.0152
18.0227
18.0241
18.0291
18.0353
18.0394
18.0403
18.0439
18.0594
18.0626
18.0659
18.0723
18.0732
18.076
18.0832
18.0855
18.0923
18.099
18.103
18.1083
18.1124
18.1175
18.1224
18.1252
18.1325
18.1355
18.1436
18.147
18.1484
18.1674
18.1741
18.178
18.1832
18.189
18.2002
18.2037
18.2109
18.2136
18.2259
18.2306
18.2385
18.2497
18.2521
18.2581
18.2633
18.2683
18.269
18.2811
18.2864
18.2885
18.2932
18.3018
18.3124
18.3174
18.3251
18.328
18.3335
18.3427
18.3461
18.3532
18.3562
18.3577
18.3668
18.3729
18.3791
18.3827
18.3875
18.3923
18.3956
18.4019
18.4085
18.4131
18.425
18.4258
18.4291
18.4294
18.4391
18.4441
18.4464
18.451
18.4542
18.4616
18.4675
18.4692
18.4716
18.4788
18.4852
18.4937
18.4972
18.4996
18.505
18.5104
18.5142
18.5187
18.5218
18.5233
18.5289
18.5297
18.5315
18.5385
18.5486
18.5528
18.556
18.562
18.5646
18.5679
18.5717
18.5739
18.5777
18.5818
18.5828
18.5891
18.5964
18.5996
18.609
18.6174
18.6182
18.6214
18.6264
18.6288
18.6346
18.6399
18.6427
18.6456
18.6485
18.6498
18.6544
18.6557
18.6653
18.669
18.6738
18.6798
18.6864
18.6882
18.6924
18.6957
18.7076
18.712
18.7143
18.7198
18.7225
18.7327
18.7339
18.7395
18.7438
18.7526
18.7674
18.7744
18.7809
18.7854
18.7922
18.8004
18.8042
18.8089
18.8109
18.8135
18.8247
18.8343
18.8397
18.8413
18.8505
18.8553
18.857
18.8578
18.862
18.8653
18.866
18.8748
18.879
18.8827
18.8837
18.8909
18.8933
18.8981
18.8995
18.9093
18.9141
18.9165
18.9202
18.928
18.9313
18.9362
18.9446
18.9463
18.9532
18.9577
18.9613
18.9676
18.9712
18.9782
18.9812
18.9825
18.9847
18.9904
19.0024
19.015
19.0216
19.0275
19.034
19.0409
19.0502
19.056
19.0582
19.0645
19.0679
19.0713
19.0785
19.0888
19.0901
19.0943
19.1005
19.1024
19.1061
19.113
19.1153
19.1201
19.1232
19.1323
19.1336
19.137
19.1441
19.1511
19.1584
19.1635
19.1715
19.1741
19.1751
19.1798
19.1827
19.1891
19.1906
19.2027
19.2048
19.2155
19.2205
19.233
19.2442
19.2539
19.2621
19.2681
19.2716
19.2838
19.2872
19.3049
19.3215
19.3259
19.3261
19.3416
19.3512
19.3609
19.3651
19.3762
19.3814
19.3822
19.3834
19.3961
19.4016
19.408
19.4104
19.4222
19.4266
19.4456
19.4487
19.4528
19.46
19.4629
19.4649
19.4716
19.4804
19.4847
19.488
19.4986
19.5017
19.5133
19.5175
19.5205
19.5224
19.5303
19.5324
19.5342
19.54
19.5479
19.5515
19.56
19.5607
19.5643
19.5673
19.5796
19.5877
19.5965
19.6
19.6088
19.6116
19.6162
19.6288
19.6372
19.6399
19.6515
19.6585
19.6676
19.672
19.6823
19.6859
19.6878
19.6955
19.7028
19.7121
19.7351
19.739
19.7455
19.7544
19.7577
19.7629
19.7661
19.7763
19.7886
19.8
19.8061
19.811
19.8154
19.8258
19.8311
19.8342
19.8355
19.8448
19.8466
19.8491
19.8588
19.8682
19.8744
19.8848
19.9024
19.9042
19.9101
19.9168
19.9246
19.9252
19.9415
19.9536
19.9742
19.9842
19.9955
20.0038
20.0167
20.0226
20.0417
20.0513
20.0562
20.0701
20.0865
20.0937
20.1082
20.1131
20.1311
20.1368
20.1435
20.1522
20.163
20.1671
20.1771
20.1812
20.1905
20.1953
20.2136
20.2161
20.2175
20.2287
20.2392
20.2476
20.2534
20.2584
20.2623
20.272
20.275
20.2813
20.2907
20.2971
20.2989
20.3018
20.3068
20.3197
20.3216
20.3274
20.3325
20.3385
20.3407
20.3423
20.3549
20.37
20.385
20.3929
20.4083
20.4237
20.4327
20.4355
20.4381
20.4442
20.4474
20.4517
20.4557
20.4638
20.4719
20.4829
20.4894
20.4935
20.4986
20.5037
20.5092
20.5173
20.5186
20.5317
20.5347
20.5455
20.5541
20.556
20.5625
20.5712
20.5786
20.588
20.6037
20.6073
20.6169
20.6218
20.6228
20.6325
20.6443
20.6447
20.6561
20.6688
20.6917
20.6947
20.7006
20.7141
20.7169
20.7259
20.732
20.7448
20.7477
20.7551
20.761
20.7626
20.7699
20.7852
20.7932
20.7965
20.8083
20.8147
20.8233
20.8254
20.8271
20.8336
20.8435
20.8484
20.8588
20.8634
20.8675
20.8725
20.8786
20.8884
20.8988
20.9061
20.9196
20.9223
20.9262
20.9363
20.9546
20.9703
20.979
20.9987
21.0057
21.0221
21.0344
21.0534
21.0558
21.0634
21.0652
21.071
21.0745
21.08
21.0826
21.089
21.1107
21.114
21.1234
21.1282
21.1387
21.1442
21.1478
21.1513
21.1592
21.1649
21.1665
21.1712
21.1845
21.1912
21.204
21.2187
21.2202
21.2273
21.23
21.2425
21.2464
21.2521
21.2618
21.2802
21.294
21.306
21.3142
21.3185
21.3305
21.3353
21.3392
21.345
21.3489
21.3642
21.3814
21.3828
21.3874
21.3963
21.4015
21.4122
21.4226
21.429
21.439
21.4494
21.464
21.4659
21.4705
21.4868
21.4987
21.5022
21.504
21.5082
21.5191
21.531
21.542
21.5549
21.562
21.5679
21.5815
21.5848
21.5886
21.6003
21.6039
21.6186
21.6295
21.6342
21.6528
21.6565
21.6629
21.6783
21.6912
21.6984
21.7082
21.7126
21.7296
21.7342
21.7461
21.7485
21.763
21.7715
21.7861
21.797
21.7974
21.812
21.8128
21.8157
21.8177
21.8249
21.8283
21.8301
21.8326
21.8419
21.8483
21.8521
21.8651
21.8819
21.8849
21.9122
21.9216
21.9321
21.9462
21.9497
21.9514
21.9598
21.9672
21.9739
21.9763
21.9828
21.986
22.0004
22.0197
22.0503
22.0541
22.0647
22.0903
22.1014
22.1089
22.1162
22.1219
22.1296
22.1329
22.1512
22.1681
22.1719
22.1804
22.1889
22.2003
22.2037
22.214
22.223
22.2286
22.2366
22.2457
22.2585
22.2617
22.2691
22.2881
22.292
22.3102
22.3264
22.3286
22.334
22.3414
22.3565
22.3584
22.3663
22.3714
22.3832
22.4063
22.4274
22.4461
22.4461
22.4559
22.4682
22.4707
22.489
22.4939
22.5092
22.5142
22.5236
22.5285
22.5343
22.5476
22.5567
22.5607
22.5637
22.5731
22.5775
22.5919
22.5974
22.6015
22.605
22.6123
22.618
22.6207
22.639
22.6404
22.6469
22.656
22.6599
22.675
22.6834
22.7031
22.7072
22.7182
22.7523
22.7661
22.7816
22.7929
22.7971
22.8183
22.8305
22.8456
22.8536
22.8645
22.8665
22.8699
22.8848
22.8851
22.893
22.9094
22.9352
22.942
22.9562
22.9621
22.9633
22.9671
23.0069
23.0115
23.0313
23.0546
23.0564
23.0611
23.0804
23.1051
23.1145
23.115
23.119
23.13
23.1335
23.1622
23.1954
23.2061
23.2067
23.2218
23.2253
23.2377
23.2902
23.3006
23.3038
23.3069
23.3191
23.3575
23.3806
23.3831
23.3973
23.4006
23.4151
23.443
23.4536
23.4684
23.4814
23.4826
23.497
23.5047
23.5144
23.5339
23.5567
23.5687
23.5767
23.5867
23.5925
23.61
23.6234
23.6348
23.647
23.6585
23.6696
23.6906
23.6935
23.7116
23.7164
23.7171
23.7396
23.76
23.7622
23.7849
23.7948
23.8065
23.8085
23.8306
23.8397
23.8456
23.8659
23.8731
23.8804
23.8815
23.8962
23.8995
23.9158
23.9309
23.9532
23.9613
23.9669
23.9739
23.9827
23.9957
24.0051
24.0103
24.0154
24.0353
24.0453
24.0484
24.0544
24.0571
24.0746
24.1262
24.138
24.1585
24.1853
24.1941
24.2138
24.2419
24.2529
24.2845
24.2971
24.3038
24.3093
24.3215
24.3332
24.3554
24.3616
24.3656
24.3743
24.3798
24.3982
24.4014
24.4036
24.4135
24.4235
24.4301
24.4543
24.4562
24.4861
24.4933
24.502
24.5033
24.5189
24.5313
24.5449
24.5668
24.5829
24.5836
24.6063
24.618
24.6245
24.6345
24.6467
24.6824
24.7001
24.7056
24.7333
24.744
24.748
24.76
24.764
24.7654
24.8226
24.8252
24.8348
24.8406
24.8546
24.8807
24.9092
24.9316
24.9502
24.9545
24.9573
24.9667
24.9877
25.0066
25.0187
25.028
25.0495
25.0568
25.07
25.1052
25.1105
25.1272
25.1313
25.1357
25.1604
25.1636
25.1905
25.1934
25.2066
25.2092
25.2222
25.229
25.2406
25.242
25.2727
25.2817
25.2946
25.3042
25.3187
25.3648
25.378
25.3848
25.4014
25.4126
25.4491
25.4536
25.476
25.4965
25.5115
25.5228
25.5254
25.5415
25.5679
25.5845
25.6129
25.623
25.6445
25.6577
25.6853
25.6943
25.7286
25.7354
25.7428
25.7534
25.7571
25.7606
25.7756
25.7963
25.808
25.8376
25.8409
25.8534
25.8617
25.8801
25.8883
25.8905
25.898
25.9127
25.923
25.9329
25.9372
25.9472
25.9693
25.9818
25.9846
25.9923
26.0427
26.0511
26.0663
26.0778
26.0915
26.1108
26.1421
26.1674
26.1704
26.1813
26.1929
26.2092
26.2359
26.2521
26.2682
26.2853
26.3306
26.3315
26.3429
26.3516
26.372
26.3846
26.4085
26.4148
26.4472
26.4577
26.478
26.4818
26.495
26.5342
26.5628
26.5661
26.5684
26.5882
26.6028
26.6229
26.6346
26.6802
26.6901
26.7081
26.7228
26.7434
26.7564
26.7748
26.7825
26.787
26.8452
26.8618
26.8712
26.9054
26.9202
26.9246
26.9595
26.9692
26.9778
27.004
27.0135
27.0507
27.0562
27.06
27.104
27.1226
27.1527
27.1886
27.2038
27.2198
27.2325
27.2815
27.2917
27.3026
27.3442
27.3688
27.3753
27.4009
27.4102
27.4715
27.5122
27.5159
27.5267
27.5429
27.5491
27.5588
27.616
27.6212
27.6374
27.658
27.6798
27.6885
27.7019
27.7311
27.7349
27.7589
27.7782
27.7837
27.8295
27.8428
27.86
27.883
27.887
27.9099
27.9202
27.9629
27.9734
28.0234
28.0336
28.058
28.0851
28.0966
28.1106
28.1223
28.1261
28.143
28.1593
28.2076
28.22
28.2237
28.2704
28.2745
28.2903
28.2982
28.3155
28.387
28.4081
28.4245
28.4315
28.4399
28.4585
28.5019
28.5206
28.536
28.5486
28.5588
28.5642
28.568
28.6223
28.629
28.6381
28.6536
28.6744
28.7271
28.7324
28.7354
28.7585
28.7755
28.791
28.803
28.8572
28.863
28.8912
28.9095
28.9218
28.9249
28.9343
28.9572
28.9619
28.9708
28.9742
28.9878
28.9976
29.0138
29.0323
29.0408
29.0467
29.0726
29.1045
29.1077
29.1103
29.1361
29.1383
29.1468
29.1814
29.2406
29.2527
29.2571
29.2721
29.2751
29.3056
29.3082
29.3144
29.3458
29.3479
29.3645
29.3958
29.4011
29.412
29.4306
29.4329
29.4415
29.455
29.4971
29.5066
29.5138
29.5253
29.5354
29.5903
29.6312
29.6868
29.6915
29.7275
29.7374
29.7622
29.771
29.7954
29.8149
29.8211
29.8628
29.8912
29.9339
29.9512
29.955
29.9644
29.9718
30.0225
30.0252
30.0575
30.0697
30.1162
30.1279
30.1734
30.2022
30.2096
30.2657
30.347
30.3624
30.4111
30.4334
30.4647
30.4875
30.5911
30.6046
30.6483
30.6738
30.6859
30.7105
30.7427
30.7992
30.8094
30.8763
30.9445
30.9899
31.0029
31.0186
31.1123
31.1151
31.1269
31.1571
31.1879
31.211
31.2141
31.2701
31.2837
31.4318
31.4677
31.4783
31.5022
31.518
31.5335
31.5433
31.5491
31.5943
31.6212
31.6555
31.6564
31.6769
31.6858
31.7069
31.718
31.7201
31.7476
31.8358
31.8398
31.8491
31.8708
31.8744
31.906
31.9322
31.9467
31.985
31.9925
31.9949
32.0377
32.0642
32.0726
32.0959
32.1196
32.1416
32.1444
32.1484
32.1773
32.1833
32.1939
32.2041
32.2054
32.2414
32.2528
32.3052
32.3599
32.3781
32.3978
32.4036
32.4571
32.4665
32.4682
32.5044
32.5152
32.6171
32.6231
32.6321
32.6688
32.6752
32.6887
32.6892
32.7431
32.7843
32.7919
32.8911
32.8941
32.8979
32.9265
32.947
32.9549
33.0114
33.027
33.1004
33.1586
33.2026
33.2087
33.2208
33.2499
33.2555
33.3377
33.4899
33.5461
33.569
33.7429
33.8962
33.9875
34.0224
34.029
34.1508
34.1644
34.2197
34.3457
34.3698
34.401
34.4855
34.4957
34.5584
34.7073
34.8607
34.8833
34.8883
34.9392
34.9741
34.9783
34.9963
35.0106
35.0375
35.0563
35.1097
35.1719
35.3957
35.4188
35.45
35.4767
35.5518
35.7003
35.75
35.7845
35.8335
35.8601
35.8972
36.1156
36.1639
36.4581
36.5497
36.6378
36.6461
36.6787
36.7171
36.7444
36.8427
36.8497
37.1199
37.5412
37.8762
37.9332
38.5616
38.5816
39.5017
39.5467
40.4636
40.5513
40.6782
40.6896
44.792
