-35.0389
-34.9246
-34.8112
-34.5714
-34.1948
-32.9505
-32.7778
-32.6496
-32.5325
-31.4892
-31.4125
-31.3852
-31.3096
-31.2087
-31.1353
-30.9889
-30.9224
-30.3215
-30.202
-29.7338
-29.7026
-29.6497
-29.6334
-29.5653
-29.5045
-29.4328
-29.3395
-29.2189
-29.1705
-28.9586
-28.8076
-28.3395
-28.2014
-27.4956
-27.4592
-27.4264
-27.3779
-27.3429
-26.7706
-26.5768
-26.3705
-26.364
-26.26
-26.1532
-26.1423
-26.1244
-26.0865
-25.9958
-25.9764
-25.9466
-25.9093
-25.9031
-25.8701
-25.8353
-25.7945
-25.7891
-25.7802
-25.7665
-25.7289
-25.7205
-25.718
-25.7011
-25.6868
-25.5803
-25.5727
-25.5278
-25.4346
-25.3244
-25.1603
-25.077
-25.0255
-24.8063
-24.7225
-24.7167
-24.645
-24.5813
-24.5533
-24.5022
-24.4894
-24.4725
-24.4584
-24.4523
-24.4028
-24.3848
-24.372
-24.3484
-24.3029
-24.2897
-24.2812
-24.2764
-24.2728
-24.2172
-24.214
-24.1858
-24.1832
-24.1575
-24.1301
-24.1127
-24.1104
-24.0811
-24.0743
-24.0686
-24.0483
-24.0319
-24.0286
-24.0203
-24.0198
-23.9487
-23.9314
-23.9295
-23.8353
-23.7678
-23.6735
-23.6503
-23.612
-23.5771
-23.5611
-23.5478
-23.5419
-23.5322
-23.49
-23.4894
-23.4719
-23.3889
-23.3635
-23.2738
-23.2599
-23.2291
-23.1985
-23.1879
-23.0849
-23.0738
-23.0187
-22.9599
-22.8641
-22.8213
-22.7519
-22.7251
-22.7113
-22.6905
-22.6668
-22.6454
-22.6215
-22.6007
-22.587
-22.5413
-22.5387
-22.5045
-22.4892
-22.4319
-22.3959
-22.3816
-22.3626
-22.3561
-22.3173
-22.3102
-22.3059
-22.2915
-22.2862
-22.2652
-22.2386
-22.2209
-22.2082
-22.193
-22.1821
-22.1518
-22.1382
-22.1189
-22.1036
-22.0811
-22.0713
-22.0611
-22.0512
-22.0325
-22.0177
-21.9835
-21.962
-21.9471
-21.9058
-21.8843
-21.8684
-21.8584
-21.8288
-21.7884
-21.7538
-21.7383
-21.7232
-21.6979
-21.6756
-21.6715
-21.6227
-21.6132
-21.5959
-21.5939
-21.5881
-21.5782
-21.5586
-21.5475
-21.5172
-21.5159
-21.4445
-21.3451
-21.2978
-21.2726
-21.2639
-21.238
-21.1931
-21.1396
-21.1309
-21.1171
-21.0736
-21.0406
-21.0192
-21.0072
-21.0028
-20.9697
-20.9474
-20.9425
-20.8937
-20.8766
-20.8429
-20.7701
-20.7624
-20.7562
-20.7392
-20.7325
-20.719
-20.6846
-20.6654
-20.661
-20.6209
-20.606
-20.5899
-20.5843
-20.5728
-20.568
-20.5472
-20.539
-20.5316
-20.5054
-20.5008
-20.4584
-20.439
-20.4321
-20.4119
-20.3961
-20.3912
-20.3805
-20.3641
-20.3386
-20.3339
-20.3113
-20.2932
-20.2793
-20.2485
-20.2062
-20.2001
-20.1879
-20.171
-20.1465
-20.1303
-20.1063
-20.0826
-20.0794
-20.0631
-20.0577
-20.0163
-20.0004
-19.9794
-19.9707
-19.9445
-19.8798
-19.8664
-19.8105
-19.762
-19.7001
-19.6359
-19.6112
-19.585
-19.5641
-19.5371
-19.5016
-19.5002
-19.4885
-19.476
-19.4622
-19.457
-19.4414
-19.4099
-19.4071
-19.3944
-19.3675
-19.3607
-19.3435
-19.3285
-19.3233
-19.3118
-19.3057
-19.2883
-19.2715
-19.2635
-19.2379
-19.2348
-19.2264
-19.2252
-19.2079
-19.1982
-19.1665
-19.1422
-19.1185
-19.1118
-19.096
-19.0811
-19.0755
-19.0645
-19.0594
-19.0554
-19.0531
-19.0345
-19.0261
-19.0006
-18.9983
-18.9897
-18.9761
-18.9685
-18.9577
-18.9502
-18.9375
-18.9338
-18.9293
-18.9119
-18.906
-18.9033
-18.8871
-18.8778
-18.8714
-18.8566
-18.8544
-18.8416
-18.829
-18.8155
-18.7726
-18.7612
-18.7513
-18.7392
-18.7349
-18.717
-18.69
-18.6783
-18.6713
-18.6636
-18.6528
-18.6384
-18.6201
-18.6168
-18.5977
-18.5876
-18.5808
-18.5542
-18.5428
-18.5372
-18.5004
-18.4817
-18.4751
-18.4646
-18.433
-18.4172
-18.4113
-18.3865
-18.3718
-18.3605
-18.342
-18.3374
-18.3259
-18.277
-18.2442
-18.2308
-18.2041
-18.1665
-18.1433
-18.1411
-18.1135
-18.1048
-18.0895
-18.0559
-18.0351
-18.0262
-17.9938
-17.9604
-17.9474
-17.942
-17.9057
-17.8937
-17.8813
-17.8587
-17.8521
-17.8485
-17.8298
-17.8176
-17.7953
-17.7829
-17.7703
-17.7575
-17.75
-17.723
-17.7175
-17.7021
-17.6905
-17.6765
-17.6745
-17.662
-17.6503
-17.6458
-17.6352
-17.6287
-17.6214
-17.6137
-17.5885
-17.5787
-17.575
-17.5612
-17.5382
-17.5245
-17.5067
-17.4842
-17.4832
-17.4753
-17.4509
-17.4405
-17.4214
-17.4031
-17.3919
-17.389
-17.3736
-17.3678
-17.3564
-17.3428
-17.3296
-17.314
-17.3037
-17.2931
-17.2745
-17.2626
-17.2566
-17.2435
-17.2394
-17.2298
-17.228
-17.221
-17.2138
-17.2042
-17.1715
-17.1685
-17.1638
-17.16
-17.1468
-17.134
-17.127
-17.1131
-17.1039
-17.0993
-17.0956
-17.0792
-17.0713
-17.0231
-17.0142
-17.0118
-17.0071
-16.9971
-16.9675
-16.9367
-16.9348
-16.9218
-16.9059
-16.8995
-16.8874
-16.8843
-16.8794
-16.8602
-16.8552
-16.8358
-16.8176
-16.8108
-16.8011
-16.79
-16.7838
-16.7786
-16.7682
-16.7576
-16.7509
-16.7436
-16.7418
-16.7289
-16.7233
-16.7046
-16.6977
-16.6898
-16.6806
-16.6756
-16.6679
-16.6615
-16.6515
-16.6466
-16.6386
-16.6349
-16.6318
-16.6177
-16.6097
-16.6063
-16.6032
-16.5993
-16.594
-16.5889
-16.5826
-16.5761
-16.564
-16.5601
-16.5537
-16.5434
-16.5292
-16.5281
-16.5198
-16.5117
-16.5065
-16.4997
-16.4937
-16.488
-16.4706
-16.4678
-16.4578
-16.4357
-16.4335
-16.4285
-16.42
-16.4134
-16.4056
-16.4028
-16.4004
-16.3975
-16.384
-16.3629
-16.3511
-16.3492
-16.3453
-16.3354
-16.3299
-16.3218
-16.3153
-16.3117
-16.3005
-16.2908
-16.2631
-16.2608
-16.2583
-16.2509
-16.2469
-16.2283
-16.221
-16.2048
-16.1978
-16.1903
-16.182
-16.1782
-16.169
-16.1578
-16.151
-16.1428
-16.1349
-16.1264
-16.1214
-16.1123
-16.1011
-16.0887
-16.0773
-16.0641
-16.0568
-16.0543
-16.0273
-16.0171
-16.0009
-15.9869
-15.9725
-15.9667
-15.9542
-15.9455
-15.9335
-15.9176
-15.8934
-15.8807
-15.8708
-15.8597
-15.8514
-15.8406
-15.8261
-15.8227
-15.8054
-15.7951
-15.7917
-15.7853
-15.7672
-15.7583
-15.755
-15.7467
-15.7325
-15.7256
-15.7181
-15.7053
-15.6877
-15.6768
-15.6735
-15.6642
-15.6572
-15.6512
-15.6415
-15.6357
-15.6074
-15.5926
-15.5899
-15.5769
-15.5658
-15.551
-15.5465
-15.5421
-15.5344
-15.5339
-15.516
-15.5047
-15.4956
-15.4945
-15.4863
-15.4806
-15.4687
-15.4621
-15.4554
-15.4452
-15.4417
-15.4349
-15.4275
-15.4219
-15.4173
-15.4115
-15.4037
-15.4001
-15.3931
-15.3889
-15.3864
-15.3747
-15.3729
-15.3603
-15.3573
-15.3365
-15.3308
-15.3267
-15.317
-15.3113
-15.2905
-15.2847
-15.2784
-15.2689
-15.2613
-15.2546
-15.2517
-15.2399
-15.2305
-15.2205
-15.2064
-15.2041
-15.2005
-15.1964
-15.1922
-15.1833
-15.1788
-15.1637
-15.1541
-15.1506
-15.1432
-15.1371
-15.1293
-15.1272
-15.1238
-15.1105
-15.0977
-15.0947
-15.0865
-15.0827
-15.0802
-15.0772
-15.0722
-15.0512
-15.0491
-15.0412
-15.0369
-15.0287
-15.0255
-15.0233
-15.0125
-15.0002
-14.9985
-14.9956
-14.9888
-14.977
-14.9712
-14.9647
-14.9609
-14.9584
-14.9507
-14.9447
-14.9393
-14.9296
-14.925
-14.9221
-14.9148
-14.9071
-14.9028
-14.8938
-14.8886
-14.8859
-14.8812
-14.8709
-14.8626
-14.859
-14.8503
-14.8454
-14.8438
-14.8329
-14.828
-14.8216
-14.8169
-14.8094
-14.802
-14.7916
-14.7903
-14.7736
-14.7578
-14.7474
-14.7435
-14.7365
-14.7292
-14.7224
-14.7182
-14.7096
-14.7055
-14.7005
-14.6892
-14.6858
-14.677
-14.6715
-14.6675
-14.66
-14.6508
-14.648
-14.6337
-14.6299
-14.6138
-14.6103
-14.6057
-14.6037
-14.5972
-14.5891
-14.5784
-14.5644
-14.5622
-14.5577
-14.5528
-14.534
-14.5336
-14.5267
-14.5131
-14.5079
-14.4963
-14.4852
-14.4775
-14.4753
-14.4693
-14.4644
-14.4445
-14.4363
-14.4333
-14.4252
-14.4167
-14.4091
-14.404
-14.3969
-14.3832
-14.381
-14.3777
-14.369
-14.3628
-14.3584
-14.3499
-14.3468
-14.3397
-14.3198
-14.3186
-14.3124
-14.3017
-14.2852
-14.2753
-14.2704
-14.2686
-14.2594
-14.2565
-14.2476
-14.2441
-14.2267
-14.2133
-14.2057
-14.2028
-14.1891
-14.1845
-14.1778
-14.1579
-14.1567
-14.1458
-14.1238
-14.1154
-14.1105
-14.1013
-14.0977
-14.0934
-14.0765
-14.0727
-14.064
-14.0512
-14.0451
-14.0407
-14.0331
-14.0113
-14.005
-14.0026
-13.9833
-13.9798
-13.9765
-13.9687
-13.9671
-13.9551
-13.9494
-13.9359
-13.9265
-13.9242
-13.9135
-13.9036
-13.8939
-13.8771
-13.8706
-13.8545
-13.8508
-13.8445
-13.8433
-13.8311
-13.8222
-13.8166
-13.8023
-13.7923
-13.7828
-13.7777
-13.7647
-13.7567
-13.7514
-13.7503
-13.7439
-13.7354
-13.7308
-13.7289
-13.7224
-13.7159
-13.709
-13.702
-13.6944
-13.6886
-13.6824
-13.6807
-13.6748
-13.668
-13.6634
-13.6614
-13.6534
-13.6427
-13.6348
-13.6285
-13.6229
-13.6209
-13.616
-13.6064
-13.6016
-13.5912
-13.5795
-13.5776
-13.5737
-13.5683
-13.5642
-13.5552
-13.5511
-13.5478
-13.5401
-13.5359
-13.5315
-13.5173
-13.5152
-13.5114
-13.5103
-13.501
-13.4847
-13.4756
-13.4714
-13.4569
-13.4512
-13.4429
-13.4377
-13.4361
-13.4273
-13.4212
-13.4144
-13.4106
-13.4089
-13.4028
-13.3864
-13.3803
-13.3658
-13.3646
-13.3546
-13.3492
-13.3412
-13.335
-13.3194
-13.3128
-13.3109
-13.3019
-13.2934
-13.2844
-13.2793
-13.2738
-13.2684
-13.2503
-13.2439
-13.2345
-13.2294
-13.2221
-13.2135
-13.2042
-13.1929
-13.1907
-13.1876
-13.1678
-13.1648
-13.1627
-13.1589
-13.1455
-13.1356
-13.1339
-13.1305
-13.1286
-13.119
-13.1144
-13.101
-13.0957
-13.0885
-13.085
-13.0807
-13.0699
-13.0676
-13.0638
-13.0518
-13.0451
-13.0393
-13.0346
-13.0219
-13.0107
-13.0078
-13.0045
-13.0012
-12.995
-12.9916
-12.9805
-12.9792
-12.9687
-12.9618
-12.95
-12.931
-12.9261
-12.9195
-12.9184
-12.91
-12.9047
-12.898
-12.8908
-12.8823
-12.8763
-12.8743
-12.8689
-12.8566
-12.8526
-12.8455
-12.8364
-12.8256
-12.8207
-12.8133
-12.8008
-12.7991
-12.7914
-12.7873
-12.7815
-12.7637
-12.7545
-12.7527
-12.7455
-12.7417
-12.7322
-12.7289
-12.7212
-12.712
-12.7078
-12.7011
-12.6898
-12.6854
-12.6796
-12.6761
-12.6717
-12.6623
-12.6538
-12.6478
-12.6462
-12.6421
-12.6324
-12.6312
-12.6248
-12.6162
-12.6144
-12.6079
-12.6014
-12.5991
-12.5961
-12.5893
-12.5813
-12.5757
-12.5723
-12.5677
-12.5601
-12.5539
-12.55
-12.5474
-12.537
-12.5331
-12.5291
-12.5215
-12.5192
-12.5166
-12.5108
-12.5016
-12.4995
-12.4954
-12.493
-12.4869
-12.4833
-12.4772
-12.4737
-12.4705
-12.4661
-12.46
-12.4571
-12.4476
-12.4455
-12.4378
-12.4301
-12.4221
-12.4198
-12.4189
-12.4122
-12.4076
-12.4024
-12.3963
-12.3949
-12.3868
-12.383
-12.3817
-12.3782
-12.3676
-12.3634
-12.3596
-12.3581
-12.3561
-12.3501
-12.3398
-12.3371
-12.3337
-12.3305
-12.3262
-12.3189
-12.312
-12.3085
-12.3023
-12.2914
-12.2876
-12.2815
-12.2778
-12.2733
-12.2683
-12.2622
-12.2593
-12.2512
-12.2475
-12.2457
-12.2392
-12.2344
-12.2335
-12.2246
-12.2193
-12.2136
-12.2068
-12.2017
-12.1906
-12.1865
-12.1811
-12.174
-12.1675
-12.1642
-12.1619
-12.1561
-12.152
-12.149
-12.1453
-12.1403
-12.1337
-12.1287
-12.1211
-12.1197
-12.1133
-12.1102
-12.1062
-12.099
-12.0893
-12.0846
-12.0821
-12.0802
-12.078
-12.0697
-12.0621
-12.0585
-12.0527
-12.0508
-12.0413
-12.0396
-12.0353
-12.0345
-12.0265
-12.0211
-12.0169
-12.0139
-12.0112
-12.004
-12.0011
-11.9959
-11.986
-11.9799
-11.9721
-11.9674
-11.9634
-11.9586
-11.9534
-11.9437
-11.9429
-11.938
-11.9356
-11.9321
-11.9241
-11.9082
-11.9067
-11.9049
-11.9002
-11.8881
-11.8813
-11.8797
-11.8775
-11.875
-11.864
-11.8618
-11.8467
-11.8433
-11.8396
-11.8288
-11.8258
-11.8162
-11.8073
-11.8066
-11.7987
-11.7938
-11.7855
-11.7839
-11.7776
-11.7689
-11.7664
-11.7502
-11.7456
-11.7424
-11.737
-11.7287
-11.7224
-11.7127
-11.7106
-11.6986
-11.6977
-11.6912
-11.6866
-11.6802
-11.6782
-11.6639
-11.662
-11.6579
-11.6434
-11.6395
-11.6352
-11.6275
-11.6248
-11.6175
-11.6158
-11.5977
-11.5958
-11.5932
-11.5829
-11.5723
-11.5709
-11.5612
-11.5542
-11.5491
-11.5386
-11.5338
-11.5263
-11.5208
-11.5155
-11.5066
-11.5036
-11.4895
-11.4813
-11.4724
-11.4679
-11.4592
-11.4518
-11.4427
-11.4344
-11.4325
-11.4293
-11.4227
-11.4132
-11.4081
-11.3996
-11.3989
-11.3953
-11.3847
-11.3781
-11.3732
-11.3627
-11.3551
-11.3473
-11.3423
-11.3396
-11.3345
-11.324
-11.3222
-11.3149
-11.305
-11.2974
-11.2951
-11.2919
-11.2883
-11.2799
-11.277
-11.2711
-11.265
-11.2616
-11.2605
-11.2532
-11.2461
-11.2409
-11.2339
-11.2281
-11.2246
-11.2218
-11.2182
-11.2113
-11.2061
-11.2013
-11.1946
-11.1901
-11.1873
-11.1844
-11.1767
-11.1745
-11.1703
-11.1666
-11.1606
-11.1561
-11.1522
-11.1459
-11.1402
-11.1397
-11.1373
-11.1334
-11.1272
-11.1186
-11.1135
-11.1028
-11.0991
-11.0918
-11.0889
-11.0855
-11.0821
-11.079
-11.0694
-11.063
-11.0556
-11.0539
-11.0513
-11.0441
-11.0412
-11.0331
-11.0257
-11.0244
-11.0209
-11.0098
-11.0085
-11.0055
-11.0044
-10.9961
-10.9932
-10.9921
-10.98
-10.9794
-10.9707
-10.9674
-10.9648
-10.9618
-10.9582
-10.9512
-10.9498
-10.9463
-10.9411
-10.9373
-10.935
-10.9281
-10.9279
-10.9267
-10.9198
-10.9184
-10.9083
-10.9067
-10.902
-10.8961
-10.8949
-10.8905
-10.8841
-10.8822
-10.8802
-10.8767
-10.8716
-10.8677
-10.8634
-10.8574
-10.8521
-10.8483
-10.8418
-10.8372
-10.833
-10.8318
-10.8268
-10.8263
-10.8243
-10.8217
-10.8191
-10.8123
-10.8055
-10.7967
-10.7883
-10.7857
-10.7827
-10.7786
-10.7714
-10.7664
-10.7633
-10.7615
-10.7586
-10.7553
-10.7484
-10.7397
-10.7338
-10.7231
-10.7209
-10.7161
-10.7084
-10.707
-10.7001
-10.6977
-10.6969
-10.6932
-10.688
-10.6833
-10.6816
-10.6792
-10.6708
-10.6615
-10.6602
-10.6546
-10.6516
-10.644
-10.6406
-10.6298
-10.6277
-10.6219
-10.6157
-10.6135
-10.6102
-10.6032
-10.5996
-10.5966
-10.5839
-10.5818
-10.5739
-10.5703
-10.5648
-10.559
-10.5575
-10.5535
-10.551
-10.5496
-10.5434
-10.5373
-10.5299
-10.5245
-10.5235
-10.51
-10.506
-10.4992
-10.4969
-10.4949
-10.4906
-10.4841
-10.4823
-10.4747
-10.4717
-10.4691
-10.4634
-10.4597
-10.4531
-10.4455
-10.4417
-10.4365
-10.4329
-10.4234
-10.4196
-10.4139
-10.4074
-10.4068
-10.4007
-10.3943
-10.3871
-10.3816
-10.3791
-10.3735
-10.3657
-10.3552
-10.3533
-10.3486
-10.3435
-10.3419
-10.3402
-10.3344
-10.3258
-10.3237
-10.3216
-10.3178
-10.31
-10.3077
-10.3041
-10.2971
-10.2924
-10.2872
-10.2833
-10.278
-10.2769
-10.2663
-10.2612
-10.2586
-10.2542
-10.2524
-10.2459
-10.2396
-10.2349
-10.2316
-10.2288
-10.2149
-10.2113
-10.2087
-10.2075
-10.2033
-10.2004
-10.199
-10.1945
-10.188
-10.1827
-10.1806
-10.174
-10.1715
-10.1687
-10.1638
-10.1631
-10.157
-10.1504
-10.1475
-10.1423
-10.1342
-10.1273
-10.1245
-10.1207
-10.1099
-10.1046
-10.0978
-10.0927
-10.0883
-10.081
-10.0758
-10.0737
-10.0695
-10.0675
-10.0633
-10.0583
-10.0538
-10.0511
-10.0449
-10.043
-10.0392
-10.0348
-10.0266
-10.0241
-10.0152
-10.0067
-9.99782
-9.99248
-9.99154
-9.98956
-9.9868
-9.98141
-9.97007
-9.96565
-9.95896
-9.95525
-9.95323
-9.95063
-9.94102
-9.93528
-9.9281
-9.92226
-9.92002
-9.91596
-9.91075
-9.90429
-9.8987
-9.89318
-9.88634
-9.88206
-9.8809
-9.87808
-9.87532
-9.86894
-9.86483
-9.86185
-9.85686
-9.85445
-9.8485
-9.83867
-9.83474
-9.83329
-9.82886
-9.8221
-9.81893
-9.81365
-9.8089
-9.80694
-9.80513
-9.80396
-9.79869
-9.79481
-9.79194
-9.7821
-9.77713
-9.77628
-9.77074
-9.76835
-9.76605
-9.7602
-9.75954
-9.75577
-9.75039
-9.74681
-9.73733
-9.73653
-9.73333
-9.72963
-9.72544
-9.72142
-9.71954
-9.71651
-9.7153
-9.70891
-9.70435
-9.69921
-9.69585
-9.69351
-9.68936
-9.68371
-9.6813
-9.67717
-9.67561
-9.67158
-9.66835
-9.66033
-9.65461
-9.65004
-9.64933
-9.6452
-9.64088
-9.63882
-9.63416
-9.63217
-9.6271
-9.62345
-9.62066
-9.61565
-9.60995
-9.6054
-9.60168
-9.59413
-9.59268
-9.58646
-9.58388
-9.5786
-9.57736
-9.57405
-9.57091
-9.56035
-9.55661
-9.55336
-9.54913
-9.54314
-9.53836
-9.53403
-9.52959
-9.52637
-9.52399
-9.517
-9.51572
-9.51013
-9.50811
-9.50111
-9.5004
-9.49541
-9.48799
-9.48576
-9.48275
-9.4795
-9.47802
-9.47203
-9.46754
-9.46321
-9.45684
-9.45337
-9.45075
-9.44751
-9.44267
-9.4396
-9.43762
-9.42472
-9.42033
-9.41556
-9.41244
-9.40497
-9.39849
-9.39468
-9.38969
-9.38566
-9.38269
-9.37953
-9.374
-9.36825
-9.36081
-9.35861
-9.35265
-9.35053
-9.34491
-9.33671
-9.33228
-9.33132
-9.32837
-9.32629
-9.3202
-9.31717
-9.31485
-9.31042
-9.30635
-9.30353
-9.30102
-9.29845
-9.29269
-9.28744
-9.28401
-9.28108
-9.2752
-9.27318
-9.27084
-9.26368
-9.26065
-9.25761
-9.25377
-9.24862
-9.24792
-9.23448
-9.23126
-9.22635
-9.22256
-9.22014
-9.2181
-9.21435
-9.21014
-9.20379
-9.20193
-9.19673
-9.18937
-9.1883
-9.17933
-9.1777
-9.17267
-9.16936
-9.16712
-9.16342
-9.16047
-9.1561
-9.1539
-9.14783
-9.13937
-9.13827
-9.13303
-9.12924
-9.12593
-9.12191
-9.11713
-9.10864
-9.10491
-9.10089
-9.09681
-9.09038
-9.08642
-9.08084
-9.07289
-9.06882
-9.06641
-9.06152
-9.0561
-9.05229
-9.04954
-9.04586
-9.04183
-9.03628
-9.03106
-9.02698
-9.01875
-9.01768
-9.01397
-9.00924
-9.00595
-9.00294
-9.00027
-8.9945
-8.98302
-8.97849
-8.97244
-8.96891
-8.96751
-8.96536
-8.96247
-8.96071
-8.95703
-8.95279
-8.94781
-8.94681
-8.93845
-8.9366
-8.93274
-8.92992
-8.92352
-8.91605
-8.91311
-8.91181
-8.90653
-8.90239
-8.89599
-8.89455
-8.89092
-8.88816
-8.88268
-8.87705
-8.87268
-8.86722
-8.86106
-8.85141
-8.8492
-8.84422
-8.83413
-8.82838
-8.82753
-8.82144
-8.81996
-8.81847
-8.81084
-8.81069
-8.80364
-8.79502
-8.79272
-8.78878
-8.78369
-8.77864
-8.77574
-8.76964
-8.76203
-8.76078
-8.75554
-8.75427
-8.74917
-8.74618
-8.73929
-8.73708
-8.73133
-8.72432
-8.72105
-8.71773
-8.71415
-8.70981
-8.70154
-8.69554
-8.69396
-8.68557
-8.68159
-8.67974
-8.6741
-8.66402
-8.66347
-8.65649
-8.65335
-8.65283
-8.64767
-8.64526
-8.64048
-8.636
-8.62905
-8.62518
-8.62382
-8.6169
-8.61188
-8.60804
-8.60582
-8.60307
-8.6
-8.5987
-8.58893
-8.58716
-8.58593
-8.58105
-8.57795
-8.57596
-8.57147
-8.56256
-8.56119
-8.55543
-8.55062
-8.54607
-8.5392
-8.53839
-8.53561
-8.53392
-8.53227
-8.5211
-8.51791
-8.51699
-8.50987
-8.50348
-8.50181
-8.4959
-8.49269
-8.49024
-8.48746
-8.48178
-8.47924
-8.47465
-8.46909
-8.46293
-8.46196
-8.45565
-8.45294
-8.45121
-8.44745
-8.44693
-8.44391
-8.43676
-8.43555
-8.42865
-8.42627
-8.42352
-8.41632
-8.41598
-8.41273
-8.41008
-8.40801
-8.40426
-8.40239
-8.3972
-8.39348
-8.38675
-8.38478
-8.38367
-8.38144
-8.37848
-8.37543
-8.37046
-8.36953
-8.3647
-8.36247
-8.35879
-8.35423
-8.35178
-8.35013
-8.34784
-8.3401
-8.33598
-8.33498
-8.33234
-8.32909
-8.32646
-8.32283
-8.31898
-8.31348
-8.31061
-8.30954
-8.30437
-8.29483
-8.29006
-8.28703
-8.28436
-8.2807
-8.27856
-8.27655
-8.27201
-8.26703
-8.26388
-8.25771
-8.25422
-8.24798
-8.24684
-8.2433
-8.24181
-8.23996
-8.23655
-8.2327
-8.23011
-8.22468
-8.223
-8.22025
-8.2185
-8.21185
-8.2074
-8.20265
-8.2006
-8.19651
-8.19278
-8.18963
-8.18685
-8.18319
-8.17836
-8.17423
-8.17189
-8.17011
-8.16253
-8.15545
-8.15241
-8.15043
-8.14799
-8.1428
-8.138
-8.1334
-8.13152
-8.12403
-8.11951
-8.11844
-8.11725
-8.11153
-8.1085
-8.10799
-8.10762
-8.10182
-8.09907
-8.0967
-8.08969
-8.08874
-8.08671
-8.07457
-8.07243
-8.06897
-8.06436
-8.06239
-8.05956
-8.05489
-8.05419
-8.04376
-8.04099
-8.03799
-8.03407
-8.02802
-8.02693
-8.02428
-8.02094
-8.01704
-8.01344
-8.01023
-8.00752
-8.00535
-7.99947
-7.99612
-7.99089
-7.98628
-7.98228
-7.97292
-7.97086
-7.9677
-7.96298
-7.95791
-7.95087
-7.94559
-7.94315
-7.94159
-7.93945
-7.9307
-7.92796
-7.92545
-7.9221
-7.91757
-7.91411
-7.91094
-7.90589
-7.90128
-7.90049
-7.89665
-7.89458
-7.89247
-7.8907
-7.88409
-7.87935
-7.87726
-7.8738
-7.86976
-7.86361
-7.86221
-7.85626
-7.85148
-7.8503
-7.84791
-7.84442
-7.84052
-7.83784
-7.83214
-7.82901
-7.82879
-7.82407
-7.82041
-7.81837
-7.81671
-7.81247
-7.80987
-7.80508
-7.80239
-7.79836
-7.79655
-7.79412
-7.78388
-7.77638
-7.77351
-7.77132
-7.76671
-7.76419
-7.76256
-7.75829
-7.74886
-7.74512
-7.7402
-7.73585
-7.72962
-7.72561
-7.72065
-7.71889
-7.71519
-7.71214
-7.70907
-7.70632
-7.69895
-7.69812
-7.69625
-7.68898
-7.68719
-7.68186
-7.68028
-7.67184
-7.67119
-7.66836
-7.66073
-7.65816
-7.65598
-7.65074
-7.64907
-7.6465
-7.63982
-7.63692
-7.63583
-7.63278
-7.62328
-7.62004
-7.61714
-7.6169
-7.61016
-7.60621
-7.60481
-7.60045
-7.59518
-7.59437
-7.59257
-7.58464
-7.58191
-7.57908
-7.57603
-7.57023
-7.56708
-7.56365
-7.56147
-7.55559
-7.55339
-7.55168
-7.54617
-7.54306
-7.54012
-7.53486
-7.53054
-7.5259
-7.52255
-7.52007
-7.51598
-7.51396
-7.50937
-7.50605
-7.49781
-7.49541
-7.49242
-7.48971
-7.48207
-7.47495
-7.47312
-7.46944
-7.46501
-7.46301
-7.45889
-7.4571
-7.45223
-7.44831
-7.44125
-7.43951
-7.43702
-7.43246
-7.42891
-7.42537
-7.42345
-7.42014
-7.41832
-7.40971
-7.40759
-7.40431
-7.40254
-7.39787
-7.39657
-7.39049
-7.38733
-7.38508
-7.38037
-7.37539
-7.37084
-7.36529
-7.36322
-7.36146
-7.3582
-7.35168
-7.34988
-7.3466
-7.34234
-7.33903
-7.33483
-7.33259
-7.33022
-7.32544
-7.3207
-7.31855
-7.3144
-7.31261
-7.3058
-7.30093
-7.29544
-7.29396
-7.2885
-7.28445
-7.28384
-7.27947
-7.27422
-7.26972
-7.26327
-7.25627
-7.25456
-7.25369
-7.24913
-7.24598
-7.2423
-7.23769
-7.23472
-7.23297
-7.23049
-7.22897
-7.2234
-7.22064
-7.2124
-7.20976
-7.20713
-7.2063
-7.20469
-7.19777
-7.19722
-7.19185
-7.19003
-7.18556
-7.18162
-7.17182
-7.16945
-7.16787
-7.1661
-7.16304
-7.15902
-7.15634
-7.15388
-7.15071
-7.14917
-7.14618
-7.14124
-7.13793
-7.13368
-7.13121
-7.12693
-7.12564
-7.12345
-7.12071
-7.11378
-7.11194
-7.10703
-7.10442
-7.10067
-7.09949
-7.09807
-7.09343
-7.08925
-7.08797
-7.08098
-7.07885
-7.07596
-7.07286
-7.06953
-7.0669
-7.06386
-7.05867
-7.05727
-7.05213
-7.05079
-7.04732
-7.0457
-7.04314
-7.0413
-7.03935
-7.03537
-7.03233
-7.02952
-7.02433
-7.02423
-7.02158
-7.01954
-7.01096
-7.00966
-7.00609
-7.00125
-6.99852
-6.99601
-6.99307
-6.9913
-6.98593
-6.98089
-6.97811
-6.97466
-6.97159
-6.96958
-6.96872
-6.96543
-6.96351
-6.959
-6.95661
-6.95401
-6.94797
-6.94487
-6.94285
-6.94046
-6.93793
-6.93577
-6.93151
-6.92997
-6.92487
-6.92445
-6.92126
-6.92048
-6.91597
-6.91012
-6.90859
-6.90522
-6.90388
-6.89657
-6.8952
-6.89404
-6.89064
-6.88873
-6.88275
-6.87983
-6.87659
-6.87356
-6.87006
-6.86774
-6.86385
-6.86079
-6.85977
-6.85766
-6.85441
-6.85214
-6.84988
-6.8473
-6.84479
-6.83786
-6.8359
-6.83037
-6.82662
-6.82288
-6.82078
-6.81548
-6.81402
-6.81392
-6.81077
-6.80486
-6.80142
-6.79809
-6.79609
-6.79114
-6.78908
-6.78709
-6.78182
-6.77632
-6.77357
-6.77147
-6.76499
-6.76262
-6.75728
-6.75477
-6.75332
-6.75238
-6.74963
-6.74437
-6.74323
-6.73999
-6.73723
-6.7343
-6.72619
-6.72416
-6.7157
-6.71285
-6.7089
-6.70752
-6.70502
-6.70389
-6.69492
-6.69185
-6.69079
-6.68577
-6.68189
-6.67826
-6.67641
-6.67131
-6.66933
-6.66731
-6.6613
-6.65552
-6.65017
-6.64772
-6.64592
-6.64333
-6.63825
-6.63585
-6.6326
-6.62654
-6.62269
-6.62108
-6.61848
-6.61666
-6.61198
-6.60964
-6.60774
-6.59965
-6.59659
-6.59117
-6.58723
-6.58252
-6.57977
-6.57844
-6.57178
-6.56769
-6.56358
-6.55998
-6.55824
-6.55547
-6.55011
-6.54369
-6.5393
-6.53676
-6.53194
-6.53114
-6.52459
-6.52193
-6.51976
-6.51577
-6.51364
-6.50816
-6.50673
-6.50097
-6.49679
-6.48924
-6.48774
-6.48574
-6.48293
-6.47594
-6.4747
-6.46886
-6.46431
-6.46033
-6.45747
-6.45357
-6.44813
-6.446
-6.44097
-6.44017
-6.43306
-6.42826
-6.42676
-6.42174
-6.41708
-6.41436
-6.41206
-6.40675
-6.40023
-6.39538
-6.39442
-6.38688
-6.38393
-6.38148
-6.37796
-6.37475
-6.36708
-6.36397
-6.36144
-6.35821
-6.35618
-6.35175
-6.34906
-6.34201
-6.33882
-6.33477
-6.33331
-6.33116
-6.32667
-6.32355
-6.31985
-6.31728
-6.31467
-6.31152
-6.30724
-6.30688
-6.30543
-6.30159
-6.29797
-6.2929
-6.28793
-6.28227
-6.28079
-6.27759
-6.27518
-6.26639
-6.26505
-6.25708
-6.25624
-6.25264
-6.24467
-6.24326
-6.23973
-6.23692
-6.2313
-6.22875
-6.22757
-6.22369
-6.21754
-6.20982
-6.20706
-6.20397
-6.20069
-6.19887
-6.1938
-6.19113
-6.18488
-6.18138
-6.1778
-6.17308
-6.17042
-6.16466
-6.16106
-6.15769
-6.15308
-6.14939
-6.14705
-6.14567
-6.14029
-6.13436
-6.13168
-6.12537
-6.12166
-6.11884
-6.11491
-6.11276
-6.10647
-6.1062
-6.10049
-6.09301
-6.09101
-6.08553
-6.08498
-6.07672
-6.07317
-6.06822
-6.06343
-6.06166
-6.05918
-6.05384
-6.05124
-6.04545
-6.04502
-6.04103
-6.03468
-6.03059
-6.02736
-6.02601
-6.02262
-6.01844
-6.01464
-6.01174
-6.0097
-6.00469
-5.99897
-5.9978
-5.99428
-5.99045
-5.98748
-5.98701
-5.98033
-5.9737
-5.97006
-5.96537
-5.96317
-5.95579
-5.95407
-5.95152
-5.95042
-5.94576
-5.94321
-5.94245
-5.93756
-5.92731
-5.92657
-5.92569
-5.92031
-5.91734
-5.91321
-5.91131
-5.90675
-5.90256
-5.90071
-5.89854
-5.89415
-5.88974
-5.88576
-5.88123
-5.87824
-5.8769
-5.87405
-5.87097
-5.86687
-5.86469
-5.86301
-5.85978
-5.85861
-5.85562
-5.85221
-5.84978
-5.8443
-5.84204
-5.83675
-5.83585
-5.8351
-5.83037
-5.82692
-5.82082
-5.81921
-5.81624
-5.81359
-5.81094
-5.80437
-5.80199
-5.79744
-5.79497
-5.79392
-5.792
-5.78878
-5.7835
-5.78002
-5.77499
-5.77278
-5.76932
-5.7687
-5.76609
-5.76226
-5.75985
-5.75813
-5.75471
-5.7486
-5.7445
-5.74016
-5.73919
-5.73401
-5.72718
-5.72446
-5.72048
-5.71767
-5.71483
-5.71222
-5.70786
-5.70341
-5.70168
-5.69909
-5.69575
-5.69362
-5.6872
-5.685
-5.67968
-5.67704
-5.67485
-5.67249
-5.66921
-5.66623
-5.66301
-5.66056
-5.65835
-5.6541
-5.64931
-5.64607
-5.64086
-5.63676
-5.63499
-5.63052
-5.62692
-5.62238
-5.61985
-5.6165
-5.61277
-5.60683
-5.60391
-5.59765
-5.59261
-5.58946
-5.58544
-5.58378
-5.57743
-5.57454
-5.57194
-5.567
-5.56319
-5.56103
-5.5544
-5.55008
-5.54789
-5.54432
-5.54135
-5.53523
-5.53014
-5.52788
-5.52473
-5.52052
-5.51864
-5.51812
-5.51561
-5.51045
-5.50714
-5.50454
-5.50095
-5.50027
-5.49444
-5.48937
-5.48695
-5.48098
-5.48047
-5.4753
-5.47443
-5.47025
-5.46281
-5.46
-5.45889
-5.45434
-5.45147
-5.44759
-5.44577
-5.44055
-5.43791
-5.43713
-5.43458
-5.43042
-5.42825
-5.42466
-5.42302
-5.41718
-5.41485
-5.40934
-5.40814
-5.40248
-5.40012
-5.39801
-5.3969
-5.39273
-5.38957
-5.38289
-5.37946
-5.374
-5.37186
-5.36558
-5.3634
-5.35977
-5.35891
-5.3567
-5.35283
-5.35034
-5.34819
-5.34382
-5.34318
-5.34146
-5.33589
-5.33167
-5.3303
-5.32336
-5.32001
-5.31587
-5.31229
-5.3075
-5.30352
-5.30001
-5.29582
-5.29328
-5.28923
-5.28648
-5.28485
-5.28218
-5.27972
-5.2775
-5.27166
-5.27156
-5.26962
-5.26501
-5.25975
-5.25783
-5.25407
-5.25073
-5.24919
-5.2432
-5.23933
-5.23682
-5.23428
-5.23149
-5.23079
-5.22869
-5.22452
-5.21864
-5.21612
-5.21445
-5.21261
-5.21083
-5.20593
-5.20115
-5.19626
-5.19526
-5.19324
-5.18953
-5.18478
-5.18286
-5.17757
-5.17642
-5.171
-5.16921
-5.16644
-5.16549
-5.15641
-5.15573
-5.15117
-5.14824
-5.14582
-5.14031
-5.13965
-5.13673
-5.13104
-5.12953
-5.12392
-5.12318
-5.11855
-5.11573
-5.11241
-5.10583
-5.10278
-5.10174
-5.09625
-5.09286
-5.08982
-5.0869
-5.08428
-5.08057
-5.07796
-5.07619
-5.07461
-5.0692
-5.0667
-5.06447
-5.06096
-5.05766
-5.05395
-5.05069
-5.04368
-5.03874
-5.03749
-5.03468
-5.02793
-5.02537
-5.02353
-5.01575
-5.01433
-5.01231
-5.00927
-5.00654
-5.00126
-5.00073
-4.9945
-4.99147
-4.98806
-4.98088
-4.97926
-4.97555
-4.9701
-4.96642
-4.96547
-4.95793
-4.95663
-4.94998
-4.94844
-4.9466
-4.94326
-4.9383
-4.93332
-4.92738
-4.9227
-4.91992
-4.91696
-4.90847
-4.90566
-4.9022
-4.8994
-4.89638
-4.89379
-4.88829
-4.88091
-4.87801
-4.87657
-4.86787
-4.86708
-4.86424
-4.86113
-4.85689
-4.85184
-4.84641
-4.84494
-4.84045
-4.83886
-4.83427
-4.82938
-4.82512
-4.82097
-4.81813
-4.81458
-4.81146
-4.8076
-4.80388
-4.80075
-4.79703
-4.79188
-4.78832
-4.78671
-4.77911
-4.77482
-4.77181
-4.77109
-4.76511
-4.76066
-4.7564
-4.75541
-4.74896
-4.74273
-4.74142
-4.74004
-4.73212
-4.72923
-4.72831
-4.72555
-4.72385
-4.71904
-4.71456
-4.7143
-4.70833
-4.70576
-4.70142
-4.69608
-4.69111
-4.69036
-4.68786
-4.6847
-4.68357
-4.6793
-4.67633
-4.67482
-4.66624
-4.66409
-4.66171
-4.65626
-4.65447
-4.65179
-4.646
-4.64445
-4.6423
-4.63831
-4.63603
-4.63282
-4.63093
-4.62921
-4.6229
-4.62191
-4.61874
-4.6159
-4.60901
-4.6056
-4.60493
-4.60173
-4.60011
-4.59769
-4.59257
-4.59052
-4.5879
-4.58599
-4.58523
-4.57607
-4.5729
-4.56857
-4.56595
-4.56393
-4.56089
-4.5568
-4.55111
-4.54657
-4.53884
-4.5374
-4.53474
-4.53299
-4.52982
-4.5263
-4.52352
-4.52051
-4.51768
-4.51593
-4.51396
-4.51182
-4.50608
-4.49954
-4.4974
-4.49705
-4.49545
-4.49139
-4.48869
-4.48555
-4.4801
-4.47585
-4.47182
-4.46877
-4.46791
-4.46429
-4.4613
-4.45524
-4.45277
-4.45113
-4.44876
-4.44639
-4.44379
-4.43952
-4.43841
-4.43306
-4.42895
-4.42439
-4.42086
-4.41952
-4.41582
-4.41438
-4.41039
-4.40787
-4.40437
-4.40108
-4.39811
-4.39173
-4.38874
-4.38679
-4.38238
-4.38112
-4.37908
-4.37528
-4.37464
-4.37086
-4.36979
-4.36726
-4.36636
-4.36128
-4.35917
-4.35391
-4.35265
-4.35073
-4.34858
-4.34505
-4.34213
-4.33721
-4.33688
-4.33576
-4.33202
-4.32983
-4.32844
-4.32549
-4.32119
-4.32075
-4.31763
-4.31475
-4.31028
-4.30926
-4.30626
-4.30456
-4.29895
-4.29593
-4.29406
-4.29135
-4.2892
-4.28586
-4.28389
-4.27786
-4.27528
-4.27219
-4.26929
-4.26656
-4.26471
-4.25841
-4.2566
-4.2542
-4.25289
-4.24965
-4.24755
-4.24332
-4.23975
-4.23927
-4.23256
-4.23177
-4.22854
-4.2256
-4.22393
-4.22196
-4.21798
-4.21488
-4.21167
-4.21066
-4.20792
-4.20502
-4.20216
-4.19722
-4.19456
-4.19097
-4.18701
-4.18439
-4.18165
-4.18086
-4.17911
-4.17514
-4.17307
-4.16998
-4.16614
-4.16287
-4.16069
-4.15861
-4.1565
-4.15274
-4.15202
-4.15005
-4.14404
-4.14193
-4.14016
-4.13774
-4.13367
-4.13218
-4.1303
-4.12719
-4.12519
-4.12364
-4.12153
-4.11869
-4.11532
-4.11063
-4.10755
-4.10707
-4.10617
-4.10427
-4.10257
-4.10183
-4.09839
-4.09466
-4.08633
-4.08431
-4.08272
-4.07959
-4.07545
-4.07431
-4.07076
-4.0676
-4.06343
-4.06165
-4.05967
-4.05714
-4.05445
-4.05404
-4.05133
-4.04904
-4.04674
-4.04365
-4.04138
-4.03941
-4.03474
-4.0303
-4.02953
-4.02703
-4.02492
-4.02245
-4.02117
-4.01653
-4.01308
-4.00998
-4.00842
-4.00624
-4.00525
-4.00079
-3.9974
-3.99386
-3.99046
-3.98821
-3.98494
-3.98169
-3.98114
-3.97839
-3.9714
-3.96814
-3.96542
-3.96272
-3.96267
-3.95953
-3.95499
-3.95267
-3.95134
-3.9478
-3.94403
-3.94221
-3.93842
-3.93445
-3.93344
-3.93075
-3.93041
-3.92557
-3.92376
-3.92195
-3.91974
-3.91613
-3.91359
-3.91074
-3.90746
-3.90476
-3.90142
-3.90016
-3.89606
-3.89544
-3.89269
-3.88459
-3.88196
-3.87772
-3.87558
-3.87347
-3.87186
-3.87107
-3.86842
-3.86358
-3.86316
-3.85885
-3.85728
-3.85437
-3.85152
-3.84964
-3.84845
-3.84518
-3.84202
-3.83984
-3.83699
-3.83339
-3.83081
-3.8295
-3.82731
-3.82633
-3.82173
-3.81938
-3.8174
-3.81581
-3.80882
-3.80737
-3.80328
-3.79962
-3.79768
-3.79593
-3.79466
-3.7939
-3.78888
-3.78654
-3.78503
-3.78026
-3.77453
-3.77342
-3.773
-3.77007
-3.76863
-3.76772
-3.76303
-3.76177
-3.76018
-3.75642
-3.75488
-3.75279
-3.74888
-3.74777
-3.7456
-3.74349
-3.73966
-3.73591
-3.73453
-3.73083
-3.73006
-3.72465
-3.72261
-3.7205
-3.71872
-3.7156
-3.71272
-3.70861
-3.70727
-3.70356
-3.6998
-3.6986
-3.69694
-3.69421
-3.69059
-3.68972
-3.68625
-3.68251
-3.68039
-3.67904
-3.6771
-3.67197
-3.67139
-3.66823
-3.66319
-3.66147
-3.66112
-3.66033
-3.65436
-3.65208
-3.64738
-3.64385
-3.64025
-3.63863
-3.6357
-3.63379
-3.63001
-3.62496
-3.62111
-3.61931
-3.6149
-3.61208
-3.61126
-3.60878
-3.60219
-3.60095
-3.59912
-3.59745
-3.59285
-3.58759
-3.5847
-3.58252
-3.57514
-3.57381
-3.57226
-3.56927
-3.56808
-3.56446
-3.56375
-3.55845
-3.55472
-3.55139
-3.54938
-3.54515
-3.54054
-3.53708
-3.53518
-3.53249
-3.52855
-3.52621
-3.52171
-3.51708
-3.51572
-3.51231
-3.50576
-3.50434
-3.5009
-3.4982
-3.49697
-3.49573
-3.49143
-3.48841
-3.4874
-3.48368
-3.48167
-3.47849
-3.47464
-3.47311
-3.47054
-3.46937
-3.46657
-3.46226
-3.45861
-3.45452
-3.45116
-3.44864
-3.44681
-3.4447
-3.44165
-3.43891
-3.43212
-3.43034
-3.42617
-3.42489
-3.4242
-3.42122
-3.41701
-3.41565
-3.4126
-3.41033
-3.40908
-3.40519
-3.40424
-3.39771
-3.39619
-3.39111
-3.38943
-3.38719
-3.38253
-3.38034
-3.37651
-3.37364
-3.37075
-3.37006
-3.36589
-3.36344
-3.36035
-3.35848
-3.35555
-3.35399
-3.35021
-3.34766
-3.34614
-3.34504
-3.3407
-3.33798
-3.33502
-3.33055
-3.32933
-3.32841
-3.32043
-3.31908
-3.31826
-3.3137
-3.31146
-3.3088
-3.30527
-3.30334
-3.29887
-3.29675
-3.29477
-3.29305
-3.28775
-3.28436
-3.28289
-3.27644
-3.27205
-3.26985
-3.26838
-3.26713
-3.26452
-3.26239
-3.25957
-3.25819
-3.2564
-3.25408
-3.24936
-3.24798
-3.24439
-3.24252
-3.24197
-3.23757
-3.23298
-3.23013
-3.22978
-3.22613
-3.22268
-3.21989
-3.21657
-3.21576
-3.2116
-3.20996
-3.20924
-3.20733
-3.20597
-3.20083
-3.19937
-3.1985
-3.1939
-3.19023
-3.18809
-3.18533
-3.18265
-3.18001
-3.17541
-3.17312
-3.17018
-3.16571
-3.16171
-3.16138
-3.1581
-3.15452
-3.15193
-3.14983
-3.14827
-3.14479
-3.14322
-3.13958
-3.13757
-3.13558
-3.13118
-3.12925
-3.12578
-3.12263
-3.1197
-3.11764
-3.11576
-3.11251
-3.10923
-3.10765
-3.10571
-3.10314
-3.09826
-3.09741
-3.09528
-3.09276
-3.09165
-3.08549
-3.08314
-3.08138
-3.08052
-3.07925
-3.07475
-3.07099
-3.06939
-3.06534
-3.06287
-3.05897
-3.05842
-3.05241
-3.05004
-3.04815
-3.04585
-3.04187
-3.0409
-3.0362
-3.03306
-3.03235
-3.02648
-3.02446
-3.02345
-3.0194
-3.01473
-3.0127
-3.01032
-3.00699
-3.00454
-3.002
-2.99714
-2.99556
-2.99363
-2.98994
-2.98752
-2.98401
-2.98163
-2.98013
-2.97747
-2.97294
-2.9724
-2.96829
-2.96307
-2.96041
-2.95886
-2.95572
-2.95299
-2.95138
-2.94974
-2.94464
-2.94064
-2.93481
-2.93288
-2.93035
-2.92871
-2.92598
-2.92312
-2.92151
-2.91531
-2.91382
-2.9109
-2.90723
-2.90458
-2.90154
-2.89863
-2.89555
-2.89458
-2.88631
-2.88453
-2.88363
-2.88016
-2.87711
-2.87585
-2.87328
-2.87259
-2.87046
-2.86606
-2.86264
-2.8591
-2.85907
-2.85416
-2.85109
-2.84735
-2.84531
-2.84048
-2.83987
-2.83841
-2.83556
-2.8324
-2.82702
-2.82286
-2.8215
-2.81765
-2.81377
-2.81214
-2.80654
-2.80445
-2.80341
-2.80123
-2.79733
-2.79469
-2.79025
-2.78878
-2.7853
-2.78382
-2.78034
-2.77642
-2.77201
-2.77051
-2.77002
-2.76708
-2.76344
-2.76095
-2.75938
-2.75466
-2.75408
-2.74868
-2.74177
-2.74164
-2.73909
-2.73606
-2.73346
-2.73038
-2.72894
-2.72486
-2.72117
-2.71912
-2.71695
-2.71278
-2.71157
-2.70459
-2.70012
-2.69585
-2.69516
-2.69336
-2.68944
-2.68414
-2.67807
-2.67595
-2.67251
-2.66779
-2.66748
-2.66297
-2.66108
-2.6584
-2.6513
-2.65051
-2.64623
-2.64055
-2.64037
-2.63884
-2.63777
-2.63182
-2.62971
-2.62592
-2.61926
-2.61758
-2.61402
-2.61112
-2.6078
-2.60593
-2.60001
-2.59353
-2.59273
-2.59041
-2.58431
-2.58322
-2.57954
-2.57519
-2.57191
-2.5686
-2.56551
-2.56284
-2.56177
-2.55872
-2.55614
-2.55409
-2.5476
-2.54675
-2.54076
-2.53773
-2.5344
-2.53019
-2.52892
-2.52575
-2.52226
-2.51851
-2.51682
-2.51178
-2.50774
-2.50575
-2.50316
-2.5025
-2.50004
-2.49596
-2.49258
-2.48851
-2.48733
-2.4837
-2.48212
-2.47383
-2.47028
-2.46933
-2.46771
-2.46452
-2.46222
-2.45744
-2.45527
-2.45093
-2.44823
-2.44573
-2.44283
-2.43937
-2.43623
-2.43508
-2.42776
-2.42582
-2.42341
-2.4215
-2.41878
-2.41607
-2.41066
-2.40912
-2.40824
-2.40387
-2.40102
-2.3997
-2.39285
-2.39222
-2.38685
-2.38476
-2.38171
-2.38141
-2.37686
-2.37354
-2.36924
-2.36701
-2.36172
-2.35905
-2.35629
-2.35461
-2.35156
-2.35018
-2.34312
-2.34037
-2.34005
-2.3387
-2.33667
-2.33438
-2.33062
-2.3298
-2.32309
-2.31844
-2.31584
-2.3154
-2.30961
-2.30805
-2.30368
-2.30329
-2.30151
-2.29925
-2.29682
-2.29354
-2.29022
-2.28794
-2.28569
-2.28188
-2.27784
-2.27548
-2.27355
-2.2718
-2.26508
-2.26403
-2.26164
-2.25952
-2.25612
-2.25401
-2.25304
-2.25045
-2.24717
-2.24391
-2.23997
-2.23822
-2.23398
-2.23338
-2.22978
-2.22785
-2.22586
-2.22015
-2.2167
-2.21457
-2.2116
-2.2078
-2.2075
-2.20408
-2.20203
-2.19912
-2.19541
-2.19416
-2.18999
-2.18863
-2.1857
-2.18448
-2.17631
-2.1724
-2.17129
-2.16883
-2.16301
-2.16218
-2.15983
-2.1576
-2.15646
-2.152
-2.14979
-2.14655
-2.1438
-2.14215
-2.14147
-2.1354
-2.134
-2.1303
-2.12791
-2.12595
-2.12207
-2.11885
-2.11674
-2.11314
-2.10798
-2.10725
-2.09987
-2.0958
-2.09379
-2.0913
-2.08574
-2.08391
-2.08164
-2.079
-2.07636
-2.07275
-2.06894
-2.06654
-2.06548
-2.06027
-2.05865
-2.05819
-2.05376
-2.04836
-2.04635
-2.04504
-2.04205
-2.0379
-2.0331
-2.02864
-2.02746
-2.02577
-2.02101
-2.01832
-2.01652
-2.01562
-2.0102
-2.00765
-2.00476
-1.99942
-1.99759
-1.99507
-1.99224
-1.98939
-1.98605
-1.98164
-1.97654
-1.97441
-1.97077
-1.96955
-1.96598
-1.96478
-1.96011
-1.95753
-1.9515
-1.95055
-1.94524
-1.94253
-1.94203
-1.93586
-1.93546
-1.93154
-1.92888
-1.92321
-1.92188
-1.9188
-1.91508
-1.90949
-1.90832
-1.90345
-1.90213
-1.89867
-1.89752
-1.89539
-1.89418
-1.88905
-1.88787
-1.88321
-1.8815
-1.87801
-1.87367
-1.87158
-1.86987
-1.86714
-1.86416
-1.86196
-1.85869
-1.85674
-1.85473
-1.8522
-1.84956
-1.84627
-1.84456
-1.84232
-1.83903
-1.83734
-1.83524
-1.82963
-1.82631
-1.82515
-1.81757
-1.8173
-1.81667
-1.81349
-1.81122
-1.80753
-1.80641
-1.80213
-1.79951
-1.79715
-1.79532
-1.79339
-1.78934
-1.78911
-1.7868
-1.78512
-1.78257
-1.77826
-1.77296
-1.7714
-1.76608
-1.76455
-1.76128
-1.75806
-1.75261
-1.75141
-1.74818
-1.74719
-1.74266
-1.7404
-1.73941
-1.73566
-1.73258
-1.73159
-1.7287
-1.72335
-1.72172
-1.71944
-1.71906
-1.71585
-1.71016
-1.70831
-1.70449
-1.70273
-1.70041
-1.69647
-1.69524
-1.68883
-1.68619
-1.68515
-1.68252
-1.67869
-1.6775
-1.67444
-1.67194
-1.66988
-1.66645
-1.66542
-1.66334
-1.66114
-1.66042
-1.65554
-1.65329
-1.6513
-1.64821
-1.64345
-1.64233
-1.64021
-1.63603
-1.63308
-1.63273
-1.62981
-1.62812
-1.62496
-1.62093
-1.61979
-1.61901
-1.61586
-1.61001
-1.60711
-1.60408
-1.60121
-1.6003
-1.59656
-1.59493
-1.59165
-1.58808
-1.5856
-1.58431
-1.58069
-1.58001
-1.57668
-1.57361
-1.57152
-1.5691
-1.56719
-1.56343
-1.56122
-1.55963
-1.55748
-1.55379
-1.5508
-1.54871
-1.54406
-1.54102
-1.53989
-1.53678
-1.53374
-1.53031
-1.52869
-1.52794
-1.52541
-1.52319
-1.51768
-1.51652
-1.51028
-1.50867
-1.50704
-1.50511
-1.50043
-1.49976
-1.4968
-1.49093
-1.48928
-1.48611
-1.48548
-1.48233
-1.47967
-1.47661
-1.47388
-1.4719
-1.46888
-1.46683
-1.46604
-1.46484
-1.46226
-1.45838
-1.45504
-1.45198
-1.4495
-1.44747
-1.44621
-1.44418
-1.44103
-1.43837
-1.43357
-1.43181
-1.42861
-1.42637
-1.42572
-1.42319
-1.41978
-1.41755
-1.41519
-1.41445
-1.40841
-1.40586
-1.40381
-1.40196
-1.39857
-1.39672
-1.39581
-1.39287
-1.3869
-1.38623
-1.3844
-1.38055
-1.37584
-1.37431
-1.37209
-1.36895
-1.36455
-1.36295
-1.35949
-1.35883
-1.35371
-1.35075
-1.34912
-1.34863
-1.34828
-1.34402
-1.34269
-1.33997
-1.33699
-1.33582
-1.33518
-1.32811
-1.32578
-1.32502
-1.3213
-1.31681
-1.31449
-1.31388
-1.3132
-1.30879
-1.3065
-1.30455
-1.30241
-1.30011
-1.29834
-1.29525
-1.29402
-1.29047
-1.28855
-1.28389
-1.28233
-1.27982
-1.2765
-1.27492
-1.26896
-1.26748
-1.26621
-1.26308
-1.26144
-1.25923
-1.25858
-1.2582
-1.25584
-1.25031
-1.24946
-1.24734
-1.24656
-1.24447
-1.24041
-1.23809
-1.23557
-1.23285
-1.23086
-1.22738
-1.22464
-1.22228
-1.21983
-1.21746
-1.21177
-1.21003
-1.20796
-1.20423
-1.20247
-1.19787
-1.19456
-1.1919
-1.1902
-1.18693
-1.18569
-1.18265
-1.18074
-1.17917
-1.1753
-1.17373
-1.17279
-1.1695
-1.1689
-1.16593
-1.16421
-1.16199
-1.15894
-1.15252
-1.14849
-1.14583
-1.14355
-1.1416
-1.14007
-1.1377
-1.13529
-1.13119
-1.12937
-1.12836
-1.12656
-1.12055
-1.11924
-1.11741
-1.11352
-1.11188
-1.10895
-1.10511
-1.10317
-1.10174
-1.09761
-1.09638
-1.09541
-1.09256
-1.08896
-1.08557
-1.08484
-1.0811
-1.07979
-1.07467
-1.07424
-1.07115
-1.06675
-1.06479
-1.06227
-1.05988
-1.05718
-1.05437
-1.05288
-1.04927
-1.04747
-1.04413
-1.04168
-1.04016
-1.03854
-1.03442
-1.03225
-1.0301
-1.02819
-1.0233
-1.02087
-1.01825
-1.01764
-1.01498
-1.01219
-1.0098
-1.00854
-1.00332
-1.00141
-0.996657
-0.993497
-0.992384
-0.98924
-0.985982
-0.9844
-0.982377
-0.979707
-0.976733
-0.974325
-0.973789
-0.968916
-0.967555
-0.966727
-0.96376
-0.961493
-0.960169
-0.958787
-0.953249
-0.951101
-0.948205
-0.944926
-0.942404
-0.940971
-0.934689
-0.932284
-0.928403
-0.927578
-0.925199
-0.924333
-0.918994
-0.916506
-0.914513
-0.909075
-0.905078
-0.90443
-0.903254
-0.898066
-0.897716
-0.895641
-0.892639
-0.892293
-0.886244
-0.881951
-0.879745
-0.877954
-0.877267
-0.875454
-0.8712
-0.869137
-0.866666
-0.866392
-0.863724
-0.860241
-0.855078
-0.85389
-0.853042
-0.846873
-0.845497
-0.841331
-0.839608
-0.838189
-0.835666
-0.834452
-0.829145
-0.826992
-0.823845
-0.822957
-0.821231
-0.820355
-0.814034
-0.812614
-0.809733
-0.808355
-0.805838
-0.803471
-0.801566
-0.800791
-0.798723
-0.795898
-0.793125
-0.79023
-0.787356
-0.780897
-0.778456
-0.777309
-0.773497
-0.771584
-0.764988
-0.763473
-0.761933
-0.76137
-0.757442
-0.75681
-0.752236
-0.751148
-0.746679
-0.746572
-0.739333
-0.73714
-0.736557
-0.733401
-0.73204
-0.727433
-0.726498
-0.723615
-0.72155
-0.719462
-0.71712
-0.714587
-0.712367
-0.711589
-0.708002
-0.70449
-0.701921
-0.700203
-0.698046
-0.696532
-0.693177
-0.689404
-0.686743
-0.685676
-0.68305
-0.678714
-0.677343
-0.675329
-0.673058
-0.669881
-0.668097
-0.666966
-0.661965
-0.661145
-0.656307
-0.655074
-0.650566
-0.646413
-0.644154
-0.643704
-0.642574
-0.639243
-0.635083
-0.632901
-0.631233
-0.628169
-0.626411
-0.621771
-0.620677
-0.619418
-0.617328
-0.615471
-0.61109
-0.608805
-0.605784
-0.604817
-0.601686
-0.599222
-0.594105
-0.590999
-0.587387
-0.585502
-0.583844
-0.582158
-0.581029
-0.576923
-0.575945
-0.572273
-0.570553
-0.569246
-0.566598
-0.564671
-0.558031
-0.556819
-0.553753
-0.552007
-0.550121
-0.544508
-0.543735
-0.541082
-0.537278
-0.534085
-0.532675
-0.52975
-0.528795
-0.524344
-0.520636
-0.51815
-0.51522
-0.512984
-0.511463
-0.508623
-0.505286
-0.50413
-0.503614
-0.499078
-0.497709
-0.493702
-0.490111
-0.488906
-0.486841
-0.48389
-0.480794
-0.478776
-0.476199
-0.471183
-0.470269
-0.468677
-0.467723
-0.463042
-0.46045
-0.456557
-0.455884
-0.454195
-0.45158
-0.450231
-0.444807
-0.443331
-0.44204
-0.440718
-0.437363
-0.430841
-0.430314
-0.426828
-0.425308
-0.423406
-0.421725
-0.417465
-0.41508
-0.412219
-0.410952
-0.405057
-0.403438
-0.400987
-0.398056
-0.396062
-0.393781
-0.393041
-0.39157
-0.38664
-0.384905
-0.383309
-0.381096
-0.37469
-0.372376
-0.370496
-0.368692
-0.363538
-0.360906
-0.358209
-0.357442
-0.354715
-0.349594
-0.347239
-0.345704
-0.344524
-0.341089
-0.33995
-0.33597
-0.335125
-0.331924
-0.328188
-0.325078
-0.323099
-0.32195
-0.318155
-0.316508
-0.315431
-0.312683
-0.308556
-0.306398
-0.30441
-0.303588
-0.300756
-0.299946
-0.297561
-0.292908
-0.292359
-0.29014
-0.28824
-0.285444
-0.282257
-0.281912
-0.278856
-0.278329
-0.277041
-0.27247
-0.270327
-0.266149
-0.265404
-0.26288
-0.262368
-0.258938
-0.257949
-0.255726
-0.255266
-0.251897
-0.249063
-0.246708
-0.246241
-0.243512
-0.238541
-0.233814
-0.233364
-0.231024
-0.229718
-0.228058
-0.227219
-0.222933
-0.221766
-0.219697
-0.217273
-0.216744
-0.212251
-0.21059
-0.207674
-0.20576
-0.203205
-0.201701
-0.197813
-0.19641
-0.193903
-0.192786
-0.188257
-0.187609
-0.184888
-0.182778
-0.180592
-0.17825
-0.176764
-0.174094
-0.173257
-0.169682
-0.168657
-0.164194
-0.163061
-0.162154
-0.157444
-0.155525
-0.153167
-0.151969
-0.147575
-0.145458
-0.142084
-0.139546
-0.135849
-0.131872
-0.127736
-0.126494
-0.124991
-0.119194
-0.118558
-0.118474
-0.113647
-0.112041
-0.108284
-0.10654
-0.105247
-0.104469
-0.102626
-0.0997532
-0.0961775
-0.0943143
-0.0934538
-0.0903031
-0.0867804
-0.0835945
-0.0823582
-0.0760986
-0.0752535
-0.0705121
-0.0683548
-0.0669588
-0.0662071
-0.06213
-0.0607659
-0.0586445
-0.0552159
-0.0546735
-0.049128
-0.0475927
-0.0467198
-0.0453162
-0.0440773
-0.0403085
-0.0365206
-0.0350116
-0.0317234
-0.0295118
-0.0262312
-0.0232924
-0.0215051
-0.0207323
-0.017897
-0.0141129
-0.0122187
-0.00886998
-0.00782212
-0.00621446
-0.00297632
-0.00120615
0
0.00110885
0.00420662
0.00877215
0.0122418
0.0130259
0.0170491
0.0174823
0.021975
0.0246969
0.0260211
0.0281675
0.0317032
0.0330018
0.0370467
0.041141
0.0429438
0.0450926
0.0478423
0.0506403
0.0516264
0.0518135
0.056236
0.0580236
0.0600708
0.0623209
0.0657505
0.0665837
0.0690665
0.0705842
0.0736625
0.0766702
0.0805196
0.0822714
0.0847512
0.087592
0.0898322
0.0929846
0.0949384
0.0982691
0.0986843
0.101721
0.103266
0.107451
0.107964
0.110412
0.113605
0.117544
0.118114
0.123522
0.125058
0.127949
0.131213
0.132802
0.135048
0.138177
0.142308
0.145175
0.145916
0.149461
0.151737
0.156662
0.15815
0.160003
0.163841
0.164582
0.168697
0.169695
0.170766
0.17364
0.177311
0.179341
0.183609
0.184384
0.186137
0.188464
0.189676
0.193279
0.197307
0.201081
0.201596
0.204121
0.20838
0.213126
0.214692
0.216249
0.218787
0.219494
0.223221
0.22611
0.22803
0.230118
0.236353
0.236565
0.240835
0.243631
0.246676
0.248364
0.249542
0.25285
0.255897
0.257453
0.261216
0.262254
0.265981
0.267885
0.269649
0.27336
0.276226
0.277472
0.279446
0.282005
0.286157
0.28946
0.292506
0.293117
0.295043
0.299156
0.300806
0.306674
0.30763
0.31156
0.315788
0.317191
0.31889
0.322292
0.325445
0.329364
0.331147
0.335851
0.338834
0.33943
0.342137
0.344754
0.346212
0.347586
0.34878
0.354987
0.355279
0.357631
0.362891
0.363463
0.367258
0.368666
0.370083
0.374221
0.376535
0.37918
0.380016
0.386586
0.388913
0.390068
0.392878
0.394677
0.397356
0.400312
0.405585
0.407106
0.412754
0.41377
0.416327
0.418061
0.424925
0.42798
0.428444
0.429667
0.433398
0.436441
0.440051
0.440653
0.445221
0.44647
0.44884
0.455111
0.457855
0.460097
0.463663
0.465023
0.469717
0.473369
0.47495
0.477917
0.478638
0.480455
0.483573
0.486749
0.488522
0.491976
0.496243
0.499651
0.502636
0.504729
0.505786
0.506938
0.509057
0.510624
0.516678
0.519359
0.520303
0.523343
0.527917
0.528644
0.53265
0.538209
0.539461
0.540978
0.542775
0.544158
0.549821
0.553351
0.555849
0.557612
0.562009
0.564973
0.566134
0.569133
0.571053
0.572203
0.574534
0.577416
0.581191
0.584108
0.58684
0.591388
0.593301
0.595273
0.596844
0.599498
0.60445
0.606741
0.608201
0.610786
0.612156
0.61327
0.616557
0.620528
0.622128
0.624243
0.627565
0.63182
0.63267
0.634976
0.637485
0.638892
0.640681
0.648564
0.649365
0.65234
0.653569
0.654835
0.656706
0.657617
0.658838
0.661568
0.668454
0.670183
0.672401
0.67673
0.677849
0.678071
0.68138
0.685237
0.687979
0.69195
0.693487
0.697219
0.699371
0.704179
0.70609
0.70778
0.713105
0.71524
0.717703
0.71869
0.722131
0.724681
0.727819
0.729083
0.730421
0.736237
0.738614
0.740532
0.742594
0.743111
0.746146
0.750013
0.752026
0.7579
0.761
0.762506
0.7643
0.766253
0.772326
0.77343
0.774995
0.778742
0.78171
0.783632
0.786977
0.787382
0.789275
0.793588
0.795384
0.798351
0.801509
0.805237
0.807683
0.809905
0.811182
0.812347
0.815122
0.819357
0.820256
0.822033
0.824935
0.828046
0.832038
0.832703
0.840315
0.841019
0.845182
0.846168
0.851226
0.854677
0.858512
0.859047
0.860578
0.866857
0.867466
0.869282
0.871156
0.874594
0.875673
0.878907
0.881663
0.887377
0.888507
0.889591
0.894671
0.896789
0.898295
0.901837
0.909183
0.910235
0.911708
0.91729
0.917961
0.919388
0.92343
0.925438
0.926564
0.929763
0.93214
0.935403
0.940069
0.94061
0.942351
0.94518
0.949966
0.953042
0.955415
0.957926
0.961552
0.964847
0.967919
0.969503
0.973954
0.975987
0.978419
0.981645
0.982928
0.987071
0.991299
0.993229
0.994095
0.997748
1.00466
1.00526
1.00569
1.00888
1.01102
1.01548
1.01618
1.01884
1.02286
1.02467
1.0273
1.03043
1.03344
1.03756
1.03859
1.04186
1.04484
1.04727
1.04996
1.05087
1.05301
1.0571
1.05797
1.0619
1.06601
1.07054
1.07289
1.07681
1.07746
1.08207
1.08297
1.08519
1.08896
1.08931
1.09299
1.09674
1.0979
1.10067
1.10208
1.10661
1.10984
1.1111
1.11327
1.11534
1.11793
1.11889
1.12129
1.12498
1.12888
1.12989
1.13215
1.1343
1.13618
1.14104
1.14234
1.14564
1.14814
1.15055
1.15213
1.15469
1.15676
1.15948
1.16035
1.16394
1.16583
1.16944
1.17153
1.17391
1.17574
1.17783
1.17918
1.18198
1.18396
1.1858
1.18904
1.19081
1.19331
1.1972
1.19846
1.20173
1.2047
1.2092
1.21016
1.21364
1.21758
1.21828
1.22057
1.22211
1.22417
1.22723
1.22811
1.23326
1.23502
1.23751
1.23887
1.24624
1.24831
1.24901
1.2502
1.2539
1.25609
1.25899
1.26098
1.26349
1.26871
1.27191
1.27318
1.27451
1.27946
1.27994
1.28137
1.28493
1.28772
1.29143
1.29241
1.29385
1.29624
1.2969
1.30122
1.30368
1.30784
1.31175
1.31342
1.31599
1.31746
1.31971
1.32224
1.32432
1.3295
1.33291
1.33394
1.33775
1.33822
1.34184
1.34384
1.34556
1.34843
1.34975
1.35443
1.35528
1.36137
1.36191
1.36535
1.36878
1.37129
1.37328
1.37424
1.37946
1.38296
1.38367
1.38591
1.38942
1.39065
1.39278
1.39618
1.39841
1.40076
1.40231
1.40754
1.40936
1.41101
1.41511
1.41719
1.42044
1.42235
1.42361
1.42918
1.42983
1.43306
1.43749
1.43893
1.43944
1.44621
1.44783
1.45014
1.45269
1.4554
1.4578
1.46051
1.46201
1.46489
1.46737
1.47161
1.47191
1.47558
1.47804
1.48168
1.48369
1.48601
1.48733
1.49132
1.49235
1.49372
1.49764
1.50039
1.5017
1.50542
1.50773
1.5086
1.51392
1.51629
1.51678
1.51926
1.52106
1.52376
1.53148
1.53165
1.53374
1.53632
1.53782
1.54292
1.54474
1.54768
1.55116
1.55416
1.55647
1.55767
1.55918
1.56324
1.56455
1.5688
1.57099
1.57214
1.57648
1.57892
1.58357
1.58411
1.58674
1.58784
1.59293
1.59468
1.59545
1.59921
1.60232
1.60311
1.60636
1.60676
1.60971
1.61517
1.61724
1.61776
1.62241
1.62487
1.62595
1.62764
1.62988
1.63263
1.63621
1.63842
1.6431
1.64558
1.64629
1.64885
1.65033
1.6536
1.65587
1.65695
1.65832
1.66402
1.66724
1.66899
1.67114
1.67419
1.67685
1.67775
1.68149
1.68205
1.68517
1.68764
1.69352
1.69439
1.69825
1.69867
1.70028
1.7045
1.70611
1.70707
1.71157
1.71322
1.71499
1.71674
1.71785
1.72087
1.7222
1.72698
1.72746
1.73238
1.73439
1.73628
1.73808
1.74036
1.74225
1.74589
1.74841
1.75087
1.75215
1.75356
1.75675
1.75976
1.76353
1.76641
1.76901
1.77344
1.7754
1.77801
1.78025
1.78272
1.7859
1.78746
1.78937
1.7914
1.79352
1.79837
1.79886
1.80329
1.80338
1.80395
1.80692
1.81142
1.81376
1.81496
1.81665
1.82122
1.82334
1.82398
1.82671
1.83031
1.8329
1.83837
1.84038
1.84147
1.84468
1.84598
1.84801
1.84884
1.85128
1.85396
1.85815
1.86117
1.86271
1.8667
1.86849
1.87225
1.87488
1.87722
1.88161
1.88292
1.8836
1.88742
1.89104
1.89411
1.89559
1.89788
1.8987
1.9026
1.90579
1.90732
1.90893
1.91285
1.91425
1.91612
1.91977
1.92148
1.92211
1.92279
1.92553
1.93042
1.93345
1.93383
1.93827
1.9403
1.94093
1.94446
1.94663
1.94917
1.95003
1.95469
1.9554
1.95787
1.95952
1.9653
1.96653
1.96883
1.97195
1.97462
1.97574
1.97675
1.97847
1.98412
1.98507
1.98584
1.98834
1.99198
1.99308
1.99422
1.99891
1.9994
2.00289
2.00587
2.00826
2.0108
2.01407
2.01827
2.01991
2.0211
2.02268
2.02366
2.02566
2.0265
2.02996
2.03324
2.03561
2.03755
2.04203
2.04534
2.04639
2.04877
2.05267
2.05403
2.0546
2.05923
2.06379
2.06554
2.06579
2.0686
2.07146
2.07199
2.07629
2.07835
2.08125
2.08278
2.08489
2.08641
2.08976
2.09319
2.09627
2.0977
2.09913
2.09988
2.10433
2.10705
2.10864
2.1112
2.11306
2.11447
2.11659
2.11816
2.12089
2.12529
2.12792
2.12863
2.13059
2.13413
2.13801
2.14038
2.14511
2.14539
2.14684
2.15167
2.15342
2.15615
2.15768
2.1585
2.16161
2.163
2.16579
2.16628
2.17015
2.1725
2.17618
2.17855
2.18185
2.18374
2.18825
2.19034
2.19205
2.19388
2.19587
2.19699
2.19939
2.20667
2.2082
2.2109
2.21652
2.21905
2.21968
2.22296
2.22531
2.22835
2.2305
2.23242
2.23574
2.23636
2.23885
2.24062
2.24324
2.24632
2.24836
2.24999
2.25182
2.25467
2.25632
2.25906
2.26185
2.26545
2.26596
2.26965
2.27062
2.27362
2.27667
2.27962
2.283
2.28431
2.289
2.29087
2.29228
2.29316
2.29885
2.29987
2.30132
2.30264
2.30614
2.30688
2.31214
2.31327
2.31463
2.31661
2.32012
2.32247
2.32663
2.32828
2.33204
2.33254
2.33605
2.33919
2.33975
2.34106
2.34528
2.34775
2.35101
2.35271
2.35444
2.35896
2.36134
2.3626
2.36536
2.36585
2.36981
2.37044
2.37452
2.37789
2.37908
2.38094
2.38237
2.38608
2.38993
2.39116
2.39642
2.39825
2.40205
2.40302
2.40603
2.40847
2.41081
2.4123
2.41677
2.41868
2.423
2.42697
2.4276
2.43008
2.43401
2.43499
2.43762
2.43925
2.43994
2.44318
2.44517
2.44841
2.45096
2.4546
2.4564
2.45962
2.46241
2.46443
2.46576
2.46667
2.46803
2.47303
2.4736
2.47483
2.47938
2.48173
2.48499
2.4864
2.48801
2.48995
2.49283
2.4942
2.49555
2.49617
2.50101
2.50511
2.50844
2.51111
2.51216
2.51569
2.51793
2.51966
2.52233
2.52475
2.52619
2.5264
2.52933
2.53046
2.53235
2.53466
2.54002
2.5431
2.54423
2.54755
2.5505
2.55365
2.55512
2.55575
2.55801
2.56082
2.56311
2.56444
2.56569
2.56981
2.57445
2.57563
2.5774
2.58304
2.58504
2.5879
2.58841
2.59038
2.59339
2.59727
2.6001
2.60201
2.60228
2.60494
2.60898
2.61079
2.61281
2.6148
2.61609
2.61734
2.6199
2.62069
2.62323
2.62482
2.62806
2.63325
2.63397
2.63731
2.63913
2.6403
2.64353
2.648
2.65089
2.65215
2.65503
2.65673
2.65962
2.66407
2.66617
2.66721
2.66839
2.6725
2.67344
2.67734
2.6791
2.68044
2.68196
2.68614
2.68877
2.69069
2.69359
2.6963
2.69826
2.69942
2.70159
2.70319
2.7055
2.70694
2.70862
2.71142
2.71281
2.71542
2.71758
2.71941
2.72117
2.72537
2.7281
2.73031
2.73253
2.7344
2.73536
2.73802
2.74059
2.74243
2.7445
2.74726
2.75244
2.75413
2.75496
2.75777
2.76047
2.76208
2.76464
2.76835
2.77103
2.77174
2.77222
2.7784
2.78037
2.78048
2.78268
2.78442
2.78461
2.7881
2.78916
2.79341
2.79377
2.79615
2.79859
2.80173
2.80489
2.80569
2.80863
2.81274
2.81425
2.81565
2.8165
2.82143
2.82306
2.82477
2.82705
2.83134
2.8335
2.83428
2.83733
2.83782
2.84025
2.84252
2.84616
2.84981
2.8504
2.85545
2.85644
2.85715
2.86128
2.86199
2.8636
2.86585
2.86919
2.87237
2.87323
2.87506
2.87749
2.87948
2.88289
2.88557
2.88903
2.88987
2.89118
2.89573
2.89731
2.89974
2.90359
2.90763
2.91007
2.91146
2.91311
2.91728
2.91965
2.92096
2.92164
2.92479
2.92619
2.92767
2.93037
2.93193
2.93429
2.93668
2.93814
2.94067
2.94204
2.94656
2.94951
2.9502
2.95275
2.95567
2.95695
2.95887
2.96014
2.96503
2.96657
2.96992
2.97148
2.97471
2.97892
2.98056
2.98379
2.98444
2.9878
2.98919
2.99302
2.99525
2.99887
3.00112
3.0036
3.00466
3.00788
3.00973
3.01082
3.01511
3.01835
3.01931
3.02274
3.02348
3.02635
3.03029
3.03334
3.034
3.03622
3.03755
3.04039
3.04354
3.04461
3.04585
3.04862
3.05032
3.05323
3.05442
3.0557
3.05993
3.06048
3.06542
3.06734
3.07009
3.07135
3.07636
3.07803
3.08152
3.08412
3.08849
3.09038
3.09228
3.09437
3.09656
3.10204
3.10269
3.10683
3.10778
3.1115
3.11666
3.11737
3.11907
3.1208
3.12112
3.12523
3.12718
3.12921
3.13094
3.13552
3.13592
3.14114
3.1426
3.1447
3.14693
3.14989
3.15242
3.1546
3.15786
3.15898
3.16007
3.16394
3.16587
3.16875
3.16983
3.17525
3.17817
3.18015
3.18089
3.18584
3.18678
3.19128
3.19288
3.19536
3.1966
3.19946
3.20076
3.20447
3.20859
3.20951
3.21253
3.21629
3.21913
3.22336
3.22632
3.22803
3.22839
3.22916
3.2331
3.23576
3.23875
3.23989
3.24166
3.24421
3.24481
3.24739
3.2511
3.25474
3.25711
3.26008
3.26191
3.26314
3.26649
3.26666
3.26943
3.27127
3.27468
3.27759
3.2801
3.2835
3.28507
3.28858
3.29107
3.29246
3.29402
3.29568
3.30108
3.3027
3.30307
3.30441
3.30946
3.31067
3.31214
3.31483
3.31633
3.32055
3.32259
3.32606
3.32788
3.33001
3.33431
3.33711
3.33931
3.34134
3.34367
3.34621
3.3468
3.3521
3.35297
3.35589
3.3574
3.35946
3.36466
3.36754
3.36888
3.36973
3.37081
3.37477
3.37557
3.37846
3.38086
3.38452
3.38627
3.38789
3.39208
3.39326
3.395
3.39718
3.39849
3.40294
3.40391
3.40744
3.40991
3.4127
3.41476
3.41796
3.41854
3.42316
3.42674
3.43033
3.43269
3.43625
3.43839
3.4388
3.44313
3.4443
3.45101
3.45292
3.45592
3.45697
3.45721
3.45934
3.46352
3.46524
3.46733
3.46876
3.47176
3.47377
3.47652
3.47834
3.48173
3.48213
3.48397
3.48588
3.48742
3.48994
3.4917
3.49495
3.49909
3.50211
3.50382
3.50646
3.50927
3.51253
3.51447
3.51517
3.5185
3.52299
3.52625
3.52705
3.52963
3.53045
3.53337
3.536
3.54101
3.54146
3.54419
3.54673
3.5486
3.55068
3.5531
3.55575
3.55756
3.56204
3.56283
3.56584
3.56619
3.57401
3.5777
3.57868
3.57916
3.58061
3.58276
3.58527
3.59035
3.59219
3.59433
3.59577
3.59807
3.60189
3.60312
3.60509
3.60908
3.61236
3.61309
3.61622
3.61628
3.62293
3.62616
3.6272
3.62938
3.63257
3.63423
3.63591
3.64009
3.64524
3.64764
3.64974
3.65327
3.65458
3.65614
3.65806
3.66384
3.66656
3.669
3.67404
3.67577
3.67711
3.67947
3.68096
3.68355
3.68529
3.68746
3.69139
3.6941
3.69595
3.69808
3.70201
3.70271
3.7058
3.70714
3.71223
3.71384
3.71653
3.72025
3.72386
3.72597
3.72855
3.73146
3.73379
3.73489
3.73835
3.74275
3.74325
3.74532
3.74669
3.74935
3.75246
3.7557
3.75732
3.76116
3.76231
3.76661
3.77249
3.77402
3.77513
3.77762
3.78123
3.78396
3.78848
3.78949
3.79315
3.79473
3.79524
3.79948
3.80027
3.80449
3.80738
3.81009
3.81136
3.81305
3.81822
3.82004
3.8235
3.82515
3.82861
3.834
3.8352
3.83714
3.83982
3.84165
3.8458
3.84796
3.84914
3.85213
3.85395
3.85643
3.85873
3.86377
3.86807
3.86982
3.87082
3.87345
3.87618
3.87787
3.88088
3.88256
3.88513
3.88862
3.89026
3.893
3.8944
3.89697
3.90023
3.90315
3.90516
3.90658
3.9117
3.91415
3.91636
3.91963
3.9234
3.92574
3.92828
3.93097
3.93336
3.93541
3.93659
3.94135
3.94384
3.94746
3.94827
3.95142
3.95378
3.95791
3.96074
3.96406
3.96539
3.96823
3.96961
3.97177
3.97589
3.97842
3.9822
3.98494
3.98608
3.98836
3.99147
3.994
3.99481
3.9989
4.00263
4.00507
4.00699
4.00875
4.01335
4.0171
4.01771
4.02292
4.02492
4.02793
4.03006
4.03266
4.03632
4.03859
4.04099
4.04336
4.04637
4.04928
4.0527
4.05323
4.06079
4.06272
4.06304
4.06503
4.0679
4.06867
4.0712
4.07693
4.07951
4.08236
4.08309
4.08648
4.08672
4.09045
4.09205
4.09622
4.10018
4.10272
4.10312
4.10573
4.10773
4.11208
4.11519
4.11823
4.12337
4.12414
4.12583
4.12867
4.1313
4.13381
4.13743
4.13819
4.13981
4.14069
4.14241
4.14681
4.15021
4.15071
4.15286
4.15553
4.15922
4.16178
4.16386
4.1643
4.16925
4.16995
4.17418
4.1769
4.1788
4.18573
4.18819
4.1891
4.19299
4.19439
4.19664
4.19684
4.20063
4.20699
4.20871
4.21157
4.21569
4.21585
4.21677
4.22319
4.22669
4.22694
4.22832
4.23011
4.23215
4.23723
4.23864
4.24027
4.24381
4.24663
4.24758
4.25187
4.25271
4.25958
4.26076
4.26325
4.26465
4.26824
4.26977
4.27513
4.27577
4.27774
4.27989
4.28572
4.28834
4.29019
4.29062
4.29373
4.29462
4.29771
4.30167
4.30663
4.30825
4.30942
4.31259
4.31414
4.31651
4.31869
4.32273
4.32437
4.32815
4.33032
4.33257
4.33417
4.33879
4.34063
4.34331
4.34594
4.34869
4.34936
4.35511
4.35664
4.35872
4.36139
4.36573
4.36654
4.36776
4.37077
4.37179
4.37548
4.37844
4.38017
4.3811
4.38357
4.38502
4.39014
4.39251
4.39613
4.39724
4.39927
4.40375
4.40494
4.40785
4.41233
4.41676
4.41683
4.41806
4.41897
4.4242
4.42906
4.42971
4.43236
4.4363
4.4409
4.44214
4.44338
4.44947
4.44993
4.45208
4.45452
4.45755
4.46181
4.46204
4.46505
4.46736
4.46915
4.47171
4.4733
4.47488
4.47773
4.48054
4.48485
4.48737
4.49086
4.49199
4.49624
4.49855
4.5008
4.5028
4.50419
4.50603
4.50944
4.51202
4.51631
4.51922
4.52252
4.52398
4.52621
4.53106
4.53181
4.53349
4.53663
4.53801
4.54101
4.54287
4.54398
4.54663
4.55385
4.55674
4.56034
4.56158
4.56399
4.56646
4.56867
4.57072
4.57383
4.57567
4.58053
4.58211
4.58445
4.5859
4.59034
4.59356
4.59611
4.59974
4.60106
4.60312
4.60833
4.61116
4.61424
4.61607
4.61731
4.62005
4.62374
4.62733
4.63062
4.63319
4.63688
4.63822
4.63934
4.64519
4.6498
4.65242
4.65251
4.65563
4.65665
4.65943
4.66615
4.66936
4.67085
4.67347
4.67629
4.68006
4.68367
4.68479
4.68775
4.68842
4.6897
4.69314
4.6946
4.69768
4.70026
4.704
4.70518
4.70838
4.71133
4.71421
4.72042
4.72234
4.72398
4.72694
4.7302
4.73113
4.73216
4.7364
4.73801
4.74185
4.74302
4.74484
4.74846
4.75202
4.75502
4.75636
4.75914
4.76334
4.76723
4.76964
4.77537
4.77664
4.77862
4.78217
4.7846
4.79009
4.79056
4.7919
4.79452
4.79781
4.80131
4.80191
4.804
4.80827
4.80994
4.81156
4.81432
4.81966
4.82288
4.82488
4.8273
4.82967
4.83157
4.83317
4.83778
4.83931
4.84116
4.84536
4.84595
4.85091
4.8529
4.8541
4.85564
4.85837
4.86141
4.86319
4.86466
4.86879
4.86961
4.8739
4.87672
4.87783
4.88138
4.88336
4.88594
4.88924
4.8947
4.89829
4.89901
4.90055
4.90221
4.90384
4.90742
4.90868
4.91017
4.9124
4.91594
4.91904
4.92001
4.92408
4.92779
4.93131
4.93211
4.9362
4.93675
4.94143
4.9429
4.94562
4.94814
4.94976
4.95303
4.9537
4.95569
4.96187
4.96591
4.96934
4.97035
4.97273
4.97595
4.98168
4.98496
4.98593
4.98867
4.99143
4.99416
4.99924
4.99996
5.00081
5.0046
5.00757
5.01216
5.01297
5.01712
5.02163
5.02425
5.02538
5.0281
5.0294
5.03033
5.03385
5.03828
5.04041
5.04212
5.04509
5.04649
5.04868
5.05387
5.05601
5.06115
5.06338
5.06535
5.0665
5.06793
5.07253
5.07394
5.07876
5.08585
5.08787
5.0898
5.09249
5.09456
5.09547
5.09755
5.10136
5.10662
5.10947
5.11353
5.11738
5.11894
5.1196
5.12083
5.12372
5.12836
5.13
5.13188
5.13545
5.14109
5.14216
5.1433
5.14807
5.15037
5.1542
5.15546
5.15927
5.16144
5.16549
5.16966
5.17034
5.1731
5.17428
5.17657
5.17791
5.17799
5.18309
5.18647
5.1895
5.19186
5.1963
5.20049
5.20108
5.20733
5.20749
5.21154
5.21598
5.2197
5.22117
5.2231
5.22558
5.226
5.23015
5.23135
5.23229
5.2346
5.23589
5.23655
5.246
5.24869
5.25059
5.25263
5.25449
5.25809
5.26193
5.26293
5.26642
5.26724
5.27171
5.27332
5.27502
5.27838
5.28085
5.28356
5.28593
5.28914
5.29324
5.29425
5.29717
5.29981
5.30195
5.30493
5.30768
5.3108
5.31141
5.3137
5.31929
5.32122
5.32384
5.32589
5.32794
5.32936
5.33293
5.33806
5.33853
5.33972
5.34326
5.34561
5.3486
5.35069
5.35318
5.3576
5.35894
5.36343
5.36785
5.37153
5.37219
5.37556
5.3779
5.38029
5.38242
5.38315
5.38792
5.39121
5.39303
5.39759
5.399
5.40189
5.40345
5.40473
5.40788
5.41034
5.41371
5.41945
5.42326
5.4251
5.42648
5.42997
5.43565
5.43726
5.44024
5.44109
5.44269
5.44674
5.44931
5.45188
5.45424
5.45629
5.45924
5.46429
5.4659
5.46748
5.47077
5.47259
5.4758
5.47867
5.481
5.48284
5.4871
5.49037
5.49093
5.4949
5.49936
5.50001
5.50198
5.50619
5.5081
5.51268
5.51345
5.51532
5.51891
5.52243
5.5254
5.52582
5.53045
5.53289
5.53441
5.53671
5.54235
5.54339
5.54789
5.54929
5.55076
5.55169
5.5534
5.55658
5.55679
5.55977
5.56415
5.56617
5.56934
5.57099
5.57276
5.57863
5.57987
5.58386
5.58625
5.58764
5.58794
5.59337
5.59584
5.59666
5.6005
5.60596
5.60778
5.60997
5.6136
5.61529
5.61976
5.62117
5.62179
5.62499
5.63084
5.63219
5.63471
5.63519
5.63964
5.64229
5.64302
5.64716
5.64886
5.65463
5.65636
5.65843
5.66087
5.66137
5.66555
5.66629
5.66951
5.6753
5.67636
5.67885
5.68425
5.69053
5.69134
5.69248
5.69359
5.69654
5.69852
5.70266
5.70464
5.70763
5.70973
5.71188
5.71479
5.71594
5.71964
5.72156
5.72358
5.72487
5.72741
5.73219
5.73382
5.73754
5.74114
5.74368
5.746
5.75091
5.75304
5.75508
5.75628
5.75813
5.76404
5.76507
5.76844
5.77134
5.77413
5.77587
5.77897
5.78197
5.7857
5.78762
5.79059
5.79361
5.79748
5.79971
5.80106
5.80167
5.80616
5.8093
5.81169
5.81436
5.81663
5.81816
5.82106
5.82283
5.82352
5.82661
5.82851
5.83186
5.83427
5.83833
5.84319
5.84431
5.84575
5.84919
5.85126
5.853
5.8564
5.86076
5.86186
5.86346
5.86722
5.86902
5.87069
5.87118
5.87415
5.87657
5.87787
5.88085
5.88342
5.88531
5.88791
5.89029
5.89279
5.89581
5.89615
5.9001
5.90475
5.90764
5.9096
5.91158
5.91506
5.91778
5.91899
5.9223
5.92438
5.9258
5.92821
5.93502
5.93635
5.93859
5.94058
5.94616
5.94635
5.95078
5.95428
5.95644
5.95892
5.95988
5.96293
5.96636
5.96712
5.97106
5.97391
5.97766
5.97913
5.98225
5.98734
5.98768
5.98882
5.99163
5.993
5.99526
5.99549
5.99816
5.99981
6.0022
6.00538
6.0072
6.01238
6.01601
6.01863
6.02109
6.02386
6.02694
6.0278
6.03103
6.0336
6.03645
6.03841
6.03916
6.04092
6.04504
6.04991
6.05022
6.05238
6.05629
6.05804
6.06114
6.06537
6.06586
6.06682
6.06911
6.07219
6.0742
6.07616
6.08056
6.08159
6.08262
6.08584
6.08744
6.09163
6.09585
6.09919
6.10086
6.10341
6.10467
6.10728
6.11092
6.11325
6.11481
6.11792
6.11976
6.12347
6.12522
6.12751
6.12909
6.13098
6.13834
6.13941
6.14031
6.14271
6.14592
6.1497
6.15346
6.15489
6.15568
6.16087
6.16237
6.16404
6.16795
6.1711
6.17313
6.17666
6.17844
6.17884
6.18179
6.18714
6.19097
6.19203
6.19517
6.19536
6.20004
6.20107
6.2041
6.20445
6.20665
6.21027
6.21383
6.21862
6.22004
6.22186
6.22729
6.22952
6.23087
6.23532
6.23694
6.23815
6.24181
6.24439
6.2454
6.24963
6.25149
6.2539
6.25472
6.25907
6.26409
6.26655
6.26938
6.27381
6.27623
6.27695
6.27784
6.28018
6.28522
6.28693
6.28919
6.29321
6.29643
6.29715
6.30079
6.30227
6.30541
6.30737
6.31116
6.31418
6.31439
6.31486
6.32041
6.32642
6.32769
6.32942
6.33006
6.3331
6.33886
6.34081
6.34359
6.34472
6.34833
6.35209
6.35282
6.35583
6.35854
6.36177
6.36388
6.36538
6.36765
6.37064
6.37311
6.37509
6.37767
6.37984
6.38243
6.38537
6.38787
6.3942
6.39542
6.39776
6.40039
6.40389
6.4091
6.40961
6.41196
6.41592
6.41816
6.41927
6.4206
6.42362
6.42877
6.43058
6.4325
6.43559
6.43828
6.4396
6.44216
6.4455
6.44706
6.44873
6.44989
6.45756
6.45988
6.46241
6.4655
6.46699
6.46799
6.46865
6.47607
6.47801
6.47997
6.48373
6.48537
6.48784
6.48961
6.49481
6.49643
6.49896
6.50259
6.50283
6.5048
6.50906
6.51104
6.51384
6.51451
6.51597
6.51912
6.5236
6.52546
6.52713
6.52844
6.5343
6.53677
6.53805
6.53958
6.54296
6.54484
6.54896
6.55001
6.55168
6.55589
6.55802
6.5607
6.5655
6.56807
6.5703
6.57321
6.57398
6.57731
6.5782
6.58403
6.58763
6.58871
6.59237
6.5953
6.59745
6.60061
6.60416
6.60664
6.60929
6.61154
6.61255
6.61627
6.62034
6.62372
6.62587
6.62801
6.63052
6.63237
6.63705
6.63891
6.64122
6.64349
6.64952
6.65133
6.65464
6.65625
6.65999
6.6609
6.66289
6.66575
6.66955
6.67211
6.67349
6.67449
6.67825
6.68012
6.68367
6.68607
6.69105
6.69358
6.6961
6.6979
6.70002
6.70327
6.70426
6.70621
6.71044
6.71234
6.71394
6.71834
6.71996
6.72089
6.72353
6.72527
6.72683
6.73024
6.73207
6.73397
6.73959
6.74452
6.74505
6.74632
6.74865
6.75064
6.75155
6.75369
6.75621
6.75955
6.76164
6.7645
6.76592
6.76747
6.77056
6.77798
6.77881
6.78237
6.78434
6.78548
6.78917
6.7906
6.79186
6.79406
6.79673
6.79942
6.80238
6.8041
6.80584
6.80666
6.80866
6.8149
6.81843
6.81961
6.82266
6.82684
6.82959
6.83072
6.83279
6.8357
6.83765
6.84223
6.84516
6.84893
6.85008
6.85204
6.85433
6.85739
6.85941
6.86297
6.86635
6.86899
6.87048
6.87053
6.87777
6.87869
6.87985
6.88288
6.88596
6.88819
6.88959
6.89067
6.89586
6.89909
6.90237
6.90462
6.90478
6.90978
6.91236
6.91396
6.91602
6.91737
6.92091
6.92342
6.92643
6.9287
6.92928
6.93336
6.93459
6.93539
6.93719
6.94157
6.94649
6.95123
6.95246
6.95368
6.95562
6.95783
6.96118
6.96692
6.96809
6.9694
6.97233
6.97401
6.97904
6.97957
6.98285
6.98411
6.99112
6.99122
6.99389
6.99566
6.99869
7.00275
7.00611
7.00846
7.0105
7.01281
7.0138
7.01934
7.02031
7.0242
7.02563
7.02917
7.0314
7.03394
7.03709
7.0402
7.04207
7.04628
7.04767
7.05046
7.05243
7.05762
7.06072
7.063
7.06545
7.06783
7.07145
7.07298
7.07463
7.07521
7.07884
7.07971
7.08066
7.08573
7.08729
7.08995
7.09116
7.09351
7.09904
7.1006
7.10167
7.10226
7.11018
7.11278
7.11579
7.11705
7.11878
7.12462
7.12613
7.1293
7.13158
7.13677
7.13913
7.13985
7.14372
7.14797
7.14839
7.14955
7.15308
7.15732
7.16182
7.16308
7.16773
7.17055
7.17618
7.17705
7.18086
7.18338
7.18649
7.18932
7.18955
7.19241
7.19511
7.19645
7.19997
7.20281
7.2043
7.20679
7.20963
7.21251
7.21371
7.21593
7.22058
7.22306
7.22665
7.23113
7.23288
7.2346
7.23895
7.24135
7.24176
7.24375
7.24541
7.24773
7.25082
7.25494
7.25575
7.2594
7.26315
7.26632
7.26875
7.26997
7.27209
7.27609
7.27927
7.2796
7.28227
7.28377
7.29023
7.29218
7.2934
7.29554
7.29681
7.30033
7.30288
7.30673
7.31231
7.31397
7.31724
7.32059
7.32396
7.32652
7.32702
7.33301
7.33409
7.33654
7.34182
7.34314
7.34519
7.34905
7.35105
7.35296
7.35678
7.3608
7.36285
7.36408
7.36618
7.36721
7.37052
7.37552
7.3786
7.38065
7.38367
7.38555
7.38636
7.3948
7.39567
7.39795
7.39898
7.40124
7.40561
7.40811
7.40927
7.41095
7.41278
7.42123
7.42445
7.42782
7.43138
7.43232
7.43475
7.43932
7.44277
7.44398
7.44544
7.4473
7.45004
7.45157
7.4578
7.45917
7.46223
7.46308
7.46674
7.47242
7.4761
7.47765
7.48008
7.48223
7.48448
7.48857
7.49132
7.49327
7.49679
7.50073
7.5054
7.50694
7.5103
7.5122
7.51427
7.51901
7.52227
7.52554
7.52695
7.52817
7.53353
7.53816
7.54173
7.54253
7.54358
7.54814
7.55201
7.55442
7.55562
7.55879
7.5601
7.56722
7.56918
7.57028
7.57182
7.57301
7.57952
7.5834
7.58722
7.58778
7.59371
7.59643
7.59752
7.60316
7.60392
7.60641
7.61017
7.6129
7.61322
7.61535
7.62198
7.62235
7.62334
7.62666
7.63024
7.63433
7.63544
7.63659
7.64077
7.64337
7.64496
7.64945
7.65142
7.65304
7.65508
7.66178
7.6659
7.66708
7.67486
7.6763
7.67805
7.68132
7.6838
7.69024
7.6927
7.6952
7.69665
7.70031
7.7025
7.70691
7.70985
7.71005
7.71685
7.71929
7.72104
7.72404
7.72541
7.7301
7.73267
7.73607
7.73832
7.74093
7.74352
7.74572
7.74902
7.75221
7.75728
7.75759
7.76106
7.76259
7.76762
7.77189
7.77443
7.77647
7.77923
7.78406
7.78698
7.79041
7.79263
7.7944
7.79889
7.80034
7.80314
7.81109
7.81469
7.81564
7.81937
7.82177
7.8234
7.82636
7.82885
7.83681
7.83903
7.84185
7.84569
7.84915
7.8495
7.85319
7.85505
7.85746
7.85918
7.86321
7.8671
7.86862
7.87133
7.87227
7.87742
7.88028
7.88188
7.88318
7.88809
7.88898
7.89255
7.89474
7.89616
7.89805
7.90077
7.90553
7.90699
7.91206
7.917
7.91844
7.91962
7.925
7.92679
7.93475
7.93613
7.93809
7.94318
7.94366
7.95053
7.95123
7.95511
7.95979
7.96178
7.9651
7.96661
7.96931
7.97109
7.97391
7.97665
7.97974
7.98489
7.98652
7.98802
7.99107
7.99193
7.99619
7.99775
7.99929
8.00345
8.00735
8.01178
8.01347
8.01571
8.01648
8.0256
8.02786
8.02965
8.03332
8.03619
8.04105
8.04339
8.04771
8.05057
8.05105
8.0564
8.05831
8.06146
8.06251
8.06621
8.06835
8.07099
8.0774
8.08123
8.08566
8.0881
8.0894
8.09217
8.09662
8.09967
8.10028
8.10435
8.10918
8.11031
8.11334
8.11433
8.11878
8.12185
8.12453
8.12645
8.13134
8.13381
8.13454
8.1395
8.13956
8.1453
8.14588
8.15155
8.15236
8.15514
8.15773
8.15894
8.1665
8.16807
8.17113
8.17234
8.17478
8.17535
8.1812
8.1821
8.18697
8.18892
8.19078
8.19514
8.19705
8.2006
8.20247
8.20662
8.20816
8.21231
8.21383
8.21522
8.21789
8.22054
8.22383
8.22933
8.2305
8.23364
8.23745
8.24269
8.24468
8.24827
8.24962
8.25352
8.25596
8.25763
8.26226
8.26376
8.26927
8.26999
8.27668
8.27855
8.28026
8.2844
8.28695
8.28957
8.29152
8.29536
8.29887
8.30167
8.30299
8.30488
8.30723
8.30851
8.31313
8.31474
8.31982
8.32178
8.32374
8.32547
8.32828
8.33132
8.33288
8.33338
8.34068
8.34183
8.34288
8.34406
8.34734
8.35155
8.35321
8.35557
8.35781
8.36156
8.36385
8.36658
8.37344
8.37547
8.37761
8.3826
8.38343
8.38696
8.38885
8.39086
8.39394
8.3984
8.39975
8.4018
8.40377
8.40695
8.40796
8.41321
8.41528
8.41747
8.42032
8.4226
8.42753
8.42934
8.43369
8.43746
8.4412
8.44265
8.44404
8.44889
8.45204
8.45526
8.45702
8.46078
8.46251
8.46578
8.4668
8.47293
8.47411
8.47996
8.48237
8.48396
8.48767
8.49108
8.49351
8.49499
8.50004
8.50304
8.5037
8.5082
8.51237
8.51526
8.52233
8.52328
8.52669
8.52779
8.53003
8.53374
8.53861
8.54392
8.54558
8.54801
8.55158
8.5521
8.55645
8.55817
8.56142
8.56844
8.5724
8.57564
8.57838
8.58267
8.58601
8.59029
8.59075
8.59442
8.59767
8.60079
8.60396
8.60642
8.60752
8.60926
8.61105
8.61561
8.62259
8.62592
8.62641
8.63287
8.63408
8.63798
8.6428
8.64327
8.64794
8.64881
8.65181
8.65296
8.6545
8.66093
8.66513
8.66866
8.67096
8.67141
8.67326
8.67921
8.68158
8.68396
8.68697
8.68871
8.69101
8.69274
8.6979
8.7014
8.70546
8.70783
8.70931
8.71151
8.71791
8.72182
8.72504
8.72659
8.72776
8.73159
8.73398
8.73954
8.74264
8.74677
8.75173
8.75393
8.75465
8.75794
8.7604
8.76505
8.76884
8.7693
8.77158
8.77605
8.77692
8.78012
8.78174
8.78473
8.78763
8.79083
8.79409
8.79778
8.80333
8.80673
8.81103
8.81188
8.81622
8.81636
8.82127
8.82231
8.82707
8.82936
8.83284
8.83585
8.83883
8.84174
8.84529
8.84748
8.84979
8.85248
8.85438
8.86072
8.864
8.86707
8.8721
8.87601
8.87686
8.87923
8.88068
8.88212
8.88836
8.89371
8.8951
8.8965
8.89835
8.89933
8.90674
8.90936
8.91328
8.91847
8.9185
8.92014
8.92348
8.92664
8.92874
8.93102
8.93686
8.93854
8.9427
8.94785
8.94908
8.95325
8.95692
8.9573
8.9617
8.96387
8.96679
8.97024
8.97179
8.97318
8.97924
8.97946
8.98571
8.98902
8.98914
8.99521
8.99933
9.00159
9.00429
9.0076
9.01094
9.01468
9.01664
9.01976
9.0227
9.0247
9.02796
9.03179
9.03346
9.03626
9.04252
9.045
9.04821
9.05158
9.05331
9.05669
9.05986
9.06367
9.06533
9.06817
9.07109
9.07407
9.07703
9.07854
9.08311
9.08567
9.08742
9.09112
9.09445
9.09545
9.09902
9.10478
9.10639
9.10946
9.11147
9.11489
9.11815
9.12124
9.12378
9.12892
9.13359
9.13447
9.13976
9.14134
9.14417
9.14757
9.14801
9.14958
9.15133
9.1576
9.16245
9.1643
9.16692
9.17121
9.17373
9.17692
9.17883
9.18394
9.18586
9.19054
9.19171
9.19582
9.19871
9.20148
9.20264
9.20721
9.20969
9.21243
9.21496
9.22139
9.22383
9.22531
9.22629
9.23242
9.23335
9.23723
9.24177
9.24356
9.24674
9.24923
9.25115
9.25493
9.25602
9.25899
9.2614
9.26641
9.26859
9.27353
9.27458
9.27599
9.28243
9.28248
9.28558
9.28798
9.29188
9.29505
9.29651
9.29911
9.30219
9.30615
9.31009
9.31059
9.31179
9.31486
9.32031
9.32399
9.32596
9.3327
9.33474
9.34018
9.34159
9.34609
9.3494
9.35341
9.35624
9.358
9.36096
9.36443
9.368
9.37018
9.37209
9.37492
9.37751
9.37891
9.38173
9.38743
9.39047
9.39319
9.39718
9.40048
9.40169
9.40216
9.40781
9.40944
9.41215
9.41563
9.41759
9.4203
9.42273
9.42464
9.42673
9.42902
9.4309
9.43394
9.43999
9.44311
9.44406
9.4455
9.45067
9.45434
9.45772
9.4595
9.46373
9.46729
9.46886
9.47279
9.47502
9.47824
9.4789
9.4827
9.48397
9.48845
9.49021
9.49707
9.4978
9.50073
9.504
9.50512
9.50772
9.51421
9.51658
9.52345
9.52445
9.52718
9.52876
9.52986
9.53352
9.53454
9.53782
9.53941
9.5437
9.54933
9.55239
9.55461
9.55793
9.55975
9.56353
9.56635
9.57266
9.57478
9.57762
9.57904
9.58261
9.58464
9.58691
9.59136
9.59475
9.59894
9.59989
9.60051
9.60344
9.60865
9.61121
9.61348
9.61795
9.61955
9.62487
9.62712
9.62857
9.6308
9.63133
9.63463
9.63873
9.63988
9.64452
9.64778
9.65131
9.65295
9.65875
9.65903
9.66154
9.66328
9.66488
9.66767
9.67154
9.67597
9.67732
9.67834
9.68556
9.68766
9.68926
9.69436
9.69708
9.69934
9.70391
9.70663
9.70701
9.70928
9.71361
9.71574
9.72142
9.72541
9.72733
9.73003
9.7329
9.73728
9.74124
9.74395
9.74579
9.75074
9.75415
9.75808
9.7596
9.76366
9.76529
9.76985
9.77231
9.77333
9.77619
9.77984
9.78346
9.78697
9.79071
9.79472
9.79561
9.80002
9.80588
9.8076
9.81071
9.81531
9.8178
9.82143
9.82338
9.82599
9.8272
9.82937
9.83341
9.83833
9.84263
9.84612
9.84764
9.84959
9.85243
9.85742
9.86104
9.86422
9.86626
9.86718
9.87308
9.87708
9.8804
9.88358
9.88454
9.88531
9.88889
9.8938
9.89551
9.89635
9.90005
9.90087
9.90406
9.9073
9.91249
9.91383
9.91612
9.91706
9.92044
9.92497
9.92912
9.93178
9.93317
9.93579
9.93976
9.94007
9.9438
9.94413
9.95021
9.95218
9.95395
9.95709
9.96043
9.96407
9.96642
9.96809
9.97131
9.97326
9.97671
9.97867
9.98241
9.98406
9.98685
9.99186
9.99357
9.99518
9.99963
10.0006
10.0064
10.0143
10.0159
10.0186
10.0204
10.0238
10.0255
10.0289
10.0304
10.0369
10.038
10.0425
10.0453
10.0505
10.0522
10.0538
10.0592
10.061
10.0636
10.0651
10.0702
10.0738
10.0745
10.0764
10.0817
10.0847
10.0894
10.0914
10.0934
10.0983
10.1015
10.1025
10.1059
10.1071
10.1107
10.1155
10.1169
10.1185
10.1197
10.1248
10.1292
10.1304
10.1352
10.137
10.1419
10.1459
10.1481
10.1504
10.1534
10.1569
10.1617
10.1646
10.1676
10.1695
10.171
10.1731
10.1776
10.1834
10.1862
10.1887
10.1909
10.194
10.1946
10.1972
10.1993
10.2024
10.2105
10.2124
10.2169
10.2187
10.2216
10.2227
10.2261
10.2311
10.2359
10.2367
10.2381
10.243
10.2437
10.2479
10.2517
10.2536
10.2571
10.2607
10.2622
10.2642
10.2674
10.2705
10.2759
10.2787
10.2821
10.2842
10.2853
10.2907
10.2941
10.2946
10.299
10.3044
10.306
10.3078
10.3101
10.3129
10.3165
10.3189
10.3205
10.3223
10.3328
10.3359
10.3385
10.3399
10.3408
10.3422
10.3464
10.3499
10.352
10.3555
10.3618
10.3631
10.3654
10.3676
10.3715
10.373
10.3785
10.3807
10.383
10.3858
10.3875
10.3938
10.3969
10.4011
10.4054
10.4096
10.412
10.4141
10.4161
10.4171
10.4208
10.4217
10.4248
10.4284
10.4325
10.4338
10.4367
10.4388
10.4445
10.4468
10.4497
10.453
10.4543
10.4559
10.4599
10.4637
10.4664
10.4678
10.4747
10.4762
10.4809
10.4818
10.4859
10.4881
10.4903
10.4915
10.4944
10.4991
10.5016
10.5064
10.5094
10.5108
10.5134
10.5142
10.5178
10.5209
10.5242
10.5252
10.5318
10.5332
10.5363
10.5396
10.5421
10.5438
10.5485
10.5517
10.5548
10.5562
10.5569
10.5629
10.5671
10.5692
10.57
10.5761
10.5795
10.5832
10.5885
10.5897
10.5916
10.5945
10.599
10.6016
10.6056
10.6103
10.6106
10.616
10.6204
10.6233
10.6247
10.6275
10.6304
10.6354
10.6377
10.6444
10.6454
10.648
10.6493
10.6529
10.6554
10.661
10.663
10.6679
10.6687
10.6727
10.6769
10.6811
10.6817
10.6861
10.6919
10.6947
10.695
10.6957
10.6999
10.7039
10.7093
10.7099
10.7143
10.716
10.724
10.7262
10.7282
10.7304
10.7349
10.7378
10.7395
10.7424
10.7501
10.751
10.755
10.7579
10.7645
10.7691
10.7705
10.7714
10.7776
10.7809
10.785
10.7904
10.791
10.7935
10.7962
10.7996
10.8015
10.8049
10.8086
10.811
10.8181
10.8192
10.8238
10.8282
10.8342
10.8368
10.8369
10.8429
10.846
10.8486
10.8532
10.8542
10.8613
10.8656
10.8705
10.874
10.8777
10.8799
10.8839
10.885
10.8925
10.894
10.8993
10.902
10.9052
10.9085
10.911
10.9129
10.9161
10.9178
10.9237
10.9261
10.9286
10.9326
10.9345
10.9398
10.9432
10.9467
10.9505
10.9535
10.9561
10.9581
10.9592
10.968
10.9715
10.9744
10.9772
10.9801
10.9823
10.9875
10.9904
10.9937
10.9974
11.0003
11.0053
11.0095
11.0125
11.0138
11.0166
11.0209
11.0224
11.028
11.031
11.0345
11.043
11.0434
11.0464
11.0473
11.0503
11.053
11.0583
11.0612
11.0634
11.066
11.0683
11.0728
11.0751
11.0777
11.08
11.0819
11.0888
11.0919
11.094
11.0981
11.1011
11.1019
11.1075
11.1095
11.1117
11.1141
11.115
11.1199
11.1209
11.131
11.1324
11.1347
11.1376
11.1402
11.145
11.1488
11.1537
11.1571
11.1598
11.1615
11.1654
11.1689
11.171
11.1743
11.1773
11.1794
11.183
11.1868
11.1887
11.1949
11.1993
11.2022
11.205
11.2104
11.2138
11.217
11.2219
11.2254
11.2282
11.2294
11.2326
11.2368
11.2376
11.2405
11.2476
11.2507
11.2546
11.2556
11.2585
11.2614
11.2655
11.2692
11.2775
11.2788
11.2796
11.2859
11.2883
11.2911
11.2959
11.2985
11.3046
11.3052
11.3078
11.3147
11.3152
11.3175
11.3245
11.328
11.3316
11.3339
11.3399
11.3416
11.3462
11.3505
11.3524
11.3534
11.3568
11.3608
11.3637
11.3667
11.3681
11.3718
11.3761
11.3813
11.3839
11.3888
11.3911
11.396
11.4004
11.4016
11.4065
11.4105
11.4134
11.4156
11.4206
11.4222
11.4274
11.4298
11.4324
11.437
11.4412
11.4435
11.4449
11.4472
11.452
11.4541
11.4553
11.4641
11.4688
11.4701
11.4723
11.4761
11.4782
11.4823
11.4844
11.4882
11.4971
11.4995
11.5025
11.5053
11.5092
11.5123
11.5143
11.5176
11.5191
11.5211
11.526
11.5304
11.5342
11.5382
11.5444
11.5494
11.5513
11.5526
11.5533
11.5594
11.5607
11.5634
11.5701
11.5703
11.5784
11.5798
11.5831
11.5858
11.5889
11.5912
11.5968
11.6003
11.6031
11.6057
11.6108
11.6154
11.6179
11.6197
11.627
11.6284
11.6346
11.6364
11.6396
11.6433
11.6464
11.6475
11.6501
11.6533
11.6591
11.6616
11.6641
11.6697
11.6747
11.6773
11.6792
11.6842
11.6883
11.6922
11.6961
11.6977
11.7021
11.7033
11.7079
11.7095
11.7158
11.7185
11.7199
11.7237
11.7252
11.7278
11.7319
11.7353
11.738
11.7421
11.7428
11.7464
11.748
11.753
11.7558
11.7588
11.7618
11.764
11.7718
11.7766
11.7792
11.784
11.7858
11.7865
11.7912
11.7932
11.7977
11.8004
11.8047
11.8075
11.8099
11.8116
11.8148
11.8177
11.8181
11.82
11.8259
11.8296
11.8341
11.8361
11.8385
11.8416
11.8448
11.8509
11.8526
11.8553
11.8618
11.8639
11.8649
11.8691
11.8704
11.8761
11.8799
11.8864
11.8888
11.8899
11.8919
11.8934
11.8955
11.9005
11.9037
11.9055
11.9104
11.9124
11.9139
11.9175
11.9257
11.9261
11.9285
11.9316
11.9325
11.9355
11.9394
11.9426
11.9491
11.9502
11.954
11.9552
11.9607
11.9637
11.9644
11.9679
11.9728
11.9764
11.98
11.9819
11.986
11.9873
11.9888
11.9929
11.9974
11.9998
12.003
12.0046
12.0113
12.0134
12.0155
12.0175
12.0236
12.0281
12.0303
12.0316
12.0374
12.0404
12.0416
12.0424
12.0492
12.0523
12.0544
12.0593
12.0636
12.0673
12.0703
12.0713
12.0744
12.0774
12.0803
12.0864
12.0895
12.0908
12.0912
12.0955
12.1024
12.1052
12.1116
12.1152
12.1163
12.1192
12.1248
12.1261
12.1308
12.1341
12.1363
12.1392
12.1451
12.1476
12.1513
12.1548
12.1581
12.1623
12.1636
12.1666
12.1685
12.1759
12.1776
12.1823
12.1854
12.1885
12.1905
12.194
12.1994
12.2045
12.2065
12.2096
12.2137
12.215
12.2172
12.2206
12.2258
12.2289
12.2356
12.2364
12.2381
12.2411
12.2447
12.2516
12.2544
12.257
12.2629
12.2648
12.2683
12.2719
12.2741
12.2784
12.2829
12.2839
12.2882
12.2914
12.295
12.2983
12.2986
12.3007
12.3068
12.3123
12.3156
12.3184
12.3248
12.3285
12.3319
12.3327
12.3393
12.3397
12.3455
12.35
12.3508
12.3529
12.3544
12.3609
12.3636
12.3658
12.3691
12.3734
12.3763
12.3769
12.3816
12.3854
12.3872
12.3888
12.3929
12.3961
12.4073
12.4096
12.4117
12.415
12.4189
12.4229
12.4259
12.4292
12.4299
12.4331
12.4371
12.4401
12.444
12.4462
12.4486
12.4507
12.4564
12.4574
12.4609
12.4638
12.4684
12.4702
12.4713
12.4734
12.4783
12.4806
12.4886
12.4922
12.4956
12.4971
12.4989
12.5014
12.5062
12.5076
12.5079
12.5115
12.5164
12.5223
12.5239
12.5264
12.5307
12.5327
12.5369
12.5374
12.5418
12.5426
12.5497
12.5514
12.5542
12.5565
12.562
12.5637
12.5666
12.5682
12.5752
12.5806
12.5815
12.5853
12.5912
12.5923
12.5972
12.6012
12.6033
12.6053
12.6079
12.6107
12.6131
12.6156
12.6173
12.6239
12.6277
12.632
12.6356
12.6369
12.6399
12.6436
12.6467
12.6483
12.6492
12.6522
12.6556
12.6559
12.6647
12.6679
12.6712
12.6732
12.6787
12.6839
12.6845
12.6865
12.6885
12.6899
12.6957
12.6988
12.7015
12.7032
12.7061
12.7115
12.7147
12.7171
12.7206
12.7242
12.7273
12.7296
12.7321
12.734
12.7356
12.7418
12.7474
12.7507
12.7536
12.7568
12.7607
12.763
12.7674
12.7685
12.7714
12.7737
12.7759
12.7807
12.7825
12.7886
12.7913
12.7974
12.8021
12.8051
12.8088
12.8094
12.8124
12.8157
12.82
12.8239
12.8271
12.8305
12.8325
12.8367
12.8391
12.8442
12.8444
12.8486
12.8522
12.8549
12.8592
12.8595
12.8633
12.8656
12.8669
12.8711
12.8748
12.8772
12.8778
12.8843
12.8868
12.8886
12.8922
12.8966
12.8986
12.9044
12.9065
12.9093
12.9113
12.918
12.9209
12.9228
12.9262
12.9299
12.9325
12.936
12.9412
12.9455
12.947
12.9549
12.957
12.9595
12.9605
12.9645
12.967
12.9703
12.9745
12.9758
12.9816
12.9846
12.989
12.9941
12.9972
13.0006
13.004
13.0049
13.0068
13.0134
13.0145
13.0182
13.0233
13.0255
13.0314
13.035
13.041
13.0426
13.0467
13.0495
13.0521
13.0587
13.0594
13.0625
13.0639
13.0676
13.0727
13.0758
13.0798
13.085
13.0885
13.0902
13.0936
13.0973
13.098
13.1001
13.1043
13.1069
13.1111
13.1192
13.1201
13.1215
13.1237
13.1289
13.1323
13.1353
13.1377
13.1428
13.1436
13.1498
13.151
13.153
13.1564
13.1575
13.1629
13.1689
13.1697
13.1721
13.1758
13.1778
13.1808
13.1848
13.1863
13.1911
13.1937
13.1974
13.2001
13.2074
13.2083
13.2087
13.2149
13.2208
13.2238
13.2275
13.2312
13.2355
13.237
13.2393
13.2419
13.2438
13.2475
13.2506
13.2537
13.2558
13.2577
13.2643
13.2663
13.2687
13.2699
13.2757
13.2776
13.2802
13.281
13.2856
13.289
13.2913
13.2965
13.3002
13.3012
13.3053
13.3082
13.3121
13.3172
13.3192
13.3204
13.323
13.3285
13.3299
13.3324
13.3355
13.3368
13.3405
13.3425
13.344
13.3455
13.3468
13.353
13.3563
13.3584
13.3611
13.3641
13.3669
13.3706
13.3741
13.3784
13.382
13.3853
13.3893
13.3907
13.391
13.3994
13.4035
13.4064
13.407
13.4117
13.4142
13.4166
13.4205
13.4226
13.4244
13.4282
13.4345
13.4388
13.4436
13.4449
13.4481
13.4506
13.4529
13.4565
13.4589
13.4592
13.4655
13.4691
13.4727
13.4753
13.4762
13.4774
13.4828
13.4852
13.4884
13.4938
13.4975
13.5013
13.5038
13.5076
13.5098
13.5112
13.5176
13.5196
13.5241
13.5289
13.5304
13.5317
13.5371
13.541
13.5439
13.5479
13.5503
13.5545
13.5564
13.5623
13.5641
13.5664
13.571
13.5751
13.5775
13.5795
13.5851
13.5886
13.5925
13.5945
13.5967
13.6003
13.6054
13.6095
13.6125
13.6182
13.6206
13.6229
13.6255
13.6279
13.6297
13.6358
13.6396
13.6427
13.6443
13.6482
13.6498
13.6523
13.6607
13.6631
13.6639
13.6661
13.6683
13.6744
13.6786
13.6833
13.6848
13.6919
13.695
13.6985
13.7051
13.707
13.7073
13.7125
13.7164
13.7183
13.7223
13.7246
13.7273
13.7335
13.7392
13.7413
13.7461
13.7488
13.7527
13.7565
13.7639
13.7659
13.7715
13.7781
13.7797
13.7805
13.7871
13.7887
13.7957
13.7967
13.799
13.8009
13.8073
13.8104
13.8144
13.8175
13.8192
13.822
13.827
13.8291
13.8327
13.841
13.8432
13.8474
13.85
13.8539
13.8594
13.8643
13.8672
13.8715
13.8784
13.8808
13.8823
13.8854
13.8953
13.8995
13.9016
13.9046
13.9079
13.9104
13.9124
13.9154
13.9208
13.9257
13.9291
13.9305
13.9351
13.9377
13.9401
13.9449
13.9489
13.9521
13.9579
13.9602
13.9688
13.9696
13.9751
13.9791
13.9858
13.9891
13.9916
13.9933
13.9974
14.0014
14.0041
14.0088
14.0132
14.0162
14.0165
14.0239
14.0282
14.0299
14.0343
14.0374
14.0425
14.0468
14.0521
14.0531
14.0588
14.0601
14.0651
14.0727
14.0748
14.0763
14.0767
14.083
14.0879
14.0926
14.098
14.1046
14.1049
14.1093
14.1158
14.1199
14.1245
14.1257
14.1304
14.1381
14.1432
14.1457
14.149
14.1521
14.1561
14.1605
14.1615
14.1657
14.1721
14.1763
14.1787
14.1858
14.1905
14.1936
14.1986
14.2024
14.2066
14.2178
14.2188
14.224
14.2325
14.2376
14.2397
14.244
14.25
14.2515
14.2563
14.2596
14.2636
14.2659
14.269
14.2737
14.2768
14.2849
14.2938
14.2974
14.2985
14.3058
14.3103
14.3128
14.3143
14.3228
14.3279
14.3291
14.3321
14.3332
14.3389
14.3424
14.3468
14.3499
14.3546
14.3577
14.3601
14.3658
14.3745
14.3753
14.3774
14.3824
14.3886
14.3945
14.3961
14.4032
14.4037
14.4098
14.4173
14.4193
14.4222
14.4243
14.4282
14.4343
14.436
14.4397
14.442
14.4494
14.4545
14.4566
14.4626
14.4659
14.4692
14.4706
14.4761
14.481
14.4868
14.4891
14.4923
14.4979
14.4996
14.5041
14.5074
14.5124
14.5205
14.5245
14.5282
14.5321
14.5337
14.5368
14.5386
14.541
14.5463
14.5517
14.5565
14.5619
14.5656
14.5697
14.5725
14.5763
14.5878
14.5911
14.5917
14.5966
14.6017
14.6048
14.6071
14.6097
14.6158
14.62
14.6269
14.6306
14.6351
14.6439
14.6456
14.6504
14.6532
14.6552
14.6641
14.6677
14.6735
14.6752
14.6812
14.6826
14.6828
14.6931
14.6973
14.7022
14.7052
14.708
14.7137
14.7155
14.7202
14.7233
14.725
14.7346
14.7406
14.7435
14.7501
14.7538
14.7578
14.7626
14.7672
14.7681
14.775
14.7769
14.7825
14.7842
14.7869
14.791
14.7923
14.8011
14.8052
14.8105
14.8135
14.8167
14.8177
14.8234
14.8337
14.8383
14.8402
14.8419
14.8487
14.8497
14.852
14.8545
14.8613
14.8659
14.8764
14.8809
14.8818
14.8858
14.8895
14.8943
14.8973
14.9005
14.9052
14.9107
14.9121
14.9195
14.9243
14.9283
14.9376
14.9417
14.9457
14.9494
14.9512
14.9555
14.9575
14.9646
14.9658
14.9678
14.9738
14.9744
14.9802
14.9862
14.9876
14.9911
14.9933
15.0016
15.0063
15.0082
15.014
15.0172
15.0189
15.0214
15.0261
15.0319
15.0379
15.0421
15.0463
15.055
15.0565
15.0607
15.0659
15.0709
15.0774
15.0787
15.0811
15.087
15.0912
15.0961
15.1036
15.105
15.1082
15.1113
15.1168
15.1227
15.1306
15.1356
15.1368
15.1443
15.1471
15.1537
15.156
15.1574
15.1601
15.1658
15.1721
15.1781
15.1792
15.1828
15.185
15.1925
15.196
15.1994
15.2018
15.2125
15.2138
15.2191
15.2237
15.227
15.2292
15.2356
15.2384
15.2464
15.2496
15.2523
15.2555
15.2562
15.2616
15.2701
15.2704
15.2736
15.2789
15.2815
15.288
15.2886
15.2946
15.2962
15.3061
15.3073
15.3127
15.3145
15.3204
15.3211
15.3275
15.3301
15.3347
15.3386
15.3447
15.3488
15.3526
15.357
15.3611
15.3707
15.3736
15.3758
15.3783
15.383
15.385
15.3928
15.3974
15.4
15.4033
15.4056
15.4095
15.4106
15.4164
15.4185
15.4204
15.4278
15.4356
15.442
15.446
15.4497
15.4512
15.4595
15.4605
15.468
15.469
15.4701
15.4754
15.4784
15.4823
15.4869
15.4912
15.4956
15.4995
15.501
15.5041
15.5057
15.5092
15.5137
15.5233
15.5258
15.5291
15.5363
15.5367
15.5448
15.5487
15.5525
15.5575
15.5634
15.5647
15.5663
15.5749
15.5764
15.5797
15.5823
15.5863
15.591
15.594
15.5986
15.6061
15.6093
15.6165
15.6224
15.6238
15.6285
15.6344
15.6375
15.6393
15.6435
15.647
15.6487
15.654
15.6594
15.6616
15.6663
15.6714
15.676
15.6808
15.6841
15.6872
15.6927
15.6958
15.7011
15.7058
15.7119
15.7164
15.7216
15.7277
15.7301
15.7323
15.7346
15.7394
15.7415
15.7462
15.7517
15.758
15.7599
15.7644
15.7707
15.7727
15.7813
15.7868
15.7897
15.7927
15.7961
15.797
15.8009
15.8042
15.811
15.8162
15.8213
15.8251
15.8286
15.8349
15.836
15.8427
15.8496
15.8526
15.8571
15.863
15.8666
15.8694
15.8707
15.8757
15.8797
15.8833
15.8892
15.8924
15.895
15.9006
15.9045
15.907
15.91
15.9153
15.9158
15.9256
15.9265
15.9366
15.9391
15.9447
15.9471
15.9515
15.9538
15.9581
15.9617
15.9659
15.9672
15.9691
15.9752
15.9761
15.9861
15.9899
15.9934
15.9967
16.0023
16.0064
16.0129
16.018
16.0225
16.024
16.0268
16.0317
16.037
16.0395
16.044
16.0456
16.0497
16.0531
16.0582
16.0613
16.0654
16.0675
16.0714
16.0752
16.0771
16.0823
16.0878
16.0888
16.0939
16.0969
16.1007
16.1037
16.1084
16.1131
16.1165
16.1191
16.1227
16.1289
16.1338
16.136
16.138
16.1441
16.1502
16.1528
16.1597
16.1649
16.1692
16.1729
16.1742
16.1782
16.1838
16.1872
16.1943
16.1952
16.198
16.2028
16.2045
16.2122
16.2183
16.2198
16.2238
16.2285
16.2315
16.2343
16.2412
16.2422
16.248
16.2538
16.2549
16.2606
16.2639
16.2722
16.2735
16.2769
16.278
16.2849
16.2912
16.2922
16.2979
16.2999
16.3037
16.3122
16.3154
16.3202
16.3221
16.3256
16.3313
16.3362
16.3389
16.3443
16.3467
16.3489
16.3594
16.3616
16.3671
16.3774
16.381
16.3879
16.3894
16.3954
16.402
16.4048
16.4086
16.4124
16.4154
16.4213
16.4264
16.4328
16.4372
16.4418
16.445
16.4488
16.4513
16.4581
16.4618
16.4675
16.4718
16.4771
16.4802
16.4832
16.4853
16.4888
16.494
16.4995
16.5025
16.5052
16.5127
16.5179
16.5207
16.5265
16.5296
16.5383
16.54
16.5433
16.5493
16.5529
16.5552
16.5617
16.5651
16.5717
16.5805
16.5826
16.5839
16.5843
16.5917
16.5954
16.5969
16.6024
16.6104
16.6113
16.613
16.6212
16.6245
16.6291
16.6334
16.6358
16.6448
16.65
16.6552
16.6576
16.6618
16.663
16.6653
16.674
16.6787
16.6853
16.687
16.6982
16.7004
16.7031
16.7083
16.7092
16.7111
16.7172
16.7209
16.7294
16.7349
16.7371
16.7453
16.7476
16.7521
16.7547
16.7611
16.763
16.7724
16.774
16.7776
16.7803
16.7849
16.7857
16.7962
16.7979
16.8017
16.8107
16.8205
16.8214
16.8274
16.8293
16.8319
16.8407
16.8447
16.8467
16.8534
16.8546
16.8567
16.8651
16.8708
16.8783
16.8819
16.8872
16.8949
16.8987
16.9022
16.9068
16.9091
16.9154
16.9237
16.9243
16.9301
16.9324
16.9374
16.9426
16.9498
16.9529
16.9593
16.9646
16.9724
16.9733
16.9804
16.9848
16.9879
16.9969
16.9992
17.0037
17.0127
17.016
17.0192
17.0225
17.0306
17.0348
17.0373
17.0393
17.0408
17.0433
17.0484
17.0561
17.0617
17.0676
17.0708
17.0787
17.0846
17.0868
17.0938
17.0977
17.0983
17.1002
17.1063
17.1105
17.1128
17.1152
17.1179
17.1208
17.134
17.1392
17.1407
17.1453
17.1499
17.1545
17.1578
17.1585
17.163
17.1684
17.1756
17.1831
17.1854
17.192
17.1977
17.2007
17.2049
17.2054
17.2096
17.2157
17.2202
17.2253
17.2298
17.2374
17.2402
17.2451
17.2458
17.256
17.2634
17.271
17.2733
17.283
17.2884
17.2923
17.2936
17.3008
17.3039
17.3096
17.3127
17.3187
17.3234
17.331
17.3328
17.3387
17.3408
17.348
17.3502
17.3571
17.3587
17.3623
17.3714
17.3738
17.3779
17.3833
17.3883
17.3953
17.4
17.4061
17.4083
17.4145
17.4172
17.4227
17.4287
17.4337
17.4371
17.4434
17.4522
17.4545
17.4607
17.4621
17.4668
17.4731
17.4773
17.4818
17.4838
17.4886
17.5015
17.5087
17.5121
17.5187
17.522
17.528
17.5321
17.5344
17.5393
17.545
17.5504
17.5583
17.559
17.568
17.57
17.5744
17.5769
17.5828
17.5893
17.5936
17.5994
17.6033
17.6109
17.6175
17.6216
17.6242
17.6292
17.6331
17.6394
17.6438
17.6492
17.6598
17.6695
17.6705
17.6755
17.6791
17.6851
17.6858
17.6885
17.698
17.7026
17.705
17.7115
17.7158
17.7193
17.7241
17.7246
17.7317
17.7394
17.7461
17.7514
17.7521
17.7542
17.7554
17.7602
17.7699
17.773
17.7793
17.782
17.7873
17.7919
17.795
17.8014
17.8056
17.8091
17.8126
17.8187
17.8242
17.8325
17.8372
17.8407
17.849
17.8552
17.8558
17.8583
17.8647
17.8698
17.8737
17.8832
17.8874
17.8901
17.8969
17.9004
17.9075
17.9132
17.9165
17.9232
17.9323
17.9349
17.9411
17.9476
17.9516
17.9528
17.9557
17.9623
17.968
17.9711
17.9739
17.9917
17.9948
17.9979
17.9994
18.0062
18.011
18.0187
18.0198
18.03
18.0402
18.0482
18.0511
18.0524
18.0647
18.0705
18.0715
18.0728
18.081
18.0843
18.0908
18.0984
18.1047
18.1061
18.1142
18.1192
18.1262
18.1307
18.1383
18.1499
18.1513
18.1574
18.1665
18.1754
18.1786
18.1844
18.186
18.1955
18.2
18.2034
18.2083
18.219
18.2224
18.2312
18.2334
18.2406
18.2419
18.2483
18.2618
18.2675
18.2699
18.2744
18.2794
18.2873
18.2961
18.3015
18.3069
18.3156
18.3191
18.3215
18.3336
18.3375
18.3388
18.3511
18.3525
18.3555
18.3581
18.363
18.3674
18.3684
18.3747
18.3863
18.3941
18.4
18.4085
18.4116
18.4193
18.4279
18.4322
18.4375
18.4434
18.4492
18.4532
18.4594
18.465
18.4751
18.4796
18.4936
18.494
18.5043
18.5122
18.5184
18.5263
18.5356
18.5392
18.5446
18.554
18.5637
18.5694
18.5729
18.5753
18.5863
18.5916
18.6004
18.6102
18.6161
18.6182
18.6292
18.63
18.6383
18.645
18.6526
18.6604
18.6622
18.6667
18.6796
18.6853
18.6924
18.693
18.7003
18.7022
18.7143
18.7206
18.7267
18.7317
18.7362
18.7444
18.75
18.7589
18.7647
18.7671
18.7769
18.7857
18.7879
18.7984
18.8039
18.8069
18.8107
18.8173
18.8205
18.8265
18.8351
18.8374
18.8452
18.8518
18.8531
18.8619
18.8675
18.8691
18.8803
18.8841
18.8893
18.8975
18.9039
18.9107
18.9148
18.9207
18.9291
18.9378
18.9425
18.9502
18.9505
18.9538
18.9569
18.9624
18.9732
18.9767
18.9789
18.9862
18.9943
19.0004
19.0018
19.01
19.0142
19.0232
19.0275
19.0354
19.0461
19.0481
19.0544
19.0614
19.0662
19.0741
19.0747
19.0771
19.084
19.0871
19.0932
19.0952
19.105
19.1114
19.1148
19.1205
19.1255
19.1286
19.1353
19.1394
19.1472
19.1578
19.1685
19.1709
19.1831
19.1894
19.1965
19.2016
19.2085
19.216
19.2202
19.2266
19.2308
19.2419
19.2458
19.2494
19.2634
19.2724
19.2789
19.2956
19.2982
19.3014
19.3042
19.3136
19.3261
19.3292
19.3346
19.3393
19.347
19.3526
19.3578
19.3633
19.3742
19.383
19.3959
19.4067
19.4163
19.4195
19.4223
19.4273
19.4355
19.444
19.4448
19.4488
19.4518
19.4621
19.4639
19.467
19.4698
19.4895
19.4922
19.496
19.502
19.5074
19.5189
19.5264
19.5277
19.5317
19.5392
19.5412
19.5506
19.5525
19.557
19.5651
19.5664
19.5723
19.578
19.5834
19.5933
19.597
19.6024
19.61
19.6145
19.6243
19.634
19.6382
19.6477
19.654
19.6601
19.6685
19.6732
19.6856
19.6897
19.6934
19.7027
19.7085
19.7145
19.7171
19.7298
19.7334
19.7401
19.7465
19.752
19.7617
19.7686
19.7737
19.7816
19.784
19.7883
19.798
19.8072
19.8154
19.8197
19.8276
19.839
19.8456
19.8502
19.8562
19.8594
19.8761
19.8902
19.893
19.8983
19.904
19.9133
19.9227
19.9305
19.9383
19.9464
19.9506
19.9518
19.9549
19.9672
19.9702
19.9809
19.9821
19.9861
19.9979
20.0014
20.0084
20.0128
20.0208
20.0302
20.0347
20.0415
20.0479
20.0509
20.0605
20.0636
20.0686
20.0807
20.0859
20.0901
20.0975
20.1028
20.1076
20.1237
20.1249
20.1364
20.1409
20.1521
20.1557
20.1636
20.1728
20.1749
20.1833
20.1987
20.2054
20.215
20.22
20.2249
20.2323
20.2366
20.2441
20.2516
20.2553
20.2622
20.2747
20.2824
20.2905
20.3031
20.3138
20.3186
20.327
20.3289
20.3361
20.343
20.3587
20.363
20.3667
20.3851
20.3861
20.3899
20.3961
20.4049
20.4101
20.4181
20.4325
20.4337
20.4391
20.4534
20.4595
20.4701
20.4715
20.4839
20.4925
20.4944
20.5072
20.5131
20.5172
20.5273
20.5405
20.5491
20.553
20.5674
20.5825
20.5838
20.5895
20.6021
20.6066
20.6104
20.6211
20.6342
20.6364
20.6392
20.6474
20.6663
20.6685
20.6784
20.6842
20.6905
20.7019
20.7114
20.7179
20.7268
20.7348
20.7386
20.7499
20.7655
20.7778
20.7831
20.7887
20.7997
20.8076
20.8178
20.8318
20.8422
20.8514
20.859
20.8706
20.879
20.8844
20.8906
20.894
20.9026
20.9113
20.9172
20.9209
20.9346
20.9532
20.9557
20.9582
20.9637
20.974
20.9855
20.992
20.9935
21.006
21.0142
21.0197
21.0294
21.0365
21.0466
21.0511
21.0576
21.0629
21.0708
21.0805
21.0866
21.0934
21.0985
21.1118
21.1169
21.1271
21.1285
21.1345
21.1482
21.1635
21.1676
21.1717
21.174
21.1818
21.1842
21.1905
21.1961
21.209
21.2101
21.2308
21.2341
21.2358
21.2382
21.2567
21.2624
21.2718
21.2766
21.2873
21.2881
21.2952
21.3034
21.3082
21.3178
21.3294
21.3343
21.3362
21.342
21.3452
21.354
21.3596
21.3702
21.3767
21.3938
21.396
21.3988
21.4082
21.4126
21.4194
21.4296
21.4322
21.4432
21.4517
21.467
21.4756
21.4839
21.4913
21.4987
21.5052
21.5194
21.5238
21.5379
21.5408
21.5435
21.5492
21.5632
21.57
21.5813
21.593
21.5994
21.6009
21.6111
21.6184
21.6246
21.63
21.6353
21.6385
21.6438
21.6518
21.6539
21.6569
21.6721
21.673
21.6802
21.6851
21.6992
21.7081
21.716
21.7265
21.7318
21.7372
21.7521
21.7691
21.7717
21.785
21.7899
21.8009
21.8022
21.8119
21.8195
21.8267
21.8297
21.8465
21.8633
21.8655
21.8774
21.8881
21.8975
21.9103
21.9214
21.9238
21.9363
21.9486
21.9494
21.9667
21.9712
21.9885
21.9925
22.003
22.0084
22.0206
22.0301
22.0413
22.0496
22.0671
22.0764
22.0852
22.0943
22.0966
22.0994
22.1171
22.1321
22.1381
22.147
22.1604
22.1748
22.1763
22.1875
22.2003
22.2025
22.2128
22.2214
22.2253
22.2317
22.2408
22.2446
22.2512
22.2619
22.2792
22.2964
22.3142
22.319
22.3269
22.3453
22.354
22.3679
22.381
22.3932
22.4016
22.4059
22.4119
22.4328
22.4509
22.4547
22.4664
22.4694
22.4778
22.4808
22.498
22.508
22.518
22.5279
22.5358
22.5413
22.5501
22.5779
22.5867
22.602
22.604
22.6151
22.6293
22.6425
22.6475
22.6499
22.6724
22.6898
22.6929
22.7094
22.7141
22.7175
22.7294
22.7335
22.7411
22.7601
22.7646
22.7836
22.7912
22.8
22.8055
22.8188
22.8233
22.8272
22.8414
22.8479
22.8615
22.874
22.8881
22.8931
22.8991
22.9017
22.9052
22.9381
22.943
22.9605
22.9757
22.9796
22.9889
22.9975
23.0218
23.0262
23.0491
23.0535
23.0612
23.0627
23.0793
23.0904
23.1
23.1087
23.1196
23.137
23.1473
23.1616
23.1751
23.1825
23.1917
23.2105
23.2212
23.2325
23.2414
23.2469
23.2633
23.2717
23.2849
23.293
23.2956
23.3033
23.3127
23.3234
23.3286
23.3341
23.3396
23.3464
23.3717
23.3829
23.3858
23.4033
23.4133
23.4177
23.4393
23.443
23.4474
23.4615
23.4731
23.4916
23.4978
23.5133
23.5178
23.5399
23.5473
23.554
23.5603
23.575
23.5831
23.5842
23.6002
23.6093
23.6194
23.6324
23.6338
23.6407
23.6472
23.6658
23.6784
23.7108
23.7169
23.7218
23.7295
23.7444
23.753
23.7607
23.7715
23.7873
23.8077
23.8195
23.8233
23.8434
23.8481
23.8631
23.8756
23.8896
23.9144
23.9198
23.9266
23.9369
23.9398
23.9488
23.9745
23.9793
24.009
24.0213
24.0293
24.0414
24.0478
24.0624
24.0668
24.0877
24.1079
24.1136
24.1221
24.1294
24.1406
24.1587
24.1867
24.191
24.2124
24.2378
24.2563
24.2635
24.2987
24.3082
24.3217
24.3373
24.3446
24.3694
24.3889
24.4023
24.4126
24.4326
24.4388
24.4563
24.4655
24.485
24.5017
24.5065
24.5146
24.5304
24.534
24.5444
24.5815
24.6115
24.6163
24.6261
24.6408
24.6576
24.6672
24.6835
24.7206
24.7449
24.7477
24.7604
24.7726
24.7847
24.7988
24.8217
24.8361
24.8552
24.8714
24.882
24.9222
24.9329
24.9572
24.972
24.9848
25.0118
25.0214
25.0234
25.0462
25.0588
25.0691
25.0765
25.0871
25.1051
25.1075
25.1193
25.1281
25.1452
25.1643
25.1726
25.2062
25.2204
25.2496
25.2591
25.2665
25.277
25.2842
25.3008
25.3095
25.3188
25.3351
25.3541
25.3675
25.3913
25.3918
25.4114
25.4212
25.4312
25.436
25.4656
25.4742
25.4834
25.5021
25.5153
25.5299
25.5561
25.5625
25.5698
25.5807
25.598
25.617
25.6183
25.6387
25.6466
25.6523
25.6656
25.6707
25.6772
25.6824
25.6913
25.7001
25.7065
25.7258
25.7512
25.7567
25.7696
25.7802
25.7944
25.8181
25.821
25.8292
25.845
25.8498
25.8694
25.908
25.926
25.9359
25.9375
25.9711
25.978
25.9862
25.9908
26.011
26.0189
26.029
26.0418
26.0546
26.0602
26.0666
26.0857
26.0995
26.1266
26.1535
26.1856
26.2005
26.203
26.231
26.2428
26.2595
26.2714
26.3123
26.3247
26.3294
26.3351
26.3824
26.3859
26.4031
26.406
26.4107
26.4147
26.4321
26.4517
26.4595
26.4659
26.4741
26.5339
26.5393
26.545
26.5564
26.564
26.5743
26.6163
26.6194
26.6327
26.6482
26.6563
26.6588
26.6841
26.7268
26.7494
26.7647
26.7811
26.7861
26.8016
26.8167
26.8246
26.8406
26.8804
26.8938
26.9053
26.9247
26.9385
26.9603
26.9782
26.9823
26.9966
27.0283
27.0392
27.0495
27.0652
27.0883
27.0937
27.1086
27.111
27.1437
27.1607
27.178
27.2103
27.2298
27.2369
27.2436
27.2475
27.2671
27.27
27.2804
27.2874
27.3031
27.3282
27.3562
27.4073
27.4328
27.4496
27.4616
27.4753
27.4794
27.492
27.5069
27.5267
27.5559
27.5602
27.5755
27.5868
27.6111
27.6297
27.6427
27.6471
27.6783
27.723
27.7311
27.7379
27.7967
27.8192
27.8438
27.8672
27.8904
27.9003
27.9627
27.9855
27.9934
28.082
28.1227
28.1351
28.1791
28.1892
28.2043
28.2197
28.2514
28.2788
28.2793
28.3038
28.314
28.3459
28.3601
28.3719
28.3957
28.4583
28.4668
28.4738
28.4902
28.5297
28.5466
28.5923
28.6169
28.6608
28.6922
28.7087
28.7344
28.7532
28.774
28.7951
28.8008
28.8292
28.8347
28.8466
28.8656
28.8742
28.8924
28.8982
28.9191
28.9304
28.9761
29.0023
29.0119
29.0451
29.0673
29.0843
29.1039
29.1185
29.1255
29.1277
29.1546
29.1635
29.2002
29.2082
29.2695
29.2921
29.3219
29.3278
29.3452
29.3634
29.3855
29.4008
29.4342
29.4426
29.4719
29.4966
29.5326
29.5434
29.5658
29.591
29.6166
29.6578
29.6756
29.6778
29.7512
29.7807
29.8084
29.8456
29.8529
29.8691
29.8848
29.8966
29.9351
29.9398
29.9782
30.0026
30.0128
30.0259
30.0511
30.0989
30.1348
30.1463
30.1569
30.1777
30.1999
30.2071
30.2732
30.2967
30.3026
30.3427
30.3912
30.4201
30.4239
30.4417
30.4648
30.4698
30.5218
30.5394
30.5523
30.5733
30.6232
30.6498
30.6573
30.679
30.6836
30.7639
30.7917
30.8339
30.8627
30.8707
30.887
30.9474
30.9626
31.0527
31.0579
31.1081
31.1501
31.1576
31.212
31.2154
31.2533
31.2825
31.2863
31.3403
31.3931
31.4231
31.4447
31.4794
31.4908
31.5194
31.5394
31.5996
31.606
31.6821
31.7014
31.7206
31.7597
31.7979
31.8025
31.8731
31.8817
31.8988
31.9236
31.9651
31.9708
31.9825
32.0056
32.0215
32.0654
32.0711
32.1516
32.1698
32.1838
32.2148
32.228
32.2434
32.3029
32.3083
32.3591
32.4008
32.4547
32.5045
32.5749
32.6016
32.6402
32.6624
32.7012
32.7505
32.7727
32.7919
32.824
32.8554
32.8758
32.8964
32.9785
32.9899
32.9961
33.0033
33.0587
33.1083
33.1662
33.1767
33.1901
33.2639
33.3049
33.3236
33.3386
33.3743
33.3815
33.4276
33.4596
33.5285
33.5323
33.5776
33.6362
33.7228
33.745
33.8095
33.8838
33.9112
33.9576
34.0714
34.164
34.1989
34.2478
34.3059
34.3115
34.3363
34.4046
34.5054
34.5397
34.6185
34.6437
34.7314
34.7403
34.785
34.7985
34.8483
35.1418
35.1426
35.2507
35.3505
35.3821
35.4849
35.4917
35.5387
35.5918
35.6564
35.6706
35.8311
35.932
35.9731
36.0271
36.1124
36.1492
36.2316
36.2485
36.2999
36.3008
36.3111
36.3367
36.3945
36.4805
36.5131
36.6623
36.8281
36.8477
36.9218
36.9636
37.214
37.2524
37.2874
37.3398
37.3979
37.4032
37.581
37.5878
37.8003
37.8146
38.0265
38.0942
38.1353
38.579
38.6715
39.1363
39.1967
39.303
39.3566
39.6448
39.9712
40.0279
40.0863
40.8383
40.9401
41.035
41.1202
41.162
41.2473
41.3093
42.2151
42.2702
42.2968
42.3533
43.9808
44.0286
46.0692
46.1572
47.5053
47.5599
52.9608
