-70.1006 8
-66.3402 128
-65.2429 128
-63.1584 128
-59.7128 1152
-57.5913 128
-56.9038 384
-56.2163 288
-55.8384 2048
-55.4256 1024
-55.0265 2048
-54.6274 2048
-54.5017 128
-52.5754 1024
-52.4838 2048
-51.8879 256
-51.7128 2048
-51.0307 384
-50.6491 2048
-50.3402 768
-50.026 2048
-49.9616 1024
-49.7919 384
-49.2742 128
-49.2429 1792
-49.1044 1536
-48.4169 64
-48.2299 6144
-48 5504
-47.8656 256
-47.5596 2048
-47.1781 384
-47.0265 6144
-46.4338 4608
-46.3208 1536
-45.8564 18432
-45.6333 6144
-45.5556 1024
-45.3238 6144
-45.082 288
-44.9458 256
-44.7846 6144
-44.776 1536
-44.3945 2304
-44.0885 2304
-43.7128 38912
-43.707 4704
-43.5276 4096
-43.3137 32768
-43.0195 384
-42.8497 6144
-42.332 8
-42.1622 4096
-41.9924 2048
-41.6109 64
-41.5692 32768
-41.3049 6144
-41.1701 32768
-40.9234 1536
-40.7846 16384
-40.6215 32768
-40.6175 4608
-40.4477 256
-40.2359 384
-40.0661 6144
-39.8384 28672
-39.7602 384
-39.7128 4096
-39.3786 13312
-39.0265 12288
-38.9282 9216
-38.9029 288
-38.8254 16384
-38.6912 6144
-38.6274 34688
-38.5214 6144
-38.1398 4608
-37.8564 41984
-37.8339 10752
-37.7153 4096
-37.4523 6144
-37.2825 1024
-37.1464 2304
-37.0292 2048
-36.9766 6144
-36.7846 17408
-36.7649 2048
-36.5951 10752
-36.4838 12288
-36.2891 1536
-35.9192 36864
-35.9076 14848
-35.7378 384
-35.7128 30720
-35.4318 1024
-35.3563 256
-35.3137 98304
-35.2201 1536
-35.0503 36224
-34.8091 4608
-34.6688 1408
-34.641 16384
-34.3628 16768
-34.3402 128
-34.2419 16384
-34.193 2304
-34.1231 4096
-34.026 28672
-33.9813 1536
-33.8564 24576
-33.8115 4096
-33.6753 2048
-33.5055 13312
-33.2429 128
-33.1701 98304
-33.124 37888
-33.013 36864
-32.818 1408
-32.7846 98304
-32.6482 64
-32.5727 128
-32.4365 13312
-32.3991 2048
-32.2667 13312
-32.2299 86016
-32 261632
-31.9607 4704
-31.8852 2304
-31.749 1024
-31.7128 4096
-31.6992 1024
-31.5792 45312
-31.2169 75264
-31.1977 10624
-31.0265 6144
-30.9282 53248
-30.8917 10752
-30.7219 10752
-30.5102 2304
-30.4338 64512
-30.3404 16768
-30.2042 384
-30.1068 16384
-30.0344 37888
-29.8564 648704
-29.8227 128
-29.6529 28928
-29.5556 6144
-29.4831 4704
-29.4208 6144
-29.347 1536
-29.3238 86016
-29.1772 4096
-28.9654 6144
-28.7956 45312
-28.7846 43008
-28.4897 6144
-28.4141 1536
-28.3107 49152
-28.1082 85056
-27.9384 1536
-27.7266 1408
-27.7128 552704
-27.6247 128
-27.5568 6144
-27.5276 57344
-27.4207 6144
-27.3137 555008
-27.2509 45312
-27.0391 256
-26.9282 98304
-26.8693 34048
-26.7332 128
-26.5634 34048
-26.5146 36864
-26.3936 4608
-26.2419 49152
-26.1819 37888
-26.0121 14848
-25.8759 384
-25.8564 212992
-25.7061 14848
-25.6305 2048
-25.4944 1536
-25.4046 75264
-25.3246 89088
-25.1701 196608
-25.0718 9216
-25.0186 10624
-24.943 6144
-24.8488 256
-24.7846 114688
-24.7732 384
-24.771 2048
-24.6371 45312
-24.6215 458752
-24.4673 37888
-24.3991 6144
-24.2556 4608
-24.1613 384
-24.0858 10752
-24 361984
-23.9496 1536
-23.8384 2048
-23.7798 89088
-23.7128 4096
-23.6085 99328
-23.3983 40256
-23.304 128
-23.2285 384
-23.0923 37888
-23.0265 2048
-22.9282 415744
-22.9225 16768
-22.8254 229376
-22.7108 10752
-22.6274 138496
-22.541 85056
-22.4984 4096
-22.235 28928
-22.1595 384
-22.0233 384
-21.8564 556032
-21.8535 120576
-21.8123 32768
-21.7153 57344
-21.6837 6144
-21.5475 6144
-21.472 1536
-21.3777 6144
-21.3022 1536
-21.166 36224
-21.0854 128
-21.0292 28672
-20.9962 89088
-20.7846 382976
-20.7845 64
-20.7023 99328
-20.6903 1536
-20.6863 32768
-20.6147 37888
-20.4838 2048
-20.3855 16384
-20.3087 111616
-20.1389 1408
-20.0634 8
-20 69632
-19.9272 34048
-19.9192 516096
-19.833 384
-19.7574 13312
-19.7128 30720
-19.6212 13312
-19.5922 2048
-19.4514 85056
-19.3759 384
-19.3137 1173504
-19.2397 6144
-19.0699 111616
-18.9282 622592
-18.9062 49152
-18.8091 64512
-18.764 40256
-18.6884 4704
-18.5942 2304
-18.5427 32768
-18.3824 89088
-18.2419 98304
-18.2126 28928
-18.1436 18432
-18.1231 57344
-18.0765 4704
-18.026 2048
-18.0009 2304
-17.9067 13312
-17.8564 237568
-17.8311 6144
-17.7961 36864
-17.6949 6144
-17.5251 240640
-17.3134 288
-17.2192 1408
-17.1701 98304
-17.1436 28928
-17.1101 6144
-17.0718 53248
-17.013 516096
-16.9738 2048
-16.8377 89088
-16.7846 114688
-16.6679 34048
-16.4561 16768
-16.3991 12288
-16.3619 2048
-16.2863 45312
-16.2299 6144
-16.1502 6144
-16 4001920
-15.9804 120576
-15.7128 4096
-15.6992 6144
-15.5988 201088
-15.4291 1536
-15.2929 28928
-15.2173 384
-15.2169 1053696
-15.1231 10752
-15.0475 1024
-14.9282 503808
-14.9114 45312
-14.8899 6144
-14.7416 120576
-14.6054 1024
-14.5298 256
-14.4356 37888
-14.4338 4608
-14.36 13312
-14.2239 2048
-14.2039 36864
-14.1068 229376
-14.0541 230656
-13.8843 10624
-13.8564 4903936
-13.7481 1536
-13.6725 37888
-13.5783 1536
-13.5556 1024
-13.5028 6144
-13.4573 32768
-13.4208 86016
-13.3666 45312
-13.3238 6144
-13.1968 111616
-13.1212 128
-13.0938 49152
-13.0718 98304
-12.9851 4096
-12.8908 2304
-12.8153 89088
-12.7846 43008
-12.6863 98304
-12.6791 256
-12.5093 201088
-12.4337 1024
-12.4078 2048
-12.3855 49152
-12.3395 1536
-12.3107 688128
-12.1278 111616
-12 565248
-11.958 37888
-11.8218 14848
-11.7462 2048
-11.7128 38912
-11.652 45312
-11.6247 1792
-11.6145 16384
-11.5765 1536
-11.5276 4096
-11.4403 13312
-11.3137 2215936
-11.2977 99328
-11.2705 230656
-11.1343 288
-10.9645 34048
-10.9282 720896
-10.9146 128
-10.889 14848
-10.7947 2048
-10.583 240640
-10.5427 98304
-10.5146 516096
-10.4132 40256
-10.277 384
-10.2419 49152
-10.2015 10752
-10.1877 32768
-10.1436 41984
-10.1072 6144
-10.0317 36224
-9.89552 10752
-9.85641 237568
-9.72572 230656
-9.51399 1024
-9.50161 4096
-9.41976 4608
-9.40456 1053696
-9.37258 2048
-9.34419 120576
-9.1744 2304
-9.17011 32768
-9.0718 415744
-9.03823 120576
-8.86844 37888
-8.78461 98304
-8.77101 12288
-8.65671 85056
-8.62147 32768
-8.48691 89088
-8.3991 6144
-8.39155 99328
-8.35075 4096
-8.18095 89088
-8.10538 6144
-8 3828224
-7.96922 384
-7.79942 294848
-7.70519 8
-7.62963 1408
-7.60845 1390592
-7.49346 37888
-7.4179 13312
-7.32367 6144
-7.2481 1536
-7.22899 2048
-7.11194 89088
-6.94214 201088
-6.9282 3213312
-6.82536 16384
-6.73041 6144
-6.63618 10752
-6.62742 34688
-6.59544 75264
-6.56061 45312
-6.49839 57344
-6.42445 2304
-6.25465 294848
-6.17909 288
-6.14359 24576
-6.08486 6144
-5.94869 2304
-5.87312 89088
-5.85641 556032
-5.81234 458752
-5.7789 1024
-5.7153 4096
-5.70333 10752
-5.56716 85056
-5.4916 384
-5.48538 36864
-5.4573 98304
-5.39737 89088
-5.18564 14848
-5.09141 256
-5.0854 768
-5.0718 622592
-5.02924 2048
-5.01584 240640
-4.87968 64
-4.80411 128
-4.78461 17408
-4.70988 111616
-4.70228 1390592
-4.68629 555008
-4.63431 4096
-4.54008 384
-4.46452 128
-4.38551 98304
-4.37532 128
-4.32835 230656
-4.28719 1152
-4.15856 34048
-4.02239 13312
-4 634880
-3.94683 6144
-3.91919 36864
-3.8526 36224
-3.77703 6144
-3.71281 2048
-3.68927 49152
-3.64087 37888
-3.61449 49152
-3.59222 28672
-3.47107 294848
-3.31371 1173504
-3.21539 6144
-3.16511 16768
-3.08954 85056
-2.99531 384
-2.9282 720896
-2.91975 256
-2.90617 688128
-2.80913 4608
-2.78358 230656
-2.61379 28928
-2.57921 6144
-2.5427 196608
-2.47762 2048
-2.40205 45312
-2.30783 1536
-2.24191 16384
-2.23226 45312
-2.14359 648704
-2.12307 4096
-2.09609 16768
-1.9263 240640
-1.89315 16384
-1.85641 212992
-1.85073 256
-1.79611 516096
-1.71457 4704
-1.62034 64
-1.54477 230656
-1.37498 4608
-1.23881 89088
-1.16324 6144
-1.11006 86016
-1.0718 503808
-1.06902 13312
-1.01302 36864
-0.993449 384
-0.857283 120576
-0.78461 16384
-0.783096 75264
-0.763054 128
-0.687488 111616
-0.551323 6144
-0.475756 1536
-0.399104 2048
-0.381527 45312
-0.305961 10752
-0.300786 1024
-0.169796 1536
0 20898760
0.169796 1536
0.300786 1024
0.305961 10752
0.381527 45312
0.399104 2048
0.475756 1536
0.551323 6144
0.687488 111616
0.763054 128
0.783096 75264
0.78461 16384
0.857283 120576
0.993449 384
1.01302 36864
1.06902 13312
1.0718 503808
1.11006 86016
1.16324 6144
1.23881 89088
1.37498 4608
1.54477 230656
1.62034 64
1.71457 4704
1.79611 516096
1.85073 256
1.85641 212992
1.89315 16384
1.9263 240640
2.09609 16768
2.12307 4096
2.14359 648704
2.23226 45312
2.24191 16384
2.30783 1536
2.40205 45312
2.47762 2048
2.5427 196608
2.57921 6144
2.61379 28928
2.78358 230656
2.80913 4608
2.90617 688128
2.91975 256
2.9282 720896
2.99531 384
3.08954 85056
3.16511 16768
3.21539 6144
3.31371 1173504
3.47107 294848
3.59222 28672
3.61449 49152
3.64087 37888
3.68927 49152
3.71281 2048
3.77703 6144
3.8526 36224
3.91919 36864
3.94683 6144
4 634880
4.02239 13312
4.15856 34048
4.28719 1152
4.32835 230656
4.37532 128
4.38551 98304
4.46452 128
4.54008 384
4.63431 4096
4.68629 555008
4.70228 1390592
4.70988 111616
4.78461 17408
4.80411 128
4.87968 64
5.01584 240640
5.02924 2048
5.0718 622592
5.0854 768
5.09141 256
5.18564 14848
5.39737 89088
5.4573 98304
5.48538 36864
5.4916 384
5.56716 85056
5.70333 10752
5.7153 4096
5.7789 1024
5.81234 458752
5.85641 556032
5.87312 89088
5.94869 2304
6.08486 6144
6.14359 24576
6.17909 288
6.25465 294848
6.42445 2304
6.49839 57344
6.56061 45312
6.59544 75264
6.62742 34688
6.63618 10752
6.73041 6144
6.82536 16384
6.9282 3213312
6.94214 201088
7.11194 89088
7.22899 2048
7.2481 1536
7.32367 6144
7.4179 13312
7.49346 37888
7.60845 1390592
7.62963 1408
7.70519 8
7.79942 294848
7.96922 384
8 3828224
8.10538 6144
8.18095 89088
8.35075 4096
8.39155 99328
8.3991 6144
8.48691 89088
8.62147 32768
8.65671 85056
8.77101 12288
8.78461 98304
8.86844 37888
9.03823 120576
9.0718 415744
9.17011 32768
9.1744 2304
9.34419 120576
9.37258 2048
9.40456 1053696
9.41976 4608
9.50161 4096
9.51399 1024
9.72572 230656
9.85641 237568
9.89552 10752
10.0317 36224
10.1072 6144
10.1436 41984
10.1877 32768
10.2015 10752
10.2419 49152
10.277 384
10.4132 40256
10.5146 516096
10.5427 98304
10.583 240640
10.7947 2048
10.889 14848
10.9146 128
10.9282 720896
10.9645 34048
11.1343 288
11.2705 230656
11.2977 99328
11.3137 2215936
11.4403 13312
11.5276 4096
11.5765 1536
11.6145 16384
11.6247 1792
11.652 45312
11.7128 38912
11.7462 2048
11.8218 14848
11.958 37888
12 565248
12.1278 111616
12.3107 688128
12.3395 1536
12.3855 49152
12.4078 2048
12.4337 1024
12.5093 201088
12.6791 256
12.6863 98304
12.7846 43008
12.8153 89088
12.8908 2304
12.9851 4096
13.0718 98304
13.0938 49152
13.1212 128
13.1968 111616
13.3238 6144
13.3666 45312
13.4208 86016
13.4573 32768
13.5028 6144
13.5556 1024
13.5783 1536
13.6725 37888
13.7481 1536
13.8564 4903936
13.8843 10624
14.0541 230656
14.1068 229376
14.2039 36864
14.2239 2048
14.36 13312
14.4338 4608
14.4356 37888
14.5298 256
14.6054 1024
14.7416 120576
14.8899 6144
14.9114 45312
14.9282 503808
15.0475 1024
15.1231 10752
15.2169 1053696
15.2173 384
15.2929 28928
15.4291 1536
15.5988 201088
15.6992 6144
15.7128 4096
15.9804 120576
16 4001920
16.1502 6144
16.2299 6144
16.2863 45312
16.3619 2048
16.3991 12288
16.4561 16768
16.6679 34048
16.7846 114688
16.8377 89088
16.9738 2048
17.013 516096
17.0718 53248
17.1101 6144
17.1436 28928
17.1701 98304
17.2192 1408
17.3134 288
17.5251 240640
17.6949 6144
17.7961 36864
17.8311 6144
17.8564 237568
17.9067 13312
18.0009 2304
18.026 2048
18.0765 4704
18.1231 57344
18.1436 18432
18.2126 28928
18.2419 98304
18.3824 89088
18.5427 32768
18.5942 2304
18.6884 4704
18.764 40256
18.8091 64512
18.9062 49152
18.9282 622592
19.0699 111616
19.2397 6144
19.3137 1173504
19.3759 384
19.4514 85056
19.5922 2048
19.6212 13312
19.7128 30720
19.7574 13312
19.833 384
19.9192 516096
19.9272 34048
20 69632
20.0634 8
20.1389 1408
20.3087 111616
20.3855 16384
20.4838 2048
20.6147 37888
20.6863 32768
20.6903 1536
20.7023 99328
20.7845 64
20.7846 382976
20.9962 89088
21.0292 28672
21.0854 128
21.166 36224
21.3022 1536
21.3777 6144
21.472 1536
21.5475 6144
21.6837 6144
21.7153 57344
21.8123 32768
21.8535 120576
21.8564 556032
22.0233 384
22.1595 384
22.235 28928
22.4984 4096
22.541 85056
22.6274 138496
22.7108 10752
22.8254 229376
22.9225 16768
22.9282 415744
23.0265 2048
23.0923 37888
23.2285 384
23.304 128
23.3983 40256
23.6085 99328
23.7128 4096
23.7798 89088
23.8384 2048
23.9496 1536
24 361984
24.0858 10752
24.1613 384
24.2556 4608
24.3991 6144
24.4673 37888
24.6215 458752
24.6371 45312
24.771 2048
24.7732 384
24.7846 114688
24.8488 256
24.943 6144
25.0186 10624
25.0718 9216
25.1701 196608
25.3246 89088
25.4046 75264
25.4944 1536
25.6305 2048
25.7061 14848
25.8564 212992
25.8759 384
26.0121 14848
26.1819 37888
26.2419 49152
26.3936 4608
26.5146 36864
26.5634 34048
26.7332 128
26.8693 34048
26.9282 98304
27.0391 256
27.2509 45312
27.3137 555008
27.4207 6144
27.5276 57344
27.5568 6144
27.6247 128
27.7128 552704
27.7266 1408
27.9384 1536
28.1082 85056
28.3107 49152
28.4141 1536
28.4897 6144
28.7846 43008
28.7956 45312
28.9654 6144
29.1772 4096
29.3238 86016
29.347 1536
29.4208 6144
29.4831 4704
29.5556 6144
29.6529 28928
29.8227 128
29.8564 648704
30.0344 37888
30.1068 16384
30.2042 384
30.3404 16768
30.4338 64512
30.5102 2304
30.7219 10752
30.8917 10752
30.9282 53248
31.0265 6144
31.1977 10624
31.2169 75264
31.5792 45312
31.6992 1024
31.7128 4096
31.749 1024
31.8852 2304
31.9607 4704
32 261632
32.2299 86016
32.2667 13312
32.3991 2048
32.4365 13312
32.5727 128
32.6482 64
32.7846 98304
32.818 1408
33.013 36864
33.124 37888
33.1701 98304
33.2429 128
33.5055 13312
33.6753 2048
33.8115 4096
33.8564 24576
33.9813 1536
34.026 28672
34.1231 4096
34.193 2304
34.2419 16384
34.3402 128
34.3628 16768
34.641 16384
34.6688 1408
34.8091 4608
35.0503 36224
35.2201 1536
35.3137 98304
35.3563 256
35.4318 1024
35.7128 30720
35.7378 384
35.9076 14848
35.9192 36864
36.2891 1536
36.4838 12288
36.5951 10752
36.7649 2048
36.7846 17408
36.9766 6144
37.0292 2048
37.1464 2304
37.2825 1024
37.4523 6144
37.7153 4096
37.8339 10752
37.8564 41984
38.1398 4608
38.5214 6144
38.6274 34688
38.6912 6144
38.8254 16384
38.9029 288
38.9282 9216
39.0265 12288
39.3786 13312
39.7128 4096
39.7602 384
39.8384 28672
40.0661 6144
40.2359 384
40.4477 256
40.6175 4608
40.6215 32768
40.7846 16384
40.9234 1536
41.1701 32768
41.3049 6144
41.5692 32768
41.6109 64
41.9924 2048
42.1622 4096
42.332 8
42.8497 6144
43.0195 384
43.3137 32768
43.5276 4096
43.707 4704
43.7128 38912
44.0885 2304
44.3945 2304
44.776 1536
44.7846 6144
44.9458 256
45.082 288
45.3238 6144
45.5556 1024
45.6333 6144
45.8564 18432
46.3208 1536
46.4338 4608
47.0265 6144
47.1781 384
47.5596 2048
47.8656 256
48 5504
48.2299 6144
48.4169 64
49.1044 1536
49.2429 1792
49.2742 128
49.7919 384
49.9616 1024
50.026 2048
50.3402 768
50.6491 2048
51.0307 384
51.7128 2048
51.8879 256
52.4838 2048
52.5754 1024
54.5017 128
54.6274 2048
55.0265 2048
55.4256 1024
55.8384 2048
56.2163 288
56.9038 384
57.5913 128
59.7128 1152
63.1584 128
65.2429 128
66.3402 128
70.1006 8
