-45.3703
-39.8979
-39.8979
-39.8979
-39.8979
-35.0857
-35.0857
-35.0857
-35.0857
-34.7556
-34.7556
-34.7556
-34.7556
-34.4256
-31.5138
-31.5138
-31.5138
-31.5138
-30.5636
-30.5636
-30.5636
-30.5636
-30.5636
-30.5636
-30.5636
-30.5636
-30.5636
-30.5636
-30.5636
-30.5636
-30.5636
-30.5636
-30.5636
-30.5636
-29.6133
-29.6133
-29.6133
-29.6133
-29.6133
-29.6133
-29.6133
-29.6133
-29.6133
-29.6133
-29.6133
-29.6133
-29.6133
-29.6133
-29.6133
-29.6133
-29.6133
-29.6133
-29.6133
-29.6133
-27.8274
-27.8274
-27.8274
-27.8274
-27.8274
-27.8274
-27.8274
-27.8274
-27.8274
-27.8274
-27.8274
-27.8274
-27.8274
-27.8274
-27.8274
-27.8274
-27.2072
-27.2072
-27.2072
-27.2072
-26.8772
-26.8772
-26.8772
-26.8772
-26.8772
-26.8772
-26.8772
-26.8772
-26.8772
-26.8772
-26.8772
-26.8772
-26.0415
-26.0415
-26.0415
-26.0415
-26.0415
-26.0415
-26.0415
-26.0415
-26.0415
-26.0415
-26.0415
-26.0415
-26.0415
-26.0415
-26.0415
-26.0415
-25.4213
-25.4213
-25.4213
-25.4213
-25.4213
-25.4213
-25.4213
-25.4213
-25.4213
-25.4213
-25.4213
-25.4213
-25.4213
-25.4213
-25.4213
-25.4213
-25.4213
-25.4213
-25.4213
-25.4213
-25.4213
-25.4213
-25.4213
-25.4213
-25.0913
-25.0913
-25.0913
-25.0913
-25.0913
-25.0913
-25.0913
-25.0913
-25.0913
-25.0913
-25.0913
-25.0913
-25.0913
-25.0913
-25.0913
-25.0913
-25.0913
-25.0913
-25.0913
-25.0913
-25.0913
-25.0913
-25.0913
-25.0913
-24.8011
-24.471
-24.471
-24.471
-24.471
-24.471
-24.471
-24.471
-24.471
-24.471
-24.471
-24.471
-24.471
-24.141
-24.141
-24.141
-24.141
-24.141
-24.141
-24.141
-24.141
-24.141
-24.141
-24.141
-24.141
-24.141
-24.141
-24.141
-24.141
-24.141
-24.141
-24.141
-24.141
-23.6354
-23.6354
-23.6354
-23.6354
-23.6354
-23.6354
-23.6354
-23.6354
-22.6851
-22.6851
-22.6851
-22.6851
-22.6851
-22.6851
-22.6851
-22.6851
-22.6851
-22.6851
-22.6851
-22.6851
-22.6851
-22.6851
-22.6851
-22.6851
-22.6851
-22.6851
-22.6851
-22.6851
-22.6851
-22.6851
-22.6851
-22.6851
-22.6851
-22.6851
-22.6851
-22.6851
-22.6851
-22.6851
-22.6851
-22.6851
-22.6851
-22.6851
-22.6851
-22.6851
-22.3551
-22.3551
-22.3551
-22.3551
-22.3551
-22.3551
-22.3551
-22.3551
-22.3551
-22.3551
-22.3551
-22.3551
-22.3551
-22.3551
-22.3551
-22.3551
-21.7349
-21.7349
-21.7349
-21.7349
-21.7349
-21.7349
-21.7349
-21.7349
-21.7349
-21.7349
-21.7349
-21.7349
-21.7349
-21.7349
-21.7349
-21.7349
-21.7349
-21.7349
-21.7349
-21.7349
-21.7349
-21.7349
-21.7349
-21.7349
-21.4048
-21.4048
-21.4048
-21.4048
-21.2292
-21.2292
-21.2292
-21.2292
-21.2292
-21.2292
-21.2292
-21.2292
-21.2292
-21.2292
-21.2292
-21.2292
-21.2292
-21.2292
-21.2292
-21.2292
-20.8992
-20.8992
-20.8992
-20.8992
-20.8992
-20.8992
-20.8992
-20.8992
-20.8992
-20.8992
-20.8992
-20.8992
-20.8992
-20.8992
-20.8992
-20.8992
-20.8992
-20.8992
-20.8992
-20.8992
-20.8992
-20.8992
-20.8992
-20.8992
-20.5692
-20.5692
-20.5692
-20.5692
-20.279
-20.279
-20.279
-20.279
-20.279
-20.279
-20.279
-20.279
-20.279
-20.279
-20.279
-20.279
-20.279
-20.279
-20.279
-20.279
-19.949
-19.949
-19.949
-19.949
-19.949
-19.949
-19.949
-19.949
-19.949
-19.949
-19.949
-19.949
-19.949
-19.949
-19.949
-19.949
-19.949
-19.949
-19.949
-19.949
-19.949
-19.949
-19.949
-19.949
-19.949
-19.949
-19.949
-19.949
-19.949
-19.949
-19.949
-19.949
-19.949
-19.949
-19.949
-19.949
-19.949
-19.949
-19.949
-19.949
-19.949
-19.949
-19.949
-19.949
-19.949
-19.949
-19.949
-19.949
-19.949
-19.949
-19.949
-19.949
-19.949
-19.949
-19.949
-19.949
-19.949
-19.949
-19.949
-19.949
-19.949
-19.949
-19.949
-19.949
-19.949
-19.949
-19.949
-19.949
-19.949
-19.949
-19.949
-19.949
-19.3287
-19.3287
-19.3287
-19.3287
-19.3287
-19.3287
-19.3287
-19.3287
-19.3287
-19.3287
-19.3287
-19.3287
-19.3287
-19.3287
-19.3287
-19.3287
-19.3287
-19.3287
-19.3287
-19.3287
-18.9987
-18.9987
-18.9987
-18.9987
-18.9987
-18.9987
-18.9987
-18.9987
-18.9987
-18.9987
-18.9987
-18.9987
-18.9987
-18.9987
-18.9987
-18.9987
-18.9987
-18.9987
-18.9987
-18.9987
-18.9987
-18.9987
-18.9987
-18.9987
-18.6687
-18.6687
-18.6687
-18.6687
-18.4931
-18.4931
-18.4931
-18.4931
-18.4931
-18.4931
-18.4931
-18.4931
-18.4931
-18.4931
-18.4931
-18.4931
-18.1631
-18.1631
-18.1631
-18.1631
-18.1631
-18.1631
-18.1631
-18.1631
-18.1631
-18.1631
-18.1631
-18.1631
-17.6574
-17.5428
-17.5428
-17.5428
-17.5428
-17.5428
-17.5428
-17.5428
-17.5428
-17.5428
-17.5428
-17.5428
-17.5428
-17.5428
-17.5428
-17.5428
-17.5428
-17.5428
-17.5428
-17.5428
-17.5428
-17.5428
-17.5428
-17.5428
-17.5428
-17.5428
-17.5428
-17.5428
-17.5428
-17.5428
-17.5428
-17.5428
-17.5428
-17.5428
-17.5428
-17.5428
-17.5428
-17.5428
-17.5428
-17.5428
-17.5428
-17.5428
-17.5428
-17.5428
-17.5428
-17.5428
-17.5428
-17.5428
-17.5428
-17.5428
-17.5428
-17.5428
-17.5428
-17.5428
-17.5428
-17.5428
-17.5428
-17.5428
-17.5428
-17.5428
-17.5428
-17.5428
-17.5428
-17.5428
-17.5428
-17.5428
-17.5428
-17.5428
-17.5428
-17.5428
-17.5428
-17.5428
-17.5428
-17.2128
-17.2128
-17.2128
-17.2128
-17.2128
-17.2128
-17.2128
-17.2128
-17.2128
-17.2128
-17.2128
-17.2128
-17.2128
-17.2128
-17.2128
-17.2128
-17.2128
-17.2128
-17.2128
-17.2128
-17.2128
-17.2128
-17.2128
-17.2128
-17.2128
-17.2128
-17.2128
-17.2128
-17.2128
-17.2128
-17.2128
-17.2128
-17.2128
-17.2128
-17.2128
-17.2128
-16.7072
-16.7072
-16.7072
-16.7072
-16.7072
-16.7072
-16.7072
-16.7072
-16.7072
-16.7072
-16.7072
-16.7072
-16.7072
-16.7072
-16.7072
-16.7072
-16.5926
-16.5926
-16.5926
-16.5926
-16.5926
-16.5926
-16.5926
-16.5926
-16.5926
-16.5926
-16.5926
-16.5926
-16.5926
-16.5926
-16.5926
-16.5926
-16.5926
-16.5926
-16.5926
-16.5926
-16.5926
-16.5926
-16.5926
-16.5926
-16.2625
-16.2625
-16.2625
-16.2625
-16.2625
-16.2625
-16.2625
-16.2625
-16.2625
-16.2625
-16.2625
-16.2625
-15.7569
-15.7569
-15.7569
-15.7569
-15.7569
-15.7569
-15.7569
-15.7569
-15.7569
-15.7569
-15.7569
-15.7569
-15.7569
-15.7569
-15.7569
-15.7569
-15.7569
-15.7569
-15.7569
-15.7569
-15.7569
-15.7569
-15.7569
-15.7569
-15.7569
-15.7569
-15.7569
-15.7569
-15.7569
-15.7569
-15.7569
-15.7569
-15.7569
-15.7569
-15.7569
-15.7569
-15.7569
-15.7569
-15.7569
-15.7569
-15.7569
-15.7569
-15.7569
-15.7569
-15.7569
-15.7569
-15.7569
-15.7569
-15.7569
-15.7569
-15.7569
-15.7569
-15.7569
-15.7569
-15.7569
-15.7569
-15.7569
-15.7569
-15.7569
-15.7569
-15.7569
-15.7569
-15.7569
-15.7569
-15.7569
-15.7569
-15.7569
-15.7569
-15.7569
-15.7569
-15.7569
-15.7569
-15.7569
-15.7569
-15.7569
-15.7569
-15.7569
-15.7569
-15.7569
-15.7569
-15.7569
-15.7569
-15.7569
-15.7569
-15.7569
-15.7569
-15.7569
-15.7569
-15.7569
-15.7569
-15.7569
-15.7569
-15.7569
-15.7569
-15.7569
-15.7569
-15.7569
-15.7569
-15.4269
-15.4269
-15.4269
-15.4269
-15.4269
-15.4269
-15.4269
-15.4269
-15.1367
-15.1367
-15.1367
-15.1367
-15.1367
-15.1367
-15.1367
-15.1367
-15.1367
-15.1367
-15.1367
-15.1367
-15.1367
-15.1367
-15.1367
-15.1367
-14.8067
-14.8067
-14.8067
-14.8067
-14.8067
-14.8067
-14.8067
-14.8067
-14.8067
-14.8067
-14.8067
-14.8067
-14.8067
-14.8067
-14.8067
-14.8067
-14.8067
-14.8067
-14.8067
-14.8067
-14.8067
-14.8067
-14.8067
-14.8067
-14.8067
-14.8067
-14.8067
-14.8067
-14.8067
-14.8067
-14.8067
-14.8067
-14.8067
-14.8067
-14.8067
-14.8067
-14.8067
-14.8067
-14.8067
-14.8067
-14.8067
-14.8067
-14.8067
-14.8067
-14.8067
-14.8067
-14.8067
-14.8067
-14.8067
-14.8067
-14.8067
-14.8067
-14.8067
-14.8067
-14.8067
-14.8067
-14.8067
-14.8067
-14.8067
-14.8067
-14.8067
-14.8067
-14.8067
-14.8067
-14.8067
-14.8067
-14.8067
-14.8067
-14.8067
-14.8067
-14.8067
-14.8067
-14.8067
-14.8067
-14.8067
-14.8067
-14.8067
-14.8067
-14.8067
-14.8067
-14.8067
-14.8067
-14.8067
-14.8067
-14.8067
-14.8067
-14.8067
-14.8067
-14.8067
-14.8067
-14.8067
-14.8067
-14.8067
-14.8067
-14.8067
-14.8067
-14.8067
-14.8067
-14.8067
-14.8067
-14.8067
-14.8067
-14.8067
-14.8067
-14.8067
-14.8067
-14.8067
-14.8067
-14.8067
-14.8067
-14.8067
-14.8067
-14.8067
-14.8067
-14.8067
-14.8067
-14.8067
-14.8067
-14.8067
-14.8067
-14.4766
-14.4766
-14.4766
-14.4766
-14.4766
-14.4766
-14.4766
-14.4766
-14.4766
-14.4766
-14.4766
-14.4766
-14.4766
-14.4766
-14.4766
-14.4766
-13.971
-13.971
-13.971
-13.971
-13.971
-13.971
-13.971
-13.971
-13.971
-13.971
-13.971
-13.971
-13.971
-13.971
-13.971
-13.971
-13.8564
-13.8564
-13.8564
-13.8564
-13.8564
-13.8564
-13.8564
-13.8564
-13.8564
-13.8564
-13.8564
-13.8564
-13.8564
-13.8564
-13.8564
-13.8564
-13.8564
-13.8564
-13.8564
-13.8564
-13.8564
-13.8564
-13.8564
-13.8564
-13.8564
-13.8564
-13.8564
-13.8564
-13.8564
-13.8564
-13.8564
-13.8564
-13.8564
-13.8564
-13.8564
-13.8564
-13.8564
-13.8564
-13.8564
-13.8564
-13.8564
-13.8564
-13.8564
-13.8564
-13.8564
-13.8564
-13.8564
-13.8564
-13.8564
-13.8564
-13.8564
-13.8564
-13.8564
-13.8564
-13.8564
-13.8564
-13.8564
-13.8564
-13.8564
-13.8564
-13.8564
-13.8564
-13.8564
-13.8564
-13.8564
-13.8564
-13.3508
-13.3508
-13.3508
-13.3508
-13.3508
-13.3508
-13.3508
-13.3508
-13.3508
-13.3508
-13.3508
-13.3508
-13.3508
-13.3508
-13.3508
-13.3508
-13.3508
-13.3508
-13.3508
-13.3508
-13.3508
-13.3508
-13.3508
-13.3508
-13.0208
-13.0208
-13.0208
-13.0208
-13.0208
-13.0208
-13.0208
-13.0208
-13.0208
-13.0208
-13.0208
-13.0208
-13.0208
-13.0208
-13.0208
-13.0208
-13.0208
-13.0208
-13.0208
-13.0208
-13.0208
-13.0208
-13.0208
-13.0208
-13.0208
-13.0208
-13.0208
-13.0208
-13.0208
-13.0208
-13.0208
-13.0208
-13.0208
-13.0208
-13.0208
-13.0208
-13.0208
-13.0208
-13.0208
-13.0208
-13.0208
-13.0208
-13.0208
-13.0208
-13.0208
-13.0208
-13.0208
-13.0208
-13.0208
-13.0208
-13.0208
-13.0208
-13.0208
-13.0208
-13.0208
-13.0208
-13.0208
-13.0208
-13.0208
-13.0208
-13.0208
-13.0208
-13.0208
-13.0208
-13.0208
-13.0208
-13.0208
-13.0208
-13.0208
-13.0208
-13.0208
-13.0208
-13.0208
-13.0208
-13.0208
-13.0208
-13.0208
-13.0208
-13.0208
-13.0208
-13.0208
-13.0208
-13.0208
-13.0208
-12.4005
-12.4005
-12.4005
-12.4005
-12.4005
-12.4005
-12.4005
-12.4005
-12.4005
-12.4005
-12.4005
-12.4005
-12.4005
-12.4005
-12.4005
-12.4005
-12.4005
-12.4005
-12.4005
-12.4005
-12.4005
-12.4005
-12.4005
-12.4005
-12.4005
-12.4005
-12.4005
-12.4005
-12.4005
-12.4005
-12.4005
-12.4005
-12.4005
-12.4005
-12.4005
-12.4005
-12.1851
-12.1851
-12.1851
-12.1851
-12.0705
-12.0705
-12.0705
-12.0705
-12.0705
-12.0705
-12.0705
-12.0705
-12.0705
-12.0705
-12.0705
-12.0705
-12.0705
-12.0705
-12.0705
-12.0705
-12.0705
-12.0705
-12.0705
-12.0705
-12.0705
-12.0705
-12.0705
-12.0705
-12.0705
-12.0705
-12.0705
-12.0705
-12.0705
-12.0705
-12.0705
-12.0705
-12.0705
-12.0705
-12.0705
-12.0705
-12.0705
-12.0705
-12.0705
-12.0705
-12.0705
-12.0705
-12.0705
-12.0705
-12.0705
-12.0705
-12.0705
-12.0705
-12.0705
-12.0705
-12.0705
-12.0705
-12.0705
-12.0705
-12.0705
-12.0705
-12.0705
-12.0705
-12.0705
-12.0705
-12.0705
-12.0705
-12.0705
-12.0705
-12.0705
-12.0705
-12.0705
-12.0705
-12.0705
-12.0705
-12.0705
-12.0705
-12.0705
-12.0705
-12.0705
-12.0705
-12.0705
-12.0705
-12.0705
-12.0705
-12.0705
-12.0705
-12.0705
-12.0705
-12.0705
-12.0705
-12.0705
-12.0705
-12.0705
-12.0705
-12.0705
-12.0705
-12.0705
-12.0705
-12.0705
-12.0705
-12.0705
-12.0705
-12.0705
-12.0705
-12.0705
-12.0705
-12.0705
-12.0705
-12.0705
-12.0705
-12.0705
-12.0705
-12.0705
-12.0705
-12.0705
-12.0705
-12.0705
-12.0705
-12.0705
-12.0705
-12.0705
-12.0705
-12.0705
-12.0705
-11.5649
-11.5649
-11.5649
-11.5649
-11.5649
-11.5649
-11.5649
-11.5649
-11.5649
-11.5649
-11.5649
-11.5649
-11.5649
-11.5649
-11.5649
-11.5649
-11.5649
-11.5649
-11.5649
-11.5649
-11.5649
-11.5649
-11.5649
-11.5649
-11.4503
-11.4503
-11.4503
-11.4503
-11.4503
-11.4503
-11.4503
-11.4503
-11.4503
-11.4503
-11.4503
-11.4503
-11.2349
-11.2349
-11.2349
-11.2349
-11.2349
-11.2349
-11.2349
-11.2349
-11.2349
-11.2349
-11.2349
-11.2349
-11.2349
-11.2349
-11.2349
-11.2349
-11.2349
-11.2349
-11.2349
-11.2349
-11.2349
-11.2349
-11.2349
-11.2349
-11.1202
-11.1202
-11.1202
-11.1202
-11.1202
-11.1202
-11.1202
-11.1202
-11.1202
-11.1202
-11.1202
-11.1202
-11.1202
-11.1202
-11.1202
-11.1202
-11.1202
-11.1202
-11.1202
-11.1202
-11.1202
-11.1202
-11.1202
-11.1202
-10.9446
-10.9446
-10.9446
-10.9446
-10.6146
-10.6146
-10.6146
-10.6146
-10.6146
-10.6146
-10.6146
-10.6146
-10.6146
-10.6146
-10.6146
-10.6146
-10.6146
-10.6146
-10.6146
-10.6146
-10.6146
-10.6146
-10.6146
-10.6146
-10.6146
-10.6146
-10.6146
-10.6146
-10.6146
-10.6146
-10.6146
-10.6146
-10.6146
-10.6146
-10.6146
-10.6146
-10.6146
-10.6146
-10.6146
-10.6146
-10.6146
-10.6146
-10.6146
-10.6146
-10.6146
-10.6146
-10.6146
-10.6146
-10.6146
-10.6146
-10.6146
-10.6146
-10.6146
-10.6146
-10.6146
-10.6146
-10.6146
-10.6146
-10.6146
-10.6146
-10.6146
-10.6146
-10.6146
-10.6146
-10.6146
-10.6146
-10.6146
-10.6146
-10.6146
-10.6146
-10.6146
-10.6146
-10.6146
-10.6146
-10.6146
-10.6146
-10.6146
-10.6146
-10.6146
-10.6146
-10.6146
-10.6146
-10.6146
-10.6146
-10.6146
-10.6146
-10.6146
-10.6146
-10.2846
-10.2846
-10.2846
-10.2846
-10.2846
-10.2846
-10.2846
-10.2846
-10.2846
-10.2846
-10.2846
-10.2846
-10.2846
-10.2846
-10.2846
-10.2846
-10.2846
-10.2846
-10.2846
-10.2846
-10.2846
-10.2846
-10.2846
-10.2846
-10.2846
-10.2846
-10.2846
-10.2846
-10.2846
-10.2846
-10.2846
-10.2846
-10.2846
-10.2846
-10.2846
-10.2846
-10.2846
-10.2846
-10.2846
-10.2846
-10.2846
-10.2846
-10.2846
-10.2846
-10.2846
-10.2846
-10.2846
-10.2846
-10.2846
-10.2846
-10.2846
-10.2846
-10.2846
-10.2846
-10.2846
-10.2846
-10.2846
-10.2846
-10.2846
-10.2846
-10.2846
-10.2846
-10.2846
-10.2846
-10.2846
-10.2846
-10.2846
-10.2846
-10.2846
-10.2846
-10.2846
-10.2846
-10.2846
-10.2846
-10.2846
-10.2846
-10.2846
-10.2846
-10.2846
-10.2846
-10.2846
-10.2846
-10.2846
-10.2846
-10.2846
-10.2846
-10.2846
-10.2846
-10.2846
-10.2846
-10.2846
-10.2846
-10.2846
-10.2846
-10.2846
-10.2846
-10.2846
-10.2846
-9.66436
-9.66436
-9.66436
-9.66436
-9.66436
-9.66436
-9.66436
-9.66436
-9.66436
-9.66436
-9.66436
-9.66436
-9.66436
-9.66436
-9.66436
-9.66436
-9.66436
-9.66436
-9.66436
-9.66436
-9.66436
-9.66436
-9.66436
-9.66436
-9.66436
-9.66436
-9.66436
-9.66436
-9.66436
-9.66436
-9.66436
-9.66436
-9.66436
-9.66436
-9.66436
-9.66436
-9.66436
-9.66436
-9.66436
-9.66436
-9.66436
-9.66436
-9.66436
-9.66436
-9.66436
-9.66436
-9.66436
-9.66436
-9.66436
-9.66436
-9.66436
-9.66436
-9.66436
-9.66436
-9.66436
-9.66436
-9.66436
-9.66436
-9.66436
-9.66436
-9.66436
-9.66436
-9.66436
-9.66436
-9.66436
-9.66436
-9.66436
-9.66436
-9.66436
-9.66436
-9.66436
-9.66436
-9.66436
-9.66436
-9.66436
-9.66436
-9.66436
-9.66436
-9.66436
-9.66436
-9.66436
-9.66436
-9.66436
-9.66436
-9.66436
-9.66436
-9.66436
-9.66436
-9.66436
-9.66436
-9.66436
-9.66436
-9.66436
-9.66436
-9.66436
-9.66436
-9.66436
-9.66436
-9.66436
-9.66436
-9.66436
-9.66436
-9.66436
-9.66436
-9.66436
-9.66436
-9.66436
-9.66436
-9.66436
-9.66436
-9.66436
-9.66436
-9.66436
-9.66436
-9.66436
-9.66436
-9.66436
-9.66436
-9.66436
-9.66436
-9.33434
-9.33434
-9.33434
-9.33434
-9.33434
-9.33434
-9.33434
-9.33434
-9.33434
-9.33434
-9.33434
-9.33434
-9.33434
-9.33434
-9.33434
-9.33434
-9.33434
-9.33434
-9.33434
-9.33434
-9.33434
-9.33434
-9.33434
-9.33434
-9.33434
-9.33434
-9.33434
-9.33434
-9.33434
-9.33434
-9.33434
-9.33434
-9.33434
-9.33434
-9.33434
-9.33434
-9.33434
-9.33434
-9.33434
-9.33434
-9.33434
-9.33434
-9.33434
-9.33434
-9.33434
-9.33434
-9.33434
-9.33434
-9.33434
-9.33434
-9.33434
-9.33434
-9.33434
-9.33434
-9.33434
-9.33434
-9.33434
-9.33434
-9.33434
-9.33434
-9.33434
-9.33434
-9.33434
-9.33434
-9.33434
-9.33434
-9.33434
-9.33434
-9.33434
-9.33434
-9.33434
-9.33434
-9.04413
-9.04413
-9.04413
-9.04413
-8.82872
-8.82872
-8.82872
-8.82872
-8.82872
-8.82872
-8.82872
-8.82872
-8.82872
-8.82872
-8.82872
-8.82872
-8.82872
-8.82872
-8.82872
-8.82872
-8.82872
-8.82872
-8.82872
-8.82872
-8.82872
-8.82872
-8.82872
-8.82872
-8.82872
-8.82872
-8.82872
-8.82872
-8.82872
-8.82872
-8.82872
-8.82872
-8.82872
-8.82872
-8.82872
-8.82872
-8.71411
-8.71411
-8.71411
-8.71411
-8.71411
-8.71411
-8.71411
-8.71411
-8.71411
-8.71411
-8.71411
-8.71411
-8.71411
-8.71411
-8.71411
-8.71411
-8.71411
-8.71411
-8.71411
-8.71411
-8.71411
-8.71411
-8.71411
-8.71411
-8.4987
-8.4987
-8.4987
-8.4987
-8.4987
-8.4987
-8.4987
-8.4987
-8.4987
-8.4987
-8.4987
-8.4987
-8.4987
-8.4987
-8.4987
-8.4987
-8.38408
-8.38408
-8.38408
-8.38408
-8.38408
-8.38408
-8.38408
-8.38408
-8.38408
-8.38408
-8.38408
-8.38408
-8.38408
-8.38408
-8.38408
-8.38408
-8.38408
-8.38408
-8.38408
-8.38408
-8.20848
-8.20848
-8.20848
-8.20848
-8.20848
-8.20848
-8.20848
-8.20848
-7.87846
-7.87846
-7.87846
-7.87846
-7.87846
-7.87846
-7.87846
-7.87846
-7.87846
-7.87846
-7.87846
-7.87846
-7.87846
-7.87846
-7.87846
-7.87846
-7.87846
-7.87846
-7.87846
-7.87846
-7.87846
-7.87846
-7.87846
-7.87846
-7.87846
-7.87846
-7.87846
-7.87846
-7.87846
-7.87846
-7.87846
-7.87846
-7.87846
-7.87846
-7.87846
-7.87846
-7.87846
-7.87846
-7.87846
-7.87846
-7.87846
-7.87846
-7.87846
-7.87846
-7.87846
-7.87846
-7.87846
-7.87846
-7.87846
-7.87846
-7.87846
-7.87846
-7.87846
-7.87846
-7.87846
-7.87846
-7.87846
-7.87846
-7.87846
-7.87846
-7.87846
-7.87846
-7.87846
-7.87846
-7.87846
-7.87846
-7.87846
-7.87846
-7.87846
-7.87846
-7.87846
-7.87846
-7.87846
-7.87846
-7.87846
-7.87846
-7.87846
-7.87846
-7.87846
-7.87846
-7.87846
-7.87846
-7.87846
-7.87846
-7.87846
-7.87846
-7.87846
-7.87846
-7.87846
-7.87846
-7.87846
-7.87846
-7.87846
-7.87846
-7.87846
-7.87846
-7.87846
-7.87846
-7.87846
-7.87846
-7.87846
-7.87846
-7.87846
-7.87846
-7.87846
-7.87846
-7.87846
-7.87846
-7.87846
-7.87846
-7.87846
-7.87846
-7.87846
-7.87846
-7.87846
-7.87846
-7.87846
-7.87846
-7.87846
-7.87846
-7.87846
-7.87846
-7.87846
-7.87846
-7.87846
-7.87846
-7.87846
-7.87846
-7.87846
-7.87846
-7.87846
-7.87846
-7.87846
-7.87846
-7.87846
-7.87846
-7.87846
-7.87846
-7.87846
-7.87846
-7.87846
-7.87846
-7.87846
-7.87846
-7.87846
-7.87846
-7.87846
-7.87846
-7.87846
-7.87846
-7.87846
-7.87846
-7.87846
-7.87846
-7.87846
-7.87846
-7.54844
-7.54844
-7.54844
-7.54844
-7.54844
-7.54844
-7.54844
-7.54844
-7.54844
-7.54844
-7.54844
-7.54844
-7.54844
-7.54844
-7.54844
-7.54844
-7.54844
-7.54844
-7.54844
-7.54844
-7.54844
-7.54844
-7.54844
-7.54844
-7.37284
-7.37284
-7.37284
-7.37284
-7.25822
-7.25822
-7.25822
-7.25822
-7.25822
-7.25822
-7.25822
-7.25822
-7.25822
-7.25822
-7.25822
-7.25822
-7.25822
-7.25822
-7.25822
-7.25822
-7.25822
-7.25822
-7.25822
-7.25822
-7.25822
-7.25822
-7.25822
-7.25822
-7.04282
-7.04282
-7.04282
-7.04282
-6.9282
-6.9282
-6.9282
-6.9282
-6.9282
-6.9282
-6.9282
-6.9282
-6.9282
-6.9282
-6.9282
-6.9282
-6.9282
-6.9282
-6.9282
-6.9282
-6.9282
-6.9282
-6.9282
-6.9282
-6.9282
-6.9282
-6.9282
-6.9282
-6.9282
-6.9282
-6.9282
-6.9282
-6.9282
-6.9282
-6.9282
-6.9282
-6.9282
-6.9282
-6.9282
-6.9282
-6.9282
-6.9282
-6.9282
-6.9282
-6.9282
-6.9282
-6.9282
-6.9282
-6.9282
-6.9282
-6.9282
-6.9282
-6.9282
-6.9282
-6.9282
-6.9282
-6.9282
-6.9282
-6.9282
-6.9282
-6.9282
-6.9282
-6.9282
-6.9282
-6.9282
-6.9282
-6.9282
-6.9282
-6.9282
-6.9282
-6.9282
-6.9282
-6.9282
-6.9282
-6.9282
-6.9282
-6.9282
-6.9282
-6.9282
-6.9282
-6.9282
-6.9282
-6.9282
-6.9282
-6.9282
-6.9282
-6.9282
-6.9282
-6.9282
-6.9282
-6.9282
-6.9282
-6.9282
-6.9282
-6.9282
-6.9282
-6.9282
-6.9282
-6.9282
-6.9282
-6.9282
-6.9282
-6.9282
-6.9282
-6.9282
-6.9282
-6.9282
-6.9282
-6.9282
-6.9282
-6.9282
-6.9282
-6.9282
-6.9282
-6.9282
-6.9282
-6.9282
-6.9282
-6.9282
-6.9282
-6.7128
-6.59818
-6.59818
-6.59818
-6.59818
-6.59818
-6.59818
-6.59818
-6.59818
-6.59818
-6.59818
-6.59818
-6.59818
-6.59818
-6.59818
-6.59818
-6.59818
-6.59818
-6.59818
-6.59818
-6.59818
-6.59818
-6.59818
-6.59818
-6.59818
-6.42258
-6.42258
-6.42258
-6.42258
-6.42258
-6.42258
-6.42258
-6.42258
-6.42258
-6.42258
-6.42258
-6.42258
-6.42258
-6.42258
-6.42258
-6.42258
-6.30797
-6.30797
-6.30797
-6.30797
-6.09256
-6.09256
-6.09256
-6.09256
-6.09256
-6.09256
-6.09256
-6.09256
-6.09256
-6.09256
-6.09256
-6.09256
-6.09256
-6.09256
-6.09256
-6.09256
-6.09256
-6.09256
-6.09256
-6.09256
-6.09256
-6.09256
-6.09256
-6.09256
-6.09256
-6.09256
-6.09256
-6.09256
-6.09256
-6.09256
-6.09256
-6.09256
-6.09256
-6.09256
-6.09256
-6.09256
-6.09256
-6.09256
-6.09256
-6.09256
-6.09256
-6.09256
-6.09256
-6.09256
-6.09256
-6.09256
-6.09256
-6.09256
-6.09256
-6.09256
-6.09256
-6.09256
-6.09256
-6.09256
-6.09256
-6.09256
-6.09256
-6.09256
-6.09256
-6.09256
-6.09256
-6.09256
-6.09256
-6.09256
-6.09256
-6.09256
-6.09256
-6.09256
-6.09256
-6.09256
-6.09256
-6.09256
-5.97794
-5.97794
-5.97794
-5.97794
-5.97794
-5.97794
-5.97794
-5.97794
-5.97794
-5.97794
-5.97794
-5.97794
-5.97794
-5.97794
-5.97794
-5.97794
-5.97794
-5.97794
-5.97794
-5.97794
-5.97794
-5.97794
-5.97794
-5.97794
-5.47232
-5.47232
-5.47232
-5.47232
-5.47232
-5.47232
-5.47232
-5.47232
-5.47232
-5.47232
-5.47232
-5.47232
-5.47232
-5.47232
-5.47232
-5.47232
-5.47232
-5.47232
-5.47232
-5.47232
-5.47232
-5.47232
-5.47232
-5.47232
-5.47232
-5.47232
-5.47232
-5.47232
-5.47232
-5.47232
-5.47232
-5.47232
-5.47232
-5.47232
-5.47232
-5.47232
-5.47232
-5.47232
-5.47232
-5.47232
-5.47232
-5.47232
-5.47232
-5.47232
-5.47232
-5.47232
-5.47232
-5.47232
-5.47232
-5.47232
-5.47232
-5.47232
-5.47232
-5.47232
-5.47232
-5.47232
-5.47232
-5.47232
-5.47232
-5.47232
-5.47232
-5.47232
-5.47232
-5.47232
-5.47232
-5.47232
-5.47232
-5.47232
-5.47232
-5.47232
-5.47232
-5.47232
-5.47232
-5.47232
-5.47232
-5.47232
-5.47232
-5.47232
-5.47232
-5.47232
-5.47232
-5.47232
-5.47232
-5.47232
-5.47232
-5.47232
-5.47232
-5.47232
-5.47232
-5.47232
-5.47232
-5.47232
-5.47232
-5.47232
-5.47232
-5.47232
-5.47232
-5.47232
-5.1423
-5.1423
-5.1423
-5.1423
-5.1423
-5.1423
-5.1423
-5.1423
-5.1423
-5.1423
-5.1423
-5.1423
-5.1423
-5.1423
-5.1423
-5.1423
-5.1423
-5.1423
-5.1423
-5.1423
-5.1423
-5.1423
-5.1423
-5.1423
-5.1423
-5.1423
-5.1423
-5.1423
-5.1423
-5.1423
-5.1423
-5.1423
-5.1423
-5.1423
-5.1423
-5.1423
-5.1423
-5.1423
-5.1423
-5.1423
-5.1423
-5.1423
-5.1423
-5.1423
-5.1423
-5.1423
-5.1423
-5.1423
-5.1423
-5.1423
-5.1423
-5.1423
-5.1423
-5.1423
-5.1423
-5.1423
-5.1423
-5.1423
-5.1423
-5.1423
-5.1423
-5.1423
-5.1423
-5.1423
-5.1423
-5.1423
-5.1423
-5.1423
-5.1423
-5.1423
-5.1423
-5.1423
-5.1423
-5.1423
-5.1423
-5.1423
-5.1423
-5.1423
-5.1423
-5.1423
-5.1423
-5.1423
-5.1423
-5.1423
-5.1423
-5.1423
-5.1423
-5.1423
-5.1423
-5.1423
-5.1423
-5.1423
-5.1423
-5.1423
-5.1423
-5.1423
-5.1423
-5.1423
-5.1423
-5.1423
-5.1423
-5.1423
-5.1423
-5.1423
-5.1423
-5.1423
-5.1423
-5.1423
-5.1423
-5.1423
-5.1423
-5.1423
-5.1423
-5.1423
-5.1423
-5.1423
-5.1423
-5.1423
-5.1423
-5.1423
-5.1423
-5.1423
-5.1423
-5.1423
-5.1423
-5.1423
-5.1423
-5.1423
-5.1423
-5.1423
-5.1423
-5.1423
-5.1423
-5.1423
-5.1423
-5.1423
-5.1423
-5.1423
-5.1423
-5.1423
-5.1423
-5.1423
-5.1423
-5.1423
-5.1423
-5.1423
-5.1423
-5.1423
-5.1423
-5.1423
-5.1423
-5.1423
-5.1423
-5.1423
-5.1423
-5.1423
-4.81228
-4.81228
-4.81228
-4.81228
-4.81228
-4.81228
-4.81228
-4.81228
-4.81228
-4.81228
-4.81228
-4.81228
-4.81228
-4.81228
-4.81228
-4.81228
-4.52206
-4.52206
-4.52206
-4.52206
-4.52206
-4.52206
-4.52206
-4.52206
-4.52206
-4.52206
-4.52206
-4.52206
-4.52206
-4.52206
-4.52206
-4.52206
-4.52206
-4.52206
-4.52206
-4.52206
-4.52206
-4.52206
-4.52206
-4.52206
-4.52206
-4.52206
-4.52206
-4.52206
-4.52206
-4.52206
-4.52206
-4.52206
-4.52206
-4.52206
-4.52206
-4.52206
-4.52206
-4.52206
-4.52206
-4.52206
-4.52206
-4.52206
-4.52206
-4.52206
-4.52206
-4.52206
-4.52206
-4.52206
-4.52206
-4.52206
-4.52206
-4.52206
-4.52206
-4.52206
-4.52206
-4.52206
-4.52206
-4.52206
-4.52206
-4.52206
-4.52206
-4.52206
-4.52206
-4.52206
-4.52206
-4.52206
-4.52206
-4.52206
-4.52206
-4.52206
-4.52206
-4.52206
-4.19204
-4.19204
-4.19204
-4.19204
-4.19204
-4.19204
-4.19204
-4.19204
-4.19204
-4.19204
-4.19204
-4.19204
-4.19204
-4.19204
-4.19204
-4.19204
-4.19204
-4.19204
-4.19204
-4.19204
-4.19204
-4.19204
-4.19204
-4.19204
-4.19204
-4.19204
-4.19204
-4.19204
-4.19204
-4.19204
-4.19204
-4.19204
-4.19204
-4.19204
-4.19204
-4.19204
-4.19204
-4.19204
-4.19204
-4.19204
-4.19204
-4.19204
-4.19204
-4.19204
-4.19204
-4.19204
-4.19204
-4.19204
-4.19204
-4.19204
-4.19204
-4.19204
-4.19204
-4.19204
-4.19204
-4.19204
-4.19204
-4.19204
-4.19204
-4.19204
-4.19204
-4.19204
-4.19204
-4.19204
-4.19204
-4.19204
-4.19204
-4.19204
-4.19204
-4.19204
-4.19204
-4.19204
-4.19204
-4.19204
-4.19204
-4.19204
-4.19204
-4.19204
-4.19204
-4.19204
-4.19204
-4.19204
-4.19204
-4.19204
-4.19204
-4.19204
-4.19204
-4.19204
-4.19204
-4.19204
-4.19204
-4.19204
-4.19204
-4.19204
-4.19204
-4.19204
-4.19204
-4.19204
-4.19204
-4.19204
-4.19204
-4.19204
-4.19204
-4.19204
-4.19204
-4.19204
-4.19204
-4.19204
-4.19204
-4.19204
-4.19204
-4.19204
-4.19204
-4.19204
-4.19204
-4.19204
-4.19204
-4.19204
-4.19204
-4.19204
-3.68642
-3.68642
-3.68642
-3.68642
-3.68642
-3.68642
-3.68642
-3.68642
-3.68642
-3.68642
-3.68642
-3.68642
-3.68642
-3.68642
-3.68642
-3.68642
-3.68642
-3.68642
-3.68642
-3.68642
-3.68642
-3.68642
-3.68642
-3.68642
-3.68642
-3.68642
-3.68642
-3.68642
-3.68642
-3.68642
-3.68642
-3.68642
-3.68642
-3.68642
-3.68642
-3.68642
-3.68642
-3.68642
-3.68642
-3.68642
-3.68642
-3.68642
-3.68642
-3.68642
-3.68642
-3.68642
-3.68642
-3.68642
-3.68642
-3.68642
-3.68642
-3.68642
-3.68642
-3.68642
-3.68642
-3.68642
-3.68642
-3.68642
-3.68642
-3.68642
-3.68642
-3.68642
-3.68642
-3.68642
-3.68642
-3.68642
-3.68642
-3.68642
-3.68642
-3.68642
-3.68642
-3.68642
-3.5718
-3.5718
-3.5718
-3.5718
-3.5718
-3.5718
-3.5718
-3.5718
-3.5718
-3.5718
-3.5718
-3.5718
-3.5718
-3.5718
-3.5718
-3.5718
-3.5718
-3.5718
-3.5718
-3.5718
-3.3564
-3.3564
-3.3564
-3.3564
-3.3564
-3.3564
-3.3564
-3.3564
-3.3564
-3.3564
-3.3564
-3.3564
-3.3564
-3.3564
-3.3564
-3.3564
-3.3564
-3.3564
-3.3564
-3.3564
-3.3564
-3.3564
-3.3564
-3.3564
-3.3564
-3.3564
-3.3564
-3.3564
-3.3564
-3.3564
-3.3564
-3.3564
-3.3564
-3.3564
-3.3564
-3.3564
-3.24178
-3.24178
-3.24178
-3.24178
-3.24178
-3.24178
-3.24178
-3.24178
-3.24178
-3.24178
-3.24178
-3.24178
-2.91176
-2.73616
-2.73616
-2.73616
-2.73616
-2.73616
-2.73616
-2.73616
-2.73616
-2.73616
-2.73616
-2.73616
-2.73616
-2.73616
-2.73616
-2.73616
-2.73616
-2.73616
-2.73616
-2.73616
-2.73616
-2.73616
-2.73616
-2.73616
-2.73616
-2.73616
-2.73616
-2.73616
-2.73616
-2.73616
-2.73616
-2.73616
-2.73616
-2.73616
-2.73616
-2.73616
-2.73616
-2.73616
-2.73616
-2.73616
-2.73616
-2.73616
-2.73616
-2.73616
-2.73616
-2.73616
-2.73616
-2.73616
-2.73616
-2.73616
-2.73616
-2.73616
-2.73616
-2.73616
-2.73616
-2.73616
-2.73616
-2.73616
-2.73616
-2.73616
-2.73616
-2.73616
-2.73616
-2.73616
-2.73616
-2.73616
-2.73616
-2.73616
-2.73616
-2.73616
-2.73616
-2.73616
-2.73616
-2.73616
-2.73616
-2.73616
-2.73616
-2.73616
-2.73616
-2.73616
-2.73616
-2.73616
-2.73616
-2.73616
-2.73616
-2.73616
-2.73616
-2.73616
-2.73616
-2.73616
-2.73616
-2.73616
-2.73616
-2.73616
-2.73616
-2.73616
-2.73616
-2.73616
-2.73616
-2.73616
-2.73616
-2.73616
-2.73616
-2.73616
-2.73616
-2.73616
-2.73616
-2.73616
-2.73616
-2.73616
-2.73616
-2.73616
-2.73616
-2.73616
-2.73616
-2.73616
-2.73616
-2.73616
-2.73616
-2.73616
-2.73616
-2.73616
-2.73616
-2.73616
-2.73616
-2.73616
-2.73616
-2.73616
-2.73616
-2.73616
-2.73616
-2.73616
-2.73616
-2.73616
-2.73616
-2.73616
-2.73616
-2.73616
-2.73616
-2.73616
-2.73616
-2.73616
-2.73616
-2.73616
-2.73616
-2.73616
-2.73616
-2.73616
-2.73616
-2.73616
-2.73616
-2.73616
-2.73616
-2.73616
-2.73616
-2.73616
-2.73616
-2.40614
-2.40614
-2.40614
-2.40614
-2.40614
-2.40614
-2.40614
-2.40614
-2.40614
-2.40614
-2.40614
-2.40614
-2.40614
-2.40614
-2.40614
-2.40614
-2.40614
-2.40614
-2.40614
-2.40614
-2.40614
-2.40614
-2.40614
-2.40614
-2.40614
-2.40614
-2.40614
-2.40614
-2.40614
-2.40614
-2.40614
-2.40614
-2.40614
-2.40614
-2.40614
-2.40614
-2.40614
-2.40614
-2.40614
-2.40614
-2.40614
-2.40614
-2.40614
-2.40614
-2.40614
-2.40614
-2.40614
-2.40614
-2.40614
-2.40614
-2.40614
-2.40614
-2.40614
-2.40614
-2.40614
-2.40614
-2.40614
-2.40614
-2.40614
-2.40614
-2.40614
-2.40614
-2.40614
-2.40614
-2.40614
-2.40614
-2.40614
-2.40614
-2.40614
-2.40614
-2.40614
-2.40614
-2.40614
-2.40614
-2.40614
-2.40614
-2.40614
-2.40614
-2.40614
-2.40614
-2.40614
-2.40614
-2.40614
-2.40614
-1.90052
-1.90052
-1.90052
-1.90052
-1.90052
-1.90052
-1.90052
-1.90052
-1.90052
-1.90052
-1.90052
-1.90052
-1.90052
-1.90052
-1.90052
-1.90052
-1.90052
-1.90052
-1.90052
-1.90052
-1.7859
-1.7859
-1.7859
-1.7859
-1.7859
-1.7859
-1.7859
-1.7859
-1.7859
-1.7859
-1.7859
-1.7859
-1.7859
-1.7859
-1.7859
-1.7859
-1.7859
-1.7859
-1.7859
-1.7859
-1.7859
-1.7859
-1.7859
-1.7859
-1.7859
-1.7859
-1.7859
-1.7859
-1.7859
-1.7859
-1.7859
-1.7859
-1.7859
-1.7859
-1.7859
-1.7859
-1.7859
-1.7859
-1.7859
-1.7859
-1.7859
-1.7859
-1.7859
-1.7859
-1.7859
-1.7859
-1.7859
-1.7859
-1.7859
-1.7859
-1.7859
-1.7859
-1.7859
-1.7859
-1.7859
-1.7859
-1.7859
-1.7859
-1.7859
-1.7859
-1.7859
-1.7859
-1.7859
-1.7859
-1.7859
-1.7859
-1.7859
-1.7859
-1.7859
-1.7859
-1.7859
-1.7859
-1.7859
-1.7859
-1.7859
-1.7859
-1.7859
-1.7859
-1.7859
-1.7859
-1.7859
-1.7859
-1.7859
-1.7859
-1.7859
-1.7859
-1.7859
-1.7859
-1.7859
-1.7859
-1.7859
-1.7859
-1.7859
-1.7859
-1.7859
-1.7859
-1.7859
-1.7859
-1.7859
-1.7859
-1.7859
-1.7859
-1.7859
-1.7859
-1.7859
-1.7859
-1.7859
-1.7859
-1.7859
-1.7859
-1.7859
-1.7859
-1.7859
-1.7859
-1.7859
-1.7859
-1.7859
-1.7859
-1.7859
-1.7859
-1.45588
-1.45588
-1.45588
-1.45588
-1.45588
-1.45588
-1.45588
-1.45588
-1.45588
-1.45588
-1.45588
-1.45588
-1.45588
-1.45588
-1.45588
-1.45588
-1.45588
-1.45588
-1.45588
-1.45588
-1.45588
-1.45588
-1.45588
-1.45588
-1.45588
-1.45588
-1.45588
-1.45588
-1.45588
-1.45588
-1.45588
-1.45588
-1.45588
-1.45588
-1.45588
-1.45588
-1.28028
-1.28028
-1.28028
-1.28028
-1.28028
-1.28028
-1.28028
-1.28028
-1.28028
-1.28028
-1.28028
-1.28028
-1.28028
-1.28028
-1.28028
-1.28028
-0.950259
-0.950259
-0.950259
-0.950259
-0.950259
-0.950259
-0.950259
-0.950259
-0.950259
-0.950259
-0.950259
-0.950259
-0.950259
-0.950259
-0.950259
-0.950259
-0.950259
-0.950259
-0.950259
-0.950259
-0.950259
-0.950259
-0.950259
-0.950259
-0.950259
-0.950259
-0.950259
-0.950259
-0.950259
-0.950259
-0.950259
-0.950259
-0.950259
-0.950259
-0.950259
-0.950259
-0.950259
-0.950259
-0.950259
-0.950259
-0.950259
-0.950259
-0.950259
-0.950259
-0.950259
-0.950259
-0.950259
-0.950259
-0.950259
-0.950259
-0.950259
-0.950259
-0.950259
-0.950259
-0.950259
-0.950259
-0.950259
-0.950259
-0.950259
-0.950259
-0.950259
-0.950259
-0.950259
-0.950259
-0.950259
-0.950259
-0.950259
-0.950259
-0.950259
-0.950259
-0.950259
-0.950259
-0.950259
-0.950259
-0.950259
-0.950259
-0.950259
-0.950259
-0.950259
-0.950259
-0.950259
-0.950259
-0.950259
-0.950259
-0.950259
-0.950259
-0.950259
-0.950259
-0.950259
-0.950259
-0.950259
-0.950259
-0.950259
-0.950259
-0.950259
-0.950259
-0.950259
-0.950259
-0.950259
-0.950259
-0.950259
-0.950259
-0.950259
-0.950259
-0.950259
-0.950259
-0.950259
-0.950259
-0.950259
-0.950259
-0.950259
-0.950259
-0.950259
-0.950259
-0.950259
-0.950259
-0.950259
-0.950259
-0.950259
-0.950259
-0.835644
-0.835644
-0.835644
-0.835644
-0.835644
-0.835644
-0.835644
-0.835644
-0.835644
-0.835644
-0.835644
-0.835644
-0.620237
-0.620237
-0.620237
-0.620237
-0.620237
-0.620237
-0.620237
-0.620237
-0.620237
-0.620237
-0.620237
-0.620237
-0.620237
-0.620237
-0.620237
-0.620237
-0.505622
-0.505622
-0.505622
-0.505622
-0.330021
-0.330021
-0.330021
-0.330021
-0.330021
-0.330021
-0.330021
-0.330021
-0.330021
-0.330021
-0.330021
-0.330021
0
0
0
0
0
0
0
0
0
0
0
0
0
0
0
0
0
0
0
0
0
0
0
0
0
0
0
0
0
0
0
0
0
0
0
0
0
0
0
0
0
0
0
0
0
0
0
0
0
0
0
0
0
0
0
0
0
0
0
0
0
0
0
0
0
0
0
0
0
0
0
0
0
0
0
0
0
0
0
0
0
0
0
0
0
0
0
0
0
0
0
0
0
0
0
0
0
0
0
0
0
0
0
0
0
0
0
0
0
0
0
0
0
0
0
0
0
0
0
0
0
0
0
0
0
0
0
0
0
0
0
0
0
0
0
0
0
0
0
0
0
0
0
0
0
0
0
0
0
0
0
0
0
0
0
0
0
0
0
0
0
0
0
0
0
0
0
0
0
0
0
0
0
0
0
0
0
0
0
0
0
0
0
0
0
0
0
0
0
0
0
0
0
0
0
0
0
0
0
0
0
0
0
0
0
0
0
0
0
0
0
0
0
0
0
0
0
0
0
0
0
0
0
0
0
0
0
0
0
0
0
0
0
0
0
0
0
0
0
0
0
0
0
0
0
0
0
0
0
0
0
0
0
0
0
0
0
0
0
0
0
0
0
0
0
0
0
0
0
0
0
0
0
0
0
0
0
0
0
0
0
0
0
0
0
0
0
0
0
0
7.10543e-15
7.10543e-15
7.10543e-15
7.10543e-15
7.10543e-15
7.10543e-15
7.10543e-15
7.10543e-15
7.10543e-15
7.10543e-15
7.10543e-15
7.10543e-15
7.10543e-15
7.10543e-15
7.10543e-15
7.10543e-15
7.10543e-15
7.10543e-15
7.10543e-15
7.10543e-15
7.10543e-15
7.10543e-15
7.10543e-15
7.10543e-15
7.10543e-15
7.10543e-15
7.10543e-15
7.10543e-15
1.42109e-14
1.42109e-14
1.42109e-14
1.42109e-14
0.330021
0.330021
0.330021
0.330021
0.330021
0.330021
0.330021
0.330021
0.330021
0.330021
0.330021
0.330021
0.505622
0.505622
0.505622
0.505622
0.620237
0.620237
0.620237
0.620237
0.620237
0.620237
0.620237
0.620237
0.620237
0.620237
0.620237
0.620237
0.620237
0.620237
0.620237
0.620237
0.835644
0.835644
0.835644
0.835644
0.835644
0.835644
0.835644
0.835644
0.835644
0.835644
0.835644
0.835644
0.950259
0.950259
0.950259
0.950259
0.950259
0.950259
0.950259
0.950259
0.950259
0.950259
0.950259
0.950259
0.950259
0.950259
0.950259
0.950259
0.950259
0.950259
0.950259
0.950259
0.950259
0.950259
0.950259
0.950259
0.950259
0.950259
0.950259
0.950259
0.950259
0.950259
0.950259
0.950259
0.950259
0.950259
0.950259
0.950259
0.950259
0.950259
0.950259
0.950259
0.950259
0.950259
0.950259
0.950259
0.950259
0.950259
0.950259
0.950259
0.950259
0.950259
0.950259
0.950259
0.950259
0.950259
0.950259
0.950259
0.950259
0.950259
0.950259
0.950259
0.950259
0.950259
0.950259
0.950259
0.950259
0.950259
0.950259
0.950259
0.950259
0.950259
0.950259
0.950259
0.950259
0.950259
0.950259
0.950259
0.950259
0.950259
0.950259
0.950259
0.950259
0.950259
0.950259
0.950259
0.950259
0.950259
0.950259
0.950259
0.950259
0.950259
0.950259
0.950259
0.950259
0.950259
0.950259
0.950259
0.950259
0.950259
0.950259
0.950259
0.950259
0.950259
0.950259
0.950259
0.950259
0.950259
0.950259
0.950259
0.950259
0.950259
0.950259
0.950259
0.950259
0.950259
0.950259
0.950259
0.950259
0.950259
0.950259
0.950259
1.28028
1.28028
1.28028
1.28028
1.28028
1.28028
1.28028
1.28028
1.28028
1.28028
1.28028
1.28028
1.28028
1.28028
1.28028
1.28028
1.45588
1.45588
1.45588
1.45588
1.45588
1.45588
1.45588
1.45588
1.45588
1.45588
1.45588
1.45588
1.45588
1.45588
1.45588
1.45588
1.45588
1.45588
1.45588
1.45588
1.45588
1.45588
1.45588
1.45588
1.45588
1.45588
1.45588
1.45588
1.45588
1.45588
1.45588
1.45588
1.45588
1.45588
1.45588
1.45588
1.7859
1.7859
1.7859
1.7859
1.7859
1.7859
1.7859
1.7859
1.7859
1.7859
1.7859
1.7859
1.7859
1.7859
1.7859
1.7859
1.7859
1.7859
1.7859
1.7859
1.7859
1.7859
1.7859
1.7859
1.7859
1.7859
1.7859
1.7859
1.7859
1.7859
1.7859
1.7859
1.7859
1.7859
1.7859
1.7859
1.7859
1.7859
1.7859
1.7859
1.7859
1.7859
1.7859
1.7859
1.7859
1.7859
1.7859
1.7859
1.7859
1.7859
1.7859
1.7859
1.7859
1.7859
1.7859
1.7859
1.7859
1.7859
1.7859
1.7859
1.7859
1.7859
1.7859
1.7859
1.7859
1.7859
1.7859
1.7859
1.7859
1.7859
1.7859
1.7859
1.7859
1.7859
1.7859
1.7859
1.7859
1.7859
1.7859
1.7859
1.7859
1.7859
1.7859
1.7859
1.7859
1.7859
1.7859
1.7859
1.7859
1.7859
1.7859
1.7859
1.7859
1.7859
1.7859
1.7859
1.7859
1.7859
1.7859
1.7859
1.7859
1.7859
1.7859
1.7859
1.7859
1.7859
1.7859
1.7859
1.7859
1.7859
1.7859
1.7859
1.7859
1.7859
1.7859
1.7859
1.7859
1.7859
1.7859
1.7859
1.90052
1.90052
1.90052
1.90052
1.90052
1.90052
1.90052
1.90052
1.90052
1.90052
1.90052
1.90052
1.90052
1.90052
1.90052
1.90052
1.90052
1.90052
1.90052
1.90052
2.40614
2.40614
2.40614
2.40614
2.40614
2.40614
2.40614
2.40614
2.40614
2.40614
2.40614
2.40614
2.40614
2.40614
2.40614
2.40614
2.40614
2.40614
2.40614
2.40614
2.40614
2.40614
2.40614
2.40614
2.40614
2.40614
2.40614
2.40614
2.40614
2.40614
2.40614
2.40614
2.40614
2.40614
2.40614
2.40614
2.40614
2.40614
2.40614
2.40614
2.40614
2.40614
2.40614
2.40614
2.40614
2.40614
2.40614
2.40614
2.40614
2.40614
2.40614
2.40614
2.40614
2.40614
2.40614
2.40614
2.40614
2.40614
2.40614
2.40614
2.40614
2.40614
2.40614
2.40614
2.40614
2.40614
2.40614
2.40614
2.40614
2.40614
2.40614
2.40614
2.40614
2.40614
2.40614
2.40614
2.40614
2.40614
2.40614
2.40614
2.40614
2.40614
2.40614
2.40614
2.73616
2.73616
2.73616
2.73616
2.73616
2.73616
2.73616
2.73616
2.73616
2.73616
2.73616
2.73616
2.73616
2.73616
2.73616
2.73616
2.73616
2.73616
2.73616
2.73616
2.73616
2.73616
2.73616
2.73616
2.73616
2.73616
2.73616
2.73616
2.73616
2.73616
2.73616
2.73616
2.73616
2.73616
2.73616
2.73616
2.73616
2.73616
2.73616
2.73616
2.73616
2.73616
2.73616
2.73616
2.73616
2.73616
2.73616
2.73616
2.73616
2.73616
2.73616
2.73616
2.73616
2.73616
2.73616
2.73616
2.73616
2.73616
2.73616
2.73616
2.73616
2.73616
2.73616
2.73616
2.73616
2.73616
2.73616
2.73616
2.73616
2.73616
2.73616
2.73616
2.73616
2.73616
2.73616
2.73616
2.73616
2.73616
2.73616
2.73616
2.73616
2.73616
2.73616
2.73616
2.73616
2.73616
2.73616
2.73616
2.73616
2.73616
2.73616
2.73616
2.73616
2.73616
2.73616
2.73616
2.73616
2.73616
2.73616
2.73616
2.73616
2.73616
2.73616
2.73616
2.73616
2.73616
2.73616
2.73616
2.73616
2.73616
2.73616
2.73616
2.73616
2.73616
2.73616
2.73616
2.73616
2.73616
2.73616
2.73616
2.73616
2.73616
2.73616
2.73616
2.73616
2.73616
2.73616
2.73616
2.73616
2.73616
2.73616
2.73616
2.73616
2.73616
2.73616
2.73616
2.73616
2.73616
2.73616
2.73616
2.73616
2.73616
2.73616
2.73616
2.73616
2.73616
2.73616
2.73616
2.73616
2.73616
2.73616
2.73616
2.73616
2.73616
2.73616
2.73616
2.91176
3.24178
3.24178
3.24178
3.24178
3.24178
3.24178
3.24178
3.24178
3.24178
3.24178
3.24178
3.24178
3.3564
3.3564
3.3564
3.3564
3.3564
3.3564
3.3564
3.3564
3.3564
3.3564
3.3564
3.3564
3.3564
3.3564
3.3564
3.3564
3.3564
3.3564
3.3564
3.3564
3.3564
3.3564
3.3564
3.3564
3.3564
3.3564
3.3564
3.3564
3.3564
3.3564
3.3564
3.3564
3.3564
3.3564
3.3564
3.3564
3.5718
3.5718
3.5718
3.5718
3.5718
3.5718
3.5718
3.5718
3.5718
3.5718
3.5718
3.5718
3.5718
3.5718
3.5718
3.5718
3.5718
3.5718
3.5718
3.5718
3.68642
3.68642
3.68642
3.68642
3.68642
3.68642
3.68642
3.68642
3.68642
3.68642
3.68642
3.68642
3.68642
3.68642
3.68642
3.68642
3.68642
3.68642
3.68642
3.68642
3.68642
3.68642
3.68642
3.68642
3.68642
3.68642
3.68642
3.68642
3.68642
3.68642
3.68642
3.68642
3.68642
3.68642
3.68642
3.68642
3.68642
3.68642
3.68642
3.68642
3.68642
3.68642
3.68642
3.68642
3.68642
3.68642
3.68642
3.68642
3.68642
3.68642
3.68642
3.68642
3.68642
3.68642
3.68642
3.68642
3.68642
3.68642
3.68642
3.68642
3.68642
3.68642
3.68642
3.68642
3.68642
3.68642
3.68642
3.68642
3.68642
3.68642
3.68642
3.68642
4.19204
4.19204
4.19204
4.19204
4.19204
4.19204
4.19204
4.19204
4.19204
4.19204
4.19204
4.19204
4.19204
4.19204
4.19204
4.19204
4.19204
4.19204
4.19204
4.19204
4.19204
4.19204
4.19204
4.19204
4.19204
4.19204
4.19204
4.19204
4.19204
4.19204
4.19204
4.19204
4.19204
4.19204
4.19204
4.19204
4.19204
4.19204
4.19204
4.19204
4.19204
4.19204
4.19204
4.19204
4.19204
4.19204
4.19204
4.19204
4.19204
4.19204
4.19204
4.19204
4.19204
4.19204
4.19204
4.19204
4.19204
4.19204
4.19204
4.19204
4.19204
4.19204
4.19204
4.19204
4.19204
4.19204
4.19204
4.19204
4.19204
4.19204
4.19204
4.19204
4.19204
4.19204
4.19204
4.19204
4.19204
4.19204
4.19204
4.19204
4.19204
4.19204
4.19204
4.19204
4.19204
4.19204
4.19204
4.19204
4.19204
4.19204
4.19204
4.19204
4.19204
4.19204
4.19204
4.19204
4.19204
4.19204
4.19204
4.19204
4.19204
4.19204
4.19204
4.19204
4.19204
4.19204
4.19204
4.19204
4.19204
4.19204
4.19204
4.19204
4.19204
4.19204
4.19204
4.19204
4.19204
4.19204
4.19204
4.19204
4.52206
4.52206
4.52206
4.52206
4.52206
4.52206
4.52206
4.52206
4.52206
4.52206
4.52206
4.52206
4.52206
4.52206
4.52206
4.52206
4.52206
4.52206
4.52206
4.52206
4.52206
4.52206
4.52206
4.52206
4.52206
4.52206
4.52206
4.52206
4.52206
4.52206
4.52206
4.52206
4.52206
4.52206
4.52206
4.52206
4.52206
4.52206
4.52206
4.52206
4.52206
4.52206
4.52206
4.52206
4.52206
4.52206
4.52206
4.52206
4.52206
4.52206
4.52206
4.52206
4.52206
4.52206
4.52206
4.52206
4.52206
4.52206
4.52206
4.52206
4.52206
4.52206
4.52206
4.52206
4.52206
4.52206
4.52206
4.52206
4.52206
4.52206
4.52206
4.52206
4.81228
4.81228
4.81228
4.81228
4.81228
4.81228
4.81228
4.81228
4.81228
4.81228
4.81228
4.81228
4.81228
4.81228
4.81228
4.81228
5.1423
5.1423
5.1423
5.1423
5.1423
5.1423
5.1423
5.1423
5.1423
5.1423
5.1423
5.1423
5.1423
5.1423
5.1423
5.1423
5.1423
5.1423
5.1423
5.1423
5.1423
5.1423
5.1423
5.1423
5.1423
5.1423
5.1423
5.1423
5.1423
5.1423
5.1423
5.1423
5.1423
5.1423
5.1423
5.1423
5.1423
5.1423
5.1423
5.1423
5.1423
5.1423
5.1423
5.1423
5.1423
5.1423
5.1423
5.1423
5.1423
5.1423
5.1423
5.1423
5.1423
5.1423
5.1423
5.1423
5.1423
5.1423
5.1423
5.1423
5.1423
5.1423
5.1423
5.1423
5.1423
5.1423
5.1423
5.1423
5.1423
5.1423
5.1423
5.1423
5.1423
5.1423
5.1423
5.1423
5.1423
5.1423
5.1423
5.1423
5.1423
5.1423
5.1423
5.1423
5.1423
5.1423
5.1423
5.1423
5.1423
5.1423
5.1423
5.1423
5.1423
5.1423
5.1423
5.1423
5.1423
5.1423
5.1423
5.1423
5.1423
5.1423
5.1423
5.1423
5.1423
5.1423
5.1423
5.1423
5.1423
5.1423
5.1423
5.1423
5.1423
5.1423
5.1423
5.1423
5.1423
5.1423
5.1423
5.1423
5.1423
5.1423
5.1423
5.1423
5.1423
5.1423
5.1423
5.1423
5.1423
5.1423
5.1423
5.1423
5.1423
5.1423
5.1423
5.1423
5.1423
5.1423
5.1423
5.1423
5.1423
5.1423
5.1423
5.1423
5.1423
5.1423
5.1423
5.1423
5.1423
5.1423
5.1423
5.1423
5.1423
5.1423
5.1423
5.1423
5.47232
5.47232
5.47232
5.47232
5.47232
5.47232
5.47232
5.47232
5.47232
5.47232
5.47232
5.47232
5.47232
5.47232
5.47232
5.47232
5.47232
5.47232
5.47232
5.47232
5.47232
5.47232
5.47232
5.47232
5.47232
5.47232
5.47232
5.47232
5.47232
5.47232
5.47232
5.47232
5.47232
5.47232
5.47232
5.47232
5.47232
5.47232
5.47232
5.47232
5.47232
5.47232
5.47232
5.47232
5.47232
5.47232
5.47232
5.47232
5.47232
5.47232
5.47232
5.47232
5.47232
5.47232
5.47232
5.47232
5.47232
5.47232
5.47232
5.47232
5.47232
5.47232
5.47232
5.47232
5.47232
5.47232
5.47232
5.47232
5.47232
5.47232
5.47232
5.47232
5.47232
5.47232
5.47232
5.47232
5.47232
5.47232
5.47232
5.47232
5.47232
5.47232
5.47232
5.47232
5.47232
5.47232
5.47232
5.47232
5.47232
5.47232
5.47232
5.47232
5.47232
5.47232
5.47232
5.47232
5.47232
5.47232
5.97794
5.97794
5.97794
5.97794
5.97794
5.97794
5.97794
5.97794
5.97794
5.97794
5.97794
5.97794
5.97794
5.97794
5.97794
5.97794
5.97794
5.97794
5.97794
5.97794
5.97794
5.97794
5.97794
5.97794
6.09256
6.09256
6.09256
6.09256
6.09256
6.09256
6.09256
6.09256
6.09256
6.09256
6.09256
6.09256
6.09256
6.09256
6.09256
6.09256
6.09256
6.09256
6.09256
6.09256
6.09256
6.09256
6.09256
6.09256
6.09256
6.09256
6.09256
6.09256
6.09256
6.09256
6.09256
6.09256
6.09256
6.09256
6.09256
6.09256
6.09256
6.09256
6.09256
6.09256
6.09256
6.09256
6.09256
6.09256
6.09256
6.09256
6.09256
6.09256
6.09256
6.09256
6.09256
6.09256
6.09256
6.09256
6.09256
6.09256
6.09256
6.09256
6.09256
6.09256
6.09256
6.09256
6.09256
6.09256
6.09256
6.09256
6.09256
6.09256
6.09256
6.09256
6.09256
6.09256
6.30797
6.30797
6.30797
6.30797
6.42258
6.42258
6.42258
6.42258
6.42258
6.42258
6.42258
6.42258
6.42258
6.42258
6.42258
6.42258
6.42258
6.42258
6.42258
6.42258
6.59818
6.59818
6.59818
6.59818
6.59818
6.59818
6.59818
6.59818
6.59818
6.59818
6.59818
6.59818
6.59818
6.59818
6.59818
6.59818
6.59818
6.59818
6.59818
6.59818
6.59818
6.59818
6.59818
6.59818
6.7128
6.9282
6.9282
6.9282
6.9282
6.9282
6.9282
6.9282
6.9282
6.9282
6.9282
6.9282
6.9282
6.9282
6.9282
6.9282
6.9282
6.9282
6.9282
6.9282
6.9282
6.9282
6.9282
6.9282
6.9282
6.9282
6.9282
6.9282
6.9282
6.9282
6.9282
6.9282
6.9282
6.9282
6.9282
6.9282
6.9282
6.9282
6.9282
6.9282
6.9282
6.9282
6.9282
6.9282
6.9282
6.9282
6.9282
6.9282
6.9282
6.9282
6.9282
6.9282
6.9282
6.9282
6.9282
6.9282
6.9282
6.9282
6.9282
6.9282
6.9282
6.9282
6.9282
6.9282
6.9282
6.9282
6.9282
6.9282
6.9282
6.9282
6.9282
6.9282
6.9282
6.9282
6.9282
6.9282
6.9282
6.9282
6.9282
6.9282
6.9282
6.9282
6.9282
6.9282
6.9282
6.9282
6.9282
6.9282
6.9282
6.9282
6.9282
6.9282
6.9282
6.9282
6.9282
6.9282
6.9282
6.9282
6.9282
6.9282
6.9282
6.9282
6.9282
6.9282
6.9282
6.9282
6.9282
6.9282
6.9282
6.9282
6.9282
6.9282
6.9282
6.9282
6.9282
6.9282
6.9282
7.04282
7.04282
7.04282
7.04282
7.25822
7.25822
7.25822
7.25822
7.25822
7.25822
7.25822
7.25822
7.25822
7.25822
7.25822
7.25822
7.25822
7.25822
7.25822
7.25822
7.25822
7.25822
7.25822
7.25822
7.25822
7.25822
7.25822
7.25822
7.37284
7.37284
7.37284
7.37284
7.54844
7.54844
7.54844
7.54844
7.54844
7.54844
7.54844
7.54844
7.54844
7.54844
7.54844
7.54844
7.54844
7.54844
7.54844
7.54844
7.54844
7.54844
7.54844
7.54844
7.54844
7.54844
7.54844
7.54844
7.87846
7.87846
7.87846
7.87846
7.87846
7.87846
7.87846
7.87846
7.87846
7.87846
7.87846
7.87846
7.87846
7.87846
7.87846
7.87846
7.87846
7.87846
7.87846
7.87846
7.87846
7.87846
7.87846
7.87846
7.87846
7.87846
7.87846
7.87846
7.87846
7.87846
7.87846
7.87846
7.87846
7.87846
7.87846
7.87846
7.87846
7.87846
7.87846
7.87846
7.87846
7.87846
7.87846
7.87846
7.87846
7.87846
7.87846
7.87846
7.87846
7.87846
7.87846
7.87846
7.87846
7.87846
7.87846
7.87846
7.87846
7.87846
7.87846
7.87846
7.87846
7.87846
7.87846
7.87846
7.87846
7.87846
7.87846
7.87846
7.87846
7.87846
7.87846
7.87846
7.87846
7.87846
7.87846
7.87846
7.87846
7.87846
7.87846
7.87846
7.87846
7.87846
7.87846
7.87846
7.87846
7.87846
7.87846
7.87846
7.87846
7.87846
7.87846
7.87846
7.87846
7.87846
7.87846
7.87846
7.87846
7.87846
7.87846
7.87846
7.87846
7.87846
7.87846
7.87846
7.87846
7.87846
7.87846
7.87846
7.87846
7.87846
7.87846
7.87846
7.87846
7.87846
7.87846
7.87846
7.87846
7.87846
7.87846
7.87846
7.87846
7.87846
7.87846
7.87846
7.87846
7.87846
7.87846
7.87846
7.87846
7.87846
7.87846
7.87846
7.87846
7.87846
7.87846
7.87846
7.87846
7.87846
7.87846
7.87846
7.87846
7.87846
7.87846
7.87846
7.87846
7.87846
7.87846
7.87846
7.87846
7.87846
7.87846
7.87846
7.87846
7.87846
7.87846
7.87846
8.20848
8.20848
8.20848
8.20848
8.20848
8.20848
8.20848
8.20848
8.38408
8.38408
8.38408
8.38408
8.38408
8.38408
8.38408
8.38408
8.38408
8.38408
8.38408
8.38408
8.38408
8.38408
8.38408
8.38408
8.38408
8.38408
8.38408
8.38408
8.4987
8.4987
8.4987
8.4987
8.4987
8.4987
8.4987
8.4987
8.4987
8.4987
8.4987
8.4987
8.4987
8.4987
8.4987
8.4987
8.71411
8.71411
8.71411
8.71411
8.71411
8.71411
8.71411
8.71411
8.71411
8.71411
8.71411
8.71411
8.71411
8.71411
8.71411
8.71411
8.71411
8.71411
8.71411
8.71411
8.71411
8.71411
8.71411
8.71411
8.82872
8.82872
8.82872
8.82872
8.82872
8.82872
8.82872
8.82872
8.82872
8.82872
8.82872
8.82872
8.82872
8.82872
8.82872
8.82872
8.82872
8.82872
8.82872
8.82872
8.82872
8.82872
8.82872
8.82872
8.82872
8.82872
8.82872
8.82872
8.82872
8.82872
8.82872
8.82872
8.82872
8.82872
8.82872
8.82872
9.04413
9.04413
9.04413
9.04413
9.33434
9.33434
9.33434
9.33434
9.33434
9.33434
9.33434
9.33434
9.33434
9.33434
9.33434
9.33434
9.33434
9.33434
9.33434
9.33434
9.33434
9.33434
9.33434
9.33434
9.33434
9.33434
9.33434
9.33434
9.33434
9.33434
9.33434
9.33434
9.33434
9.33434
9.33434
9.33434
9.33434
9.33434
9.33434
9.33434
9.33434
9.33434
9.33434
9.33434
9.33434
9.33434
9.33434
9.33434
9.33434
9.33434
9.33434
9.33434
9.33434
9.33434
9.33434
9.33434
9.33434
9.33434
9.33434
9.33434
9.33434
9.33434
9.33434
9.33434
9.33434
9.33434
9.33434
9.33434
9.33434
9.33434
9.33434
9.33434
9.33434
9.33434
9.33434
9.33434
9.66436
9.66436
9.66436
9.66436
9.66436
9.66436
9.66436
9.66436
9.66436
9.66436
9.66436
9.66436
9.66436
9.66436
9.66436
9.66436
9.66436
9.66436
9.66436
9.66436
9.66436
9.66436
9.66436
9.66436
9.66436
9.66436
9.66436
9.66436
9.66436
9.66436
9.66436
9.66436
9.66436
9.66436
9.66436
9.66436
9.66436
9.66436
9.66436
9.66436
9.66436
9.66436
9.66436
9.66436
9.66436
9.66436
9.66436
9.66436
9.66436
9.66436
9.66436
9.66436
9.66436
9.66436
9.66436
9.66436
9.66436
9.66436
9.66436
9.66436
9.66436
9.66436
9.66436
9.66436
9.66436
9.66436
9.66436
9.66436
9.66436
9.66436
9.66436
9.66436
9.66436
9.66436
9.66436
9.66436
9.66436
9.66436
9.66436
9.66436
9.66436
9.66436
9.66436
9.66436
9.66436
9.66436
9.66436
9.66436
9.66436
9.66436
9.66436
9.66436
9.66436
9.66436
9.66436
9.66436
9.66436
9.66436
9.66436
9.66436
9.66436
9.66436
9.66436
9.66436
9.66436
9.66436
9.66436
9.66436
9.66436
9.66436
9.66436
9.66436
9.66436
9.66436
9.66436
9.66436
9.66436
9.66436
9.66436
9.66436
10.2846
10.2846
10.2846
10.2846
10.2846
10.2846
10.2846
10.2846
10.2846
10.2846
10.2846
10.2846
10.2846
10.2846
10.2846
10.2846
10.2846
10.2846
10.2846
10.2846
10.2846
10.2846
10.2846
10.2846
10.2846
10.2846
10.2846
10.2846
10.2846
10.2846
10.2846
10.2846
10.2846
10.2846
10.2846
10.2846
10.2846
10.2846
10.2846
10.2846
10.2846
10.2846
10.2846
10.2846
10.2846
10.2846
10.2846
10.2846
10.2846
10.2846
10.2846
10.2846
10.2846
10.2846
10.2846
10.2846
10.2846
10.2846
10.2846
10.2846
10.2846
10.2846
10.2846
10.2846
10.2846
10.2846
10.2846
10.2846
10.2846
10.2846
10.2846
10.2846
10.2846
10.2846
10.2846
10.2846
10.2846
10.2846
10.2846
10.2846
10.2846
10.2846
10.2846
10.2846
10.2846
10.2846
10.2846
10.2846
10.2846
10.2846
10.2846
10.2846
10.2846
10.2846
10.2846
10.2846
10.2846
10.2846
10.6146
10.6146
10.6146
10.6146
10.6146
10.6146
10.6146
10.6146
10.6146
10.6146
10.6146
10.6146
10.6146
10.6146
10.6146
10.6146
10.6146
10.6146
10.6146
10.6146
10.6146
10.6146
10.6146
10.6146
10.6146
10.6146
10.6146
10.6146
10.6146
10.6146
10.6146
10.6146
10.6146
10.6146
10.6146
10.6146
10.6146
10.6146
10.6146
10.6146
10.6146
10.6146
10.6146
10.6146
10.6146
10.6146
10.6146
10.6146
10.6146
10.6146
10.6146
10.6146
10.6146
10.6146
10.6146
10.6146
10.6146
10.6146
10.6146
10.6146
10.6146
10.6146
10.6146
10.6146
10.6146
10.6146
10.6146
10.6146
10.6146
10.6146
10.6146
10.6146
10.6146
10.6146
10.6146
10.6146
10.6146
10.6146
10.6146
10.6146
10.6146
10.6146
10.6146
10.6146
10.9446
10.9446
10.9446
10.9446
11.1202
11.1202
11.1202
11.1202
11.1202
11.1202
11.1202
11.1202
11.1202
11.1202
11.1202
11.1202
11.1202
11.1202
11.1202
11.1202
11.1202
11.1202
11.1202
11.1202
11.1202
11.1202
11.1202
11.1202
11.2349
11.2349
11.2349
11.2349
11.2349
11.2349
11.2349
11.2349
11.2349
11.2349
11.2349
11.2349
11.2349
11.2349
11.2349
11.2349
11.2349
11.2349
11.2349
11.2349
11.2349
11.2349
11.2349
11.2349
11.4503
11.4503
11.4503
11.4503
11.4503
11.4503
11.4503
11.4503
11.4503
11.4503
11.4503
11.4503
11.5649
11.5649
11.5649
11.5649
11.5649
11.5649
11.5649
11.5649
11.5649
11.5649
11.5649
11.5649
11.5649
11.5649
11.5649
11.5649
11.5649
11.5649
11.5649
11.5649
11.5649
11.5649
11.5649
11.5649
12.0705
12.0705
12.0705
12.0705
12.0705
12.0705
12.0705
12.0705
12.0705
12.0705
12.0705
12.0705
12.0705
12.0705
12.0705
12.0705
12.0705
12.0705
12.0705
12.0705
12.0705
12.0705
12.0705
12.0705
12.0705
12.0705
12.0705
12.0705
12.0705
12.0705
12.0705
12.0705
12.0705
12.0705
12.0705
12.0705
12.0705
12.0705
12.0705
12.0705
12.0705
12.0705
12.0705
12.0705
12.0705
12.0705
12.0705
12.0705
12.0705
12.0705
12.0705
12.0705
12.0705
12.0705
12.0705
12.0705
12.0705
12.0705
12.0705
12.0705
12.0705
12.0705
12.0705
12.0705
12.0705
12.0705
12.0705
12.0705
12.0705
12.0705
12.0705
12.0705
12.0705
12.0705
12.0705
12.0705
12.0705
12.0705
12.0705
12.0705
12.0705
12.0705
12.0705
12.0705
12.0705
12.0705
12.0705
12.0705
12.0705
12.0705
12.0705
12.0705
12.0705
12.0705
12.0705
12.0705
12.0705
12.0705
12.0705
12.0705
12.0705
12.0705
12.0705
12.0705
12.0705
12.0705
12.0705
12.0705
12.0705
12.0705
12.0705
12.0705
12.0705
12.0705
12.0705
12.0705
12.0705
12.0705
12.0705
12.0705
12.1851
12.1851
12.1851
12.1851
12.4005
12.4005
12.4005
12.4005
12.4005
12.4005
12.4005
12.4005
12.4005
12.4005
12.4005
12.4005
12.4005
12.4005
12.4005
12.4005
12.4005
12.4005
12.4005
12.4005
12.4005
12.4005
12.4005
12.4005
12.4005
12.4005
12.4005
12.4005
12.4005
12.4005
12.4005
12.4005
12.4005
12.4005
12.4005
12.4005
13.0208
13.0208
13.0208
13.0208
13.0208
13.0208
13.0208
13.0208
13.0208
13.0208
13.0208
13.0208
13.0208
13.0208
13.0208
13.0208
13.0208
13.0208
13.0208
13.0208
13.0208
13.0208
13.0208
13.0208
13.0208
13.0208
13.0208
13.0208
13.0208
13.0208
13.0208
13.0208
13.0208
13.0208
13.0208
13.0208
13.0208
13.0208
13.0208
13.0208
13.0208
13.0208
13.0208
13.0208
13.0208
13.0208
13.0208
13.0208
13.0208
13.0208
13.0208
13.0208
13.0208
13.0208
13.0208
13.0208
13.0208
13.0208
13.0208
13.0208
13.0208
13.0208
13.0208
13.0208
13.0208
13.0208
13.0208
13.0208
13.0208
13.0208
13.0208
13.0208
13.0208
13.0208
13.0208
13.0208
13.0208
13.0208
13.0208
13.0208
13.0208
13.0208
13.0208
13.0208
13.3508
13.3508
13.3508
13.3508
13.3508
13.3508
13.3508
13.3508
13.3508
13.3508
13.3508
13.3508
13.3508
13.3508
13.3508
13.3508
13.3508
13.3508
13.3508
13.3508
13.3508
13.3508
13.3508
13.3508
13.8564
13.8564
13.8564
13.8564
13.8564
13.8564
13.8564
13.8564
13.8564
13.8564
13.8564
13.8564
13.8564
13.8564
13.8564
13.8564
13.8564
13.8564
13.8564
13.8564
13.8564
13.8564
13.8564
13.8564
13.8564
13.8564
13.8564
13.8564
13.8564
13.8564
13.8564
13.8564
13.8564
13.8564
13.8564
13.8564
13.8564
13.8564
13.8564
13.8564
13.8564
13.8564
13.8564
13.8564
13.8564
13.8564
13.8564
13.8564
13.8564
13.8564
13.8564
13.8564
13.8564
13.8564
13.8564
13.8564
13.8564
13.8564
13.8564
13.8564
13.8564
13.8564
13.8564
13.8564
13.8564
13.8564
13.971
13.971
13.971
13.971
13.971
13.971
13.971
13.971
13.971
13.971
13.971
13.971
13.971
13.971
13.971
13.971
14.4766
14.4766
14.4766
14.4766
14.4766
14.4766
14.4766
14.4766
14.4766
14.4766
14.4766
14.4766
14.4766
14.4766
14.4766
14.4766
14.8067
14.8067
14.8067
14.8067
14.8067
14.8067
14.8067
14.8067
14.8067
14.8067
14.8067
14.8067
14.8067
14.8067
14.8067
14.8067
14.8067
14.8067
14.8067
14.8067
14.8067
14.8067
14.8067
14.8067
14.8067
14.8067
14.8067
14.8067
14.8067
14.8067
14.8067
14.8067
14.8067
14.8067
14.8067
14.8067
14.8067
14.8067
14.8067
14.8067
14.8067
14.8067
14.8067
14.8067
14.8067
14.8067
14.8067
14.8067
14.8067
14.8067
14.8067
14.8067
14.8067
14.8067
14.8067
14.8067
14.8067
14.8067
14.8067
14.8067
14.8067
14.8067
14.8067
14.8067
14.8067
14.8067
14.8067
14.8067
14.8067
14.8067
14.8067
14.8067
14.8067
14.8067
14.8067
14.8067
14.8067
14.8067
14.8067
14.8067
14.8067
14.8067
14.8067
14.8067
14.8067
14.8067
14.8067
14.8067
14.8067
14.8067
14.8067
14.8067
14.8067
14.8067
14.8067
14.8067
14.8067
14.8067
14.8067
14.8067
14.8067
14.8067
14.8067
14.8067
14.8067
14.8067
14.8067
14.8067
14.8067
14.8067
14.8067
14.8067
14.8067
14.8067
14.8067
14.8067
14.8067
14.8067
14.8067
14.8067
15.1367
15.1367
15.1367
15.1367
15.1367
15.1367
15.1367
15.1367
15.1367
15.1367
15.1367
15.1367
15.1367
15.1367
15.1367
15.1367
15.4269
15.4269
15.4269
15.4269
15.4269
15.4269
15.4269
15.4269
15.7569
15.7569
15.7569
15.7569
15.7569
15.7569
15.7569
15.7569
15.7569
15.7569
15.7569
15.7569
15.7569
15.7569
15.7569
15.7569
15.7569
15.7569
15.7569
15.7569
15.7569
15.7569
15.7569
15.7569
15.7569
15.7569
15.7569
15.7569
15.7569
15.7569
15.7569
15.7569
15.7569
15.7569
15.7569
15.7569
15.7569
15.7569
15.7569
15.7569
15.7569
15.7569
15.7569
15.7569
15.7569
15.7569
15.7569
15.7569
15.7569
15.7569
15.7569
15.7569
15.7569
15.7569
15.7569
15.7569
15.7569
15.7569
15.7569
15.7569
15.7569
15.7569
15.7569
15.7569
15.7569
15.7569
15.7569
15.7569
15.7569
15.7569
15.7569
15.7569
15.7569
15.7569
15.7569
15.7569
15.7569
15.7569
15.7569
15.7569
15.7569
15.7569
15.7569
15.7569
15.7569
15.7569
15.7569
15.7569
15.7569
15.7569
15.7569
15.7569
15.7569
15.7569
15.7569
15.7569
15.7569
15.7569
16.2625
16.2625
16.2625
16.2625
16.2625
16.2625
16.2625
16.2625
16.2625
16.2625
16.2625
16.2625
16.5926
16.5926
16.5926
16.5926
16.5926
16.5926
16.5926
16.5926
16.5926
16.5926
16.5926
16.5926
16.5926
16.5926
16.5926
16.5926
16.5926
16.5926
16.5926
16.5926
16.5926
16.5926
16.5926
16.5926
16.7072
16.7072
16.7072
16.7072
16.7072
16.7072
16.7072
16.7072
16.7072
16.7072
16.7072
16.7072
16.7072
16.7072
16.7072
16.7072
17.2128
17.2128
17.2128
17.2128
17.2128
17.2128
17.2128
17.2128
17.2128
17.2128
17.2128
17.2128
17.2128
17.2128
17.2128
17.2128
17.2128
17.2128
17.2128
17.2128
17.2128
17.2128
17.2128
17.2128
17.2128
17.2128
17.2128
17.2128
17.2128
17.2128
17.2128
17.2128
17.2128
17.2128
17.2128
17.2128
17.5428
17.5428
17.5428
17.5428
17.5428
17.5428
17.5428
17.5428
17.5428
17.5428
17.5428
17.5428
17.5428
17.5428
17.5428
17.5428
17.5428
17.5428
17.5428
17.5428
17.5428
17.5428
17.5428
17.5428
17.5428
17.5428
17.5428
17.5428
17.5428
17.5428
17.5428
17.5428
17.5428
17.5428
17.5428
17.5428
17.5428
17.5428
17.5428
17.5428
17.5428
17.5428
17.5428
17.5428
17.5428
17.5428
17.5428
17.5428
17.5428
17.5428
17.5428
17.5428
17.5428
17.5428
17.5428
17.5428
17.5428
17.5428
17.5428
17.5428
17.5428
17.5428
17.5428
17.5428
17.5428
17.5428
17.5428
17.5428
17.5428
17.5428
17.5428
17.5428
17.6574
18.1631
18.1631
18.1631
18.1631
18.1631
18.1631
18.1631
18.1631
18.1631
18.1631
18.1631
18.1631
18.4931
18.4931
18.4931
18.4931
18.4931
18.4931
18.4931
18.4931
18.4931
18.4931
18.4931
18.4931
18.6687
18.6687
18.6687
18.6687
18.9987
18.9987
18.9987
18.9987
18.9987
18.9987
18.9987
18.9987
18.9987
18.9987
18.9987
18.9987
18.9987
18.9987
18.9987
18.9987
18.9987
18.9987
18.9987
18.9987
18.9987
18.9987
18.9987
18.9987
19.3287
19.3287
19.3287
19.3287
19.3287
19.3287
19.3287
19.3287
19.3287
19.3287
19.3287
19.3287
19.3287
19.3287
19.3287
19.3287
19.3287
19.3287
19.3287
19.3287
19.949
19.949
19.949
19.949
19.949
19.949
19.949
19.949
19.949
19.949
19.949
19.949
19.949
19.949
19.949
19.949
19.949
19.949
19.949
19.949
19.949
19.949
19.949
19.949
19.949
19.949
19.949
19.949
19.949
19.949
19.949
19.949
19.949
19.949
19.949
19.949
19.949
19.949
19.949
19.949
19.949
19.949
19.949
19.949
19.949
19.949
19.949
19.949
19.949
19.949
19.949
19.949
19.949
19.949
19.949
19.949
19.949
19.949
19.949
19.949
19.949
19.949
19.949
19.949
19.949
19.949
19.949
19.949
19.949
19.949
19.949
19.949
20.279
20.279
20.279
20.279
20.279
20.279
20.279
20.279
20.279
20.279
20.279
20.279
20.279
20.279
20.279
20.279
20.5692
20.5692
20.5692
20.5692
20.8992
20.8992
20.8992
20.8992
20.8992
20.8992
20.8992
20.8992
20.8992
20.8992
20.8992
20.8992
20.8992
20.8992
20.8992
20.8992
20.8992
20.8992
20.8992
20.8992
20.8992
20.8992
20.8992
20.8992
21.2292
21.2292
21.2292
21.2292
21.2292
21.2292
21.2292
21.2292
21.2292
21.2292
21.2292
21.2292
21.2292
21.2292
21.2292
21.2292
21.4048
21.4048
21.4048
21.4048
21.7349
21.7349
21.7349
21.7349
21.7349
21.7349
21.7349
21.7349
21.7349
21.7349
21.7349
21.7349
21.7349
21.7349
21.7349
21.7349
21.7349
21.7349
21.7349
21.7349
21.7349
21.7349
21.7349
21.7349
22.3551
22.3551
22.3551
22.3551
22.3551
22.3551
22.3551
22.3551
22.3551
22.3551
22.3551
22.3551
22.3551
22.3551
22.3551
22.3551
22.6851
22.6851
22.6851
22.6851
22.6851
22.6851
22.6851
22.6851
22.6851
22.6851
22.6851
22.6851
22.6851
22.6851
22.6851
22.6851
22.6851
22.6851
22.6851
22.6851
22.6851
22.6851
22.6851
22.6851
22.6851
22.6851
22.6851
22.6851
22.6851
22.6851
22.6851
22.6851
22.6851
22.6851
22.6851
22.6851
23.6354
23.6354
23.6354
23.6354
23.6354
23.6354
23.6354
23.6354
24.141
24.141
24.141
24.141
24.141
24.141
24.141
24.141
24.141
24.141
24.141
24.141
24.141
24.141
24.141
24.141
24.141
24.141
24.141
24.141
24.471
24.471
24.471
24.471
24.471
24.471
24.471
24.471
24.471
24.471
24.471
24.471
24.8011
25.0913
25.0913
25.0913
25.0913
25.0913
25.0913
25.0913
25.0913
25.0913
25.0913
25.0913
25.0913
25.0913
25.0913
25.0913
25.0913
25.0913
25.0913
25.0913
25.0913
25.0913
25.0913
25.0913
25.0913
25.4213
25.4213
25.4213
25.4213
25.4213
25.4213
25.4213
25.4213
25.4213
25.4213
25.4213
25.4213
25.4213
25.4213
25.4213
25.4213
25.4213
25.4213
25.4213
25.4213
25.4213
25.4213
25.4213
25.4213
26.0415
26.0415
26.0415
26.0415
26.0415
26.0415
26.0415
26.0415
26.0415
26.0415
26.0415
26.0415
26.0415
26.0415
26.0415
26.0415
26.8772
26.8772
26.8772
26.8772
26.8772
26.8772
26.8772
26.8772
26.8772
26.8772
26.8772
26.8772
27.2072
27.2072
27.2072
27.2072
27.8274
27.8274
27.8274
27.8274
27.8274
27.8274
27.8274
27.8274
27.8274
27.8274
27.8274
27.8274
27.8274
27.8274
27.8274
27.8274
29.6133
29.6133
29.6133
29.6133
29.6133
29.6133
29.6133
29.6133
29.6133
29.6133
29.6133
29.6133
29.6133
29.6133
29.6133
29.6133
29.6133
29.6133
29.6133
29.6133
30.5636
30.5636
30.5636
30.5636
30.5636
30.5636
30.5636
30.5636
30.5636
30.5636
30.5636
30.5636
30.5636
30.5636
30.5636
30.5636
31.5138
31.5138
31.5138
31.5138
34.4256
34.7556
34.7556
34.7556
34.7556
35.0857
35.0857
35.0857
35.0857
39.8979
39.8979
39.8979
39.8979
45.3703
