-39.9879 6
-38.7383 4
-37.4886 4
-36.239 16
-34.9894 16
-33.7398 2
-32.4901 9
-31.2405 52
-29.9909 49
-28.7413 64
-27.4917 94
-26.242 109
-24.9924 126
-23.7428 151
-22.4932 240
-21.2436 279
-19.9939 293
-18.7443 420
-17.4947 505
-16.2451 533
-14.9955 661
-13.7458 728
-12.4962 925
-11.2466 922
-9.99697 1144
-8.74735 1169
-7.49773 1368
-6.2481 1354
-4.99848 1446
-3.74886 1668
-2.49924 1630
-1.24962 1736
0 1795
1.24962 1829
2.49924 1939
3.74886 1895
4.99848 1794
6.2481 1788
7.49773 2054
8.74735 1561
9.99697 1595
11.2466 1425
12.4962 1440
13.7458 1299
14.9955 1188
16.2451 1176
17.4947 1036
18.7443 1000
19.9939 897
21.2436 744
22.4932 604
23.7428 522
24.9924 426
26.242 290
27.4917 266
28.7413 228
29.9909 182
31.2405 164
32.4901 139
33.7398 138
34.9894 113
36.239 114
37.4886 85
38.7383 59
39.9879 28
