-45.3703 2
-43.9352 8
-43.7128 8
-43.0503 8
-41.5692 6
-41.1701 32
-40.6215 16
-40.2187 8
-39.8979 8
-38.6274 16
-38.4779 32
-37.8564 56
-36.1082 32
-35.7128 96
-35.3137 64
-35.0857 8
-35.0503 16
-34.7556 8
-34.5306 32
-34.4256 2
-34.0958 32
-33.1701 64
-32.6215 96
-32 32
-31.5138 8
-31.2169 64
-30.5636 32
-30.541 32
-29.8564 472
-29.8535 32
-29.6133 40
-29.166 8
-29.0733 128
-28.905 32
-28.7846 32
-28.7183 32
-28.4389 32
-28.1082 64
-27.9728 8
-27.9352 8
-27.8274 32
-27.7128 128
-27.4514 32
-27.3137 352
-27.2072 8
-27.0503 8
-26.9222 32
-26.8772 24
-26.0415 32
-25.5251 128
-25.4366 32
-25.4213 48
-25.4046 64
-25.1701 64
-25.126 8
-25.0913 48
-24.8011 2
-24.7846 128
-24.6215 224
-24.471 24
-24.2187 8
-24.141 40
-24.1094 128
-24.016 32
-24 552
-23.9804 32
-23.6354 16
-23.6085 64
-23.5988 128
-23.261 128
-23.2169 384
-22.9282 128
-22.7821 128
-22.7416 32
-22.6851 72
-22.6274 32
-22.541 64
-22.3551 32
-22.0541 64
-21.8564 1552
-21.8535 64
-21.8123 16
-21.7662 128
-21.7349 48
-21.4649 128
-21.4048 8
-21.3078 8
-21.2292 32
-21.166 16
-20.905 32
-20.8992 48
-20.7023 64
-20.5692 8
-20.5093 128
-20.4389 64
-20.279 32
-20.1082 32
-19.949 144
-19.7798 32
-19.7128 96
-19.6687 32
-19.4514 64
-19.3287 40
-19.3137 888
-19.2705 64
-18.9987 48
-18.9282 512
-18.6687 8
-18.583 128
-18.5587 128
-18.5427 32
-18.5306 32
-18.4931 24
-18.4525 128
-18.1631 24
-18.0958 32
-18.0317 8
-17.9864 128
-17.8564 64
-17.7257 64
-17.6574 2
-17.5913 8
-17.5428 144
-17.5251 256
-17.4046 384
-17.3442 32
-17.2128 72
-17.1701 64
-17.1252 32
-17.0382 32
-16.7846 128
-16.7072 32
-16.6591 32
-16.6567 32
-16.6215 96
-16.5926 48
-16.2625 24
-16.1094 256
-16 3200
-15.9804 64
-15.7994 128
-15.7569 196
-15.6433 128
-15.6085 384
-15.5988 256
-15.4269 16
-15.2169 896
-15.1367 32
-14.9421 128
-14.9282 256
-14.8067 240
-14.7821 128
-14.7416 64
-14.6114 32
-14.541 32
-14.4766 32
-14.2547 128
-14.1229 128
-14.0541 128
-13.971 32
-13.8564 2548
-13.8535 32
-13.8123 96
-13.6569 256
-13.5672 32
-13.5014 8
-13.4573 32
-13.3508 48
-13.1908 32
-13.166 8
-13.0208 168
-13.0158 128
-12.905 32
-12.7956 128
-12.7846 32
-12.7183 32
-12.7023 384
-12.6863 64
-12.5093 256
-12.4389 32
-12.4005 72
-12.3296 128
-12.3284 64
-12.1851 8
-12.0705 240
-12 256
-11.9728 8
-11.9032 32
-11.8526 8
-11.7798 64
-11.7128 8
-11.7053 32
-11.5649 48
-11.4711 128
-11.4684 32
-11.4514 32
-11.4503 24
-11.3137 736
-11.2977 64
-11.2705 128
-11.2349 48
-11.1202 48
-11.0895 32
-10.9446 8
-10.9282 1536
-10.9222 32
-10.7836 64
-10.7651 32
-10.6546 8
-10.6146 168
-10.583 256
-10.5427 64
-10.4525 512
-10.2846 196
-10.1877 16
-10.1436 56
-10.0317 16
-9.98642 256
-9.9263 128
-9.90914 32
-9.85641 64
-9.72572 128
-9.66436 240
-9.54477 64
-9.52515 128
-9.43664 32
-9.40456 896
-9.34419 64
-9.33434 144
-9.32729 128
-9.17011 32
-9.15412 128
-9.12605 8
-9.12522 64
-9.0718 128
-9.04413 8
-9.03823 64
-8.85728 32
-8.82872 72
-8.71411 48
-8.65914 32
-8.65671 64
-8.62147 16
-8.4987 32
-8.46608 32
-8.39155 64
-8.38408 40
-8.20848 16
-8.10936 128
-8.04407 32
-8.01599 32
-8 9656
-7.98037 32
-7.87846 312
-7.79942 256
-7.60845 896
-7.59885 128
-7.54844 48
-7.53392 32
-7.37284 8
-7.25822 48
-7.2169 384
-7.14272 32
-7.04282 8
-6.98414 128
-6.94214 256
-6.9282 488
-6.78207 128
-6.74156 32
-6.7128 2
-6.67271 128
-6.62742 16
-6.59818 48
-6.59544 64
-6.45523 64
-6.42258 32
-6.30797 8
-6.25465 256
-6.24795 128
-6.12293 128
-6.09256 144
-6.09086 32
-6.0737 128
-6.05408 64
-5.97794 48
-5.85641 1552
-5.81234 224
-5.65685 512
-5.56716 64
-5.47232 196
-5.4573 64
-5.34543 8
-5.30776 8
-5.21642 64
-5.1423 312
-5.0718 512
-5.01584 256
-4.91046 32
-4.81228 32
-4.79565 256
-4.70228 896
-4.68629 352
-4.53164 32
-4.52893 128
-4.52206 144
-4.5093 128
-4.45184 128
-4.32957 512
-4.32835 128
-4.29474 32
-4.19204 240
-4.1474 8
-4.0968 32
-4 704
-3.8526 16
-3.77979 32
-3.68642 144
-3.67165 64
-3.67043 128
-3.5718 40
-3.47107 256
-3.3564 72
-3.31371 888
-3.29772 384
-3.27049 64
-3.24178 24
-3.20435 128
-3.08954 64
-2.98416 128
-2.9282 1536
-2.91176 2
-2.80923 32
-2.78358 128
-2.73616 312
-2.58301 128
-2.5427 64
-2.49863 8
-2.4525 128
-2.43284 32
-2.40614 168
-2.34315 256
-2.18766 96
-2.14359 472
-2.03168 8
-1.98642 128
-1.9263 256
-1.90052 40
-1.87707 128
-1.7859 240
-1.74535 128
-1.72572 64
-1.5913 8
-1.54477 128
-1.45588 72
-1.40456 384
-1.38857 32
-1.3605 128
-1.34419 32
-1.32729 256
-1.28028 32
-1.12522 32
-1.0718 256
-1.05786 128
-1.03823 32
-0.950259 240
-0.861205 128
-0.857283 64
-0.835644 24
-0.783096 64
-0.659138 32
-0.656707 32
-0.620237 32
-0.505622 8
-0.466081 64
-0.391548 384
-0.330021 24
-0.200577 128
0 14798
0.200577 128
0.330021 24
0.391548 384
0.466081 64
0.505622 8
0.620237 32
0.656707 32
0.659138 32
0.783096 64
0.835644 24
0.857283 64
0.861205 128
0.950259 240
1.03823 32
1.05786 128
1.0718 256
1.12522 32
1.28028 32
1.32729 256
1.34419 32
1.3605 128
1.38857 32
1.40456 384
1.45588 72
1.54477 128
1.5913 8
1.72572 64
1.74535 128
1.7859 240
1.87707 128
1.90052 40
1.9263 256
1.98642 128
2.03168 8
2.14359 472
2.18766 96
2.34315 256
2.40614 168
2.43284 32
2.4525 128
2.49863 8
2.5427 64
2.58301 128
2.73616 312
2.78358 128
2.80923 32
2.91176 2
2.9282 1536
2.98416 128
3.08954 64
3.20435 128
3.24178 24
3.27049 64
3.29772 384
3.31371 888
3.3564 72
3.47107 256
3.5718 40
3.67043 128
3.67165 64
3.68642 144
3.77979 32
3.8526 16
4 704
4.0968 32
4.1474 8
4.19204 240
4.29474 32
4.32835 128
4.32957 512
4.45184 128
4.5093 128
4.52206 144
4.52893 128
4.53164 32
4.68629 352
4.70228 896
4.79565 256
4.81228 32
4.91046 32
5.01584 256
5.0718 512
5.1423 312
5.21642 64
5.30776 8
5.34543 8
5.4573 64
5.47232 196
5.56716 64
5.65685 512
5.81234 224
5.85641 1552
5.97794 48
6.05408 64
6.0737 128
6.09086 32
6.09256 144
6.12293 128
6.24795 128
6.25465 256
6.30797 8
6.42258 32
6.45523 64
6.59544 64
6.59818 48
6.62742 16
6.67271 128
6.7128 2
6.74156 32
6.78207 128
6.9282 488
6.94214 256
6.98414 128
7.04282 8
7.14272 32
7.2169 384
7.25822 48
7.37284 8
7.53392 32
7.54844 48
7.59885 128
7.60845 896
7.79942 256
7.87846 312
7.98037 32
8 9656
8.01599 32
8.04407 32
8.10936 128
8.20848 16
8.38408 40
8.39155 64
8.46608 32
8.4987 32
8.62147 16
8.65671 64
8.65914 32
8.71411 48
8.82872 72
8.85728 32
9.03823 64
9.04413 8
9.0718 128
9.12522 64
9.12605 8
9.15412 128
9.17011 32
9.32729 128
9.33434 144
9.34419 64
9.40456 896
9.43664 32
9.52515 128
9.54477 64
9.66436 240
9.72572 128
9.85641 64
9.90914 32
9.9263 128
9.98642 256
10.0317 16
10.1436 56
10.1877 16
10.2846 196
10.4525 512
10.5427 64
10.583 256
10.6146 168
10.6546 8
10.7651 32
10.7836 64
10.9222 32
10.9282 1536
10.9446 8
11.0895 32
11.1202 48
11.2349 48
11.2705 128
11.2977 64
11.3137 736
11.4503 24
11.4514 32
11.4684 32
11.4711 128
11.5649 48
11.7053 32
11.7128 8
11.7798 64
11.8526 8
11.9032 32
11.9728 8
12 256
12.0705 240
12.1851 8
12.3284 64
12.3296 128
12.4005 72
12.4389 32
12.5093 256
12.6863 64
12.7023 384
12.7183 32
12.7846 32
12.7956 128
12.905 32
13.0158 128
13.0208 168
13.166 8
13.1908 32
13.3508 48
13.4573 32
13.5014 8
13.5672 32
13.6569 256
13.8123 96
13.8535 32
13.8564 2548
13.971 32
14.0541 128
14.1229 128
14.2547 128
14.4766 32
14.541 32
14.6114 32
14.7416 64
14.7821 128
14.8067 240
14.9282 256
14.9421 128
15.1367 32
15.2169 896
15.4269 16
15.5988 256
15.6085 384
15.6433 128
15.7569 196
15.7994 128
15.9804 64
16 3200
16.1094 256
16.2625 24
16.5926 48
16.6215 96
16.6567 32
16.6591 32
16.7072 32
16.7846 128
17.0382 32
17.1252 32
17.1701 64
17.2128 72
17.3442 32
17.4046 384
17.5251 256
17.5428 144
17.5913 8
17.6574 2
17.7257 64
17.8564 64
17.9864 128
18.0317 8
18.0958 32
18.1631 24
18.4525 128
18.4931 24
18.5306 32
18.5427 32
18.5587 128
18.583 128
18.6687 8
18.9282 512
18.9987 48
19.2705 64
19.3137 888
19.3287 40
19.4514 64
19.6687 32
19.7128 96
19.7798 32
19.949 144
20.1082 32
20.279 32
20.4389 64
20.5093 128
20.5692 8
20.7023 64
20.8992 48
20.905 32
21.166 16
21.2292 32
21.3078 8
21.4048 8
21.4649 128
21.7349 48
21.7662 128
21.8123 16
21.8535 64
21.8564 1552
22.0541 64
22.3551 32
22.541 64
22.6274 32
22.6851 72
22.7416 32
22.7821 128
22.9282 128
23.2169 384
23.261 128
23.5988 128
23.6085 64
23.6354 16
23.9804 32
24 552
24.016 32
24.1094 128
24.141 40
24.2187 8
24.471 24
24.6215 224
24.7846 128
24.8011 2
25.0913 48
25.126 8
25.1701 64
25.4046 64
25.4213 48
25.4366 32
25.5251 128
26.0415 32
26.8772 24
26.9222 32
27.0503 8
27.2072 8
27.3137 352
27.4514 32
27.7128 128
27.8274 32
27.9352 8
27.9728 8
28.1082 64
28.4389 32
28.7183 32
28.7846 32
28.905 32
29.0733 128
29.166 8
29.6133 40
29.8535 32
29.8564 472
30.541 32
30.5636 32
31.2169 64
31.5138 8
32 32
32.6215 96
33.1701 64
34.0958 32
34.4256 2
34.5306 32
34.7556 8
35.0503 16
35.0857 8
35.3137 64
35.7128 96
36.1082 32
37.8564 56
38.4779 32
38.6274 16
39.8979 8
40.2187 8
40.6215 16
41.1701 32
41.5692 6
43.0503 8
43.7128 8
43.9352 8
45.3703 2
