-57.8989 19
-56.741 9
-55.583 30
-54.425 45
-53.267 20
-52.109 76
-50.9511 50
-49.7931 68
-48.6351 243
-47.4771 298
-46.3192 393
-45.1612 609
-44.0032 656
-42.8452 855
-41.6872 1269
-40.5293 1493
-39.3713 2133
-38.2133 3120
-37.0553 3440
-35.8973 4710
-34.7394 5738
-33.5814 7154
-32.4234 8514
-31.2654 11065
-30.1074 13359
-28.9495 16327
-27.7915 18900
-26.6335 23867
-25.4755 25843
-24.3176 31960
-23.1596 36627
-22.0016 43002
-20.8436 49019
-19.6856 56457
-18.5277 62545
-17.3697 70421
-16.2117 78581
-15.0537 88804
-13.8957 95766
-12.7378 105922
-11.5798 113384
-10.4218 123905
-9.26383 131600
-8.10585 142403
-6.94787 150338
-5.78989 158303
-4.63192 162599
-3.47394 176978
-2.31596 173176
-1.15798 183723
-7.10543e-15 184249
1.15798 188867
2.31596 188382
3.47394 195474
4.63192 185859
5.78989 191355
6.94787 182028
8.10585 182393
9.26383 177116
10.4218 171859
11.5798 161234
12.7378 156374
13.8957 145784
15.0537 140082
16.2117 131153
17.3697 122965
18.5277 113373
19.6856 105071
20.8436 96005
22.0016 87336
23.1596 81137
24.3176 71570
25.4755 62405
26.6335 55541
27.7915 48616
28.9495 42057
30.1074 37709
31.2654 32361
32.4234 28028
33.5814 23906
34.7394 21410
35.8973 17994
37.0553 15402
38.2133 12494
39.3713 10243
40.5293 8141
41.6872 6273
42.8452 4721
44.0032 3780
45.1612 3001
46.3192 2313
47.4771 1936
48.6351 1665
49.7931 1240
50.9511 1164
52.109 980
53.267 834
54.425 707
55.583 460
56.741 287
57.8989 91
