-48.2728 1
-45.6393 1
-43.0776 1
-40.6577 1
-40.5509 2
-40.4441 1
-38.4454 1
-38.2348 2
-38.0241 1
-36.5012 1
-36.1566 2
-35.9819 2
-35.8119 1
-35.6372 2
-35.4625 1
-34.8782 1
-34.3729 2
-34.0642 2
-33.8677 1
-33.8536 2
-33.6204 1
-33.559 2
-33.3483 2
-33.2502 1
-33.0396 2
-32.9325 2
-32.829 1
-32.7624 1
-32.4632 2
-32.3275 1
-32.2446 1
-32.2254 2
-32.1186 2
-31.8747 2
-31.7753 2
-31.5375 2
-31.4307 2
-31.306 1
-31.2282 2
-31.2227 2
-31.0682 2
-30.9869 1
-30.9614 2
-30.8303 1
-30.8242 2
-30.7235 2
-30.7175 2
-30.6167 1
-30.4796 2
-30.3764 2
-30.335 2
-30.1289 1
-29.9473 2
-29.9365 2
-29.8297 2
-29.7952 2
-29.694 1
-29.6885 2
-29.683 1
-29.5918 2
-29.5007 2
-29.29 2
-29.2845 2
-29.2771 2
-29.1777 2
-29.1664 2
-29.0596 2
-28.9813 2
-28.9399 2
-28.8861 1
-28.7793 2
-28.696 2
-28.6891 2
-28.6725 1
-28.6306 2
-28.5892 2
-28.5414 2
-28.4785 2
-28.4346 2
-28.4253 1
-28.4014 2
-28.2777 2
-28.1967 1
-28.1907 2
-28.1839 2
-28.0671 2
-28.0092 2
-27.9345 2
-27.882 2
-27.8496 2
-27.8441 2
-27.7428 2
-27.7374 2
-27.6645 2
-27.5898 2
-27.5672 1
-27.5495 2
-27.4206 2
-27.4151 2
-27.3724 2
-27.3389 2
-27.3138 2
-27.263 1
-27.1617 2
-27.1562 2
-27.1323 1
-27.1205 2
-27.0495 1
-27.0468 2
-27.0302 2
-26.9684 2
-26.9099 2
-26.8671 2
-26.8616 2
-26.7863 2
-26.7578 2
-26.7435 2
-26.738 2
-26.6924 2
-26.6795 2
-26.6738 1
-26.651 2
-26.5329 2
-26.5274 2
-26.4632 2
-26.449 2
-26.4003 2
-26.3478 2
-26.3423 2
-26.3396 2
-26.309 2
-26.2526 1
-26.2328 2
-26.1545 2
-26.1398 2
-26.0984 2
-26.0556 2
-26.033 2
-26.0053 1
-25.9889 2
-25.9438 2
-25.8985 2
-25.8809 2
-25.8038 2
-25.7917 1
-25.6517 2
-25.6442 2
-25.6351 1
-25.6291 2
-25.5863 2
-25.528 2
-25.4695 2
-25.4627 2
-25.4212 2
-25.3757 2
-25.3174 2
-25.301 2
-25.2844 2
-25.252 2
-25.2106 2
-25.1473 1
-25.1194 2
-25.0508 1
-25.0405 2
-25.0336 2
-25.0228 2
-24.9922 2
-24.9337 1
-24.916 2
-24.8481 2
-24.8401 2
-24.823 2
-24.7816 2
-24.7748 2
-24.7413 2
-24.7123 1
-24.6295 1
-24.6055 2
-24.6 2
-24.5938 2
-24.5455 2
-24.5034 2
-24.4988 1
-24.4906 2
-24.487 2
-24.4702 2
-24.4492 2
-24.3966 2
-24.3708 2
-24.3634 2
-24.3349 2
-24.3055 2
-24.2595 2
-24.2113 2
-24.1602 2
-24.1527 2
-24.1459 2
-24.1269 2
-24.1045 2
-24.0948 2
-24.0403 1
-24.0262 2
-24.0201 2
-23.9712 2
-23.8965 2
-23.8656 2
-23.8237 2
-23.8155 2
-23.8027 2
-23.793 1
-23.7822 2
-23.7169 2
-23.706 2
-23.6909 1
-23.6755 2
-23.613 2
-23.6075 2
-23.5824 2
-23.5209 2
-23.5063 2
-23.5008 2
-23.4939 2
-23.4498 2
-23.3913 2
-23.3718 1
-23.3462 2
-23.313 2
-23.2833 2
-23.2806 2
-23.2392 2
-23.2062 2
-23.1738 2
-23.1066 1
-23.1051 2
-23.1023 2
-23.0955 2
-23.0825 2
-23.0541 2
-23.0016 1
-22.9955 2
-22.9887 2
-22.9359 2
-22.935 1
-22.9304 2
-22.8945 2
-22.8719 2
-22.8516 2
-22.8291 2
-22.7619 2
-22.7612 2
-22.7448 2
-22.7393 2
-22.7244 2
-22.7198 2
-22.6544 2
-22.6358 2
-22.5927 2
-22.5872 2
-22.5137 1
-22.5069 2
-22.5014 2
-22.5001 1
-22.4859 2
-22.469 2
-22.4252 4
-22.4172 1
-22.4001 2
-22.3946 2
-22.3919 2
-22.3623 2
-22.3322 2
-22.2926 2
-22.2894 2
-22.2839 2
-22.2425 2
-22.2254 2
-22.2146 2
-22.1813 2
-22.1772 2
-22.082 2
-22.0788 1
-22.0733 2
-22.0678 1
-22.0473 2
-21.9962 2
-21.9665 2
-21.9638 2
-21.9583 2
-21.9479 2
-21.8855 2
-21.8726 2
-21.8571 2
-21.8516 2
-21.8489 1
-21.8366 2
-21.7787 4
-21.7732 2
-21.7455 2
-21.7373 2
-21.704 2
-21.6719 2
-21.6619 2
-21.6551 2
-21.6137 2
-21.5626 2
-21.5483 2
-21.5348 2
-21.5042 2
-21.4934 2
-21.4786 1
-21.4444 2
-21.4008 2
-21.3953 2
-21.3698 2
-21.3629 2
-21.3377 2
-21.3295 2
-21.3118 2
-21.268 2
-21.263 2
-21.2261 2
-21.2051 2
-21.1901 2
-21.1847 4
-21.161 2
-21.1595 1
-21.1523 2
-21.1444 2
-21.074 2
-21.0574 1
-21.0154 2
-20.9968 2
-20.9908 1
-20.9848 2
-20.974 2
-20.9672 4
-20.9339 2
-20.9005 2
-20.8901 2
-20.8604 2
-20.8577 2
-20.8522 2
-20.8163 2
-20.8101 1
-20.7937 2
-20.7862 2
-20.7233 2
-20.6794 2
-20.6626 2
-20.6471 2
-20.6462 2
-20.6416 4
-20.6083 2
-20.5687 2
-20.5559 1
-20.5558 4
-20.549 2
-20.5075 2
-20.4731 1
-20.4715 2
-20.462 2
-20.4565 2
-20.4538 2
-20.449 2
-20.4287 2
-20.347 2
-20.3383 4
-20.3328 2
-20.3193 2
-20.3015 1
-20.2969 2
-20.2636 2
-20.2258 1
-20.2181 2
-20.2126 4
-20.2112 2
-20.2057 2
-20.1643 2
-20.1277 2
-20.1268 2
-20.1222 2
-20.1199 2
-20.1091 2
-20.1058 2
-20.1031 2
-20.0889 2
-20.0462 2
-20.0365 2
-20.0023 2
-19.9951 2
-19.9747 2
-19.9678 2
-19.9618 2
-19.9537 2
-19.9521 1
-19.9344 2
-19.9093 4
-19.8679 2
-19.8666 1
-19.8611 2
-19.8556 1
-19.8355 2
-19.8276 2
-19.7943 2
-19.7659 2
-19.7584 2
-19.7572 2
-19.7206 2
-19.6987 2
-19.6918 2
-19.6591 2
-19.6504 2
-19.6449 2
-19.6422 2
-19.6172 2
-19.5837 4
-19.5769 2
-19.5355 2
-19.5171 1
-19.5054 2
-19.4626 2
-19.4571 2
-19.4566 2
-19.4511 2
-19.4497 2
-19.4424 2
-19.4343 1
-19.4316 2
-19.4118 2
-19.3986 2
-19.3678 1
-19.3662 2
-19.3503 2
-19.339 2
-19.333 2
-19.3248 2
-19.275 2
-19.252 2
-19.2465 2
-19.239 2
-19.2322 2
-19.2154 1
-19.2132 2
-19.2012 2
-19.1479 2
-19.1397 2
-19.1283 2
-19.1228 2
-19.1119 2
-19.1064 4
-19.0741 2
-19.0686 2
-19.0643 2
-19.0587 1
-19.0216 2
-19.0161 2
-18.9957 2
-18.9883 2
-18.9828 2
-18.9519 2
-18.9372 4
-18.9328 1
-18.9317 2
-18.9066 2
-18.889 2
-18.8685 2
-18.8625 2
-18.8451 1
-18.8307 2
-18.8136 2
-18.8032 2
-18.7851 2
-18.7722 2
-18.7618 2
-18.7294 2
-18.7239 2
-18.708 2
-18.696 2
-18.6938 2
-18.6783 2
-18.6511 2
-18.6451 2
-18.6285 2
-18.6176 2
-18.6048 2
-18.5979 1
-18.5926 2
-18.5871 2
-18.5844 2
-18.5634 2
-18.5547 2
-18.5538 2
-18.5214 2
-18.5109 2
-18.48 2
-18.4776 2
-18.4404 2
-18.4276 2
-18.4178 2
-18.3872 2
-18.3737 2
-18.3669 2
-18.3633 2
-18.3573 1
-18.3432 2
-18.3255 4
-18.3004 2
-18.267 2
-18.2601 4
-18.2546 2
-18.2397 2
-18.2187 2
-18.1886 2
-18.1818 2
-18.1766 1
-18.1758 2
-18.1257 2
-18.1188 2
-18.11 1
-18.1071 2
-18.0854 2
-18.0486 2
-18.044 2
-18.0291 2
-18.0237 2
-18.0222 2
-18.0167 2
-18.0162 2
-18.0107 2
-17.9748 2
-17.9711 2
-17.9379 2
-17.9224 1
-17.9169 2
-17.9154 2
-17.9114 1
-17.91 2
-17.9082 2
-17.8965 4
-17.8475 2
-17.8379 2
-17.8335 2
-17.8311 4
-17.8203 2
-17.8061 2
-17.7932 2
-17.7728 2
-17.7407 2
-17.7398 1
-17.7075 2
-17.6993 2
-17.6858 2
-17.679 4
-17.6751 1
-17.6735 2
-17.666 4
-17.6564 2
-17.6136 2
-17.5932 2
-17.5923 1
-17.5877 2
-17.5722 2
-17.5667 2
-17.5292 2
-17.5115 2
-17.5055 2
-17.5043 2
-17.4968 2
-17.4864 2
-17.4554 2
-17.4486 2
-17.4356 1
-17.4296 2
-17.4221 2
-17.4185 2
-17.403 2
-17.3975 2
-17.3948 2
-17.3771 2
-17.3642 2
-17.3343 2
-17.3288 2
-17.3283 2
-17.3228 2
-17.3186 1
-17.3117 2
-17.3049 1
-17.3009 2
-17.288 2
-17.2739 2
-17.2676 2
-17.222 1
-17.2194 2
-17.2097 2
-17.2047 2
-17.1967 2
-17.1683 2
-17.1608 2
-17.1596 2
-17.1263 2
-17.123 2
-17.0942 2
-17.0849 2
-17.0825 2
-17.0501 4
-17.0446 2
-17.0196 4
-17.0087 2
-16.9872 2
-16.9861 2
-16.9817 2
-16.9589 2
-16.9528 2
-16.9434 2
-16.9304 2
-16.9244 2
-16.9175 2
-16.8851 2
-16.8836 1
-16.8754 2
-16.8719 2
-16.865 2
-16.859 2
-16.8521 2
-16.834 2
-16.8236 2
-16.8176 2
-16.8171 1
-16.8089 2
-16.8007 2
-16.7783 2
-16.7686 2
-16.7482 2
-16.7342 1
-16.7149 2
-16.7069 2
-16.7055 2
-16.7 2
-16.6995 2
-16.694 2
-16.6903 2
-16.6537 1
-16.6414 2
-16.6211 2
-16.6156 4
-16.6082 2
-16.5833 2
-16.5797 2
-16.5758 2
-16.5729 2
-16.5703 2
-16.5527 2
-16.5503 2
-16.5418 2
-16.5307 2
-16.5179 2
-16.5143 2
-16.5088 2
-16.5061 2
-16.4893 2
-16.4765 4
-16.4561 2
-16.4351 2
-16.4252 1
-16.4158 2
-16.405 2
-16.3981 4
-16.3907 2
-16.3622 2
-16.3493 2
-16.3396 2
-16.3124 2
-16.309 2
-16.2993 1
-16.2982 2
-16.2955 2
-16.2813 2
-16.28 2
-16.271 2
-16.2649 2
-16.2386 2
-16.2056 2
-16.1972 2
-16.1875 2
-16.1801 2
-16.1779 1
-16.1746 2
-16.1732 2
-16.1719 2
-16.1677 2
-16.1615 2
-16.1542 2
-16.1104 2
-16.106 2
-16.1017 2
-16.078 2
-16.0725 2
-16.0711 2
-16.0651 2
-16.0603 2
-16.0535 2
-16.0475 4
-16.027 2
-15.995 2
-15.9868 4
-15.9713 2
-15.9658 2
-15.9643 1
-15.9571 2
-15.9508 2
-15.9293 2
-15.9238 2
-15.9203 2
-15.8954 2
-15.8929 2
-15.8879 2
-15.8824 2
-15.8788 2
-15.8347 2
-15.83 2
-15.8272 2
-15.8182 2
-15.8096 2
-15.8017 2
-15.7956 1
-15.7761 2
-15.7717 2
-15.7693 2
-15.7387 2
-15.7334 2
-15.7279 8
-15.6946 2
-15.6649 2
-15.6625 2
-15.649 2
-15.6435 2
-15.6421 2
-15.6211 2
-15.6008 2
-15.5921 2
-15.591 2
-15.5866 2
-15.5587 2
-15.5577 2
-15.5483 2
-15.5423 2
-15.5281 2
-15.5254 2
-15.4914 1
-15.49 2
-15.4853 2
-15.484 4
-15.4771 2
-15.4765 1
-15.4736 2
-15.4674 2
-15.4519 2
-15.451 2
-15.4246 2
-15.4186 4
-15.4131 2
-15.3901 2
-15.3846 2
-15.3832 2
-15.3772 2
-15.3735 2
-15.3607 1
-15.3403 2
-15.3199 1
-15.3044 2
-15.2989 6
-15.295 2
-15.292 2
-15.2779 1
-15.2773 2
-15.2665 4
-15.2586 2
-15.2359 2
-15.2335 2
-15.214 2
-15.2131 2
-15.1807 4
-15.1752 4
-15.1597 2
-15.1467 2
-15.1429 2
-15.1393 2
-15.1296 2
-15.1241 2
-15.1228 2
-15.1063 1
-15.0814 8
-15.0739 2
-15.0685 2
-15.0416 1
-15.04 2
-15.0361 2
-15.0306 1
-15.0229 2
-15.0207 2
-15.016 2
-15.0147 2
-15.0067 2
-14.9956 2
-14.9719 2
-14.9664 2
-14.9578 4
-14.9542 2
-14.9139 2
-14.9079 2
-14.8849 1
-14.8831 2
-14.8789 2
-14.8708 2
-14.866 2
-14.851 2
-14.8483 2
-14.8375 2
-14.8245 2
-14.8021 1
-14.7961 2
-14.7892 2
-14.785 2
-14.7795 2
-14.7781 2
-14.7768 2
-14.7726 2
-14.7721 2
-14.7666 2
-14.7613 2
-14.7558 2
-14.7471 2
-14.7307 2
-14.7138 2
-14.6775 2
-14.6724 2
-14.6714 1
-14.67 8
-14.6632 2
-14.6403 2
-14.6376 2
-14.6321 2
-14.6218 2
-14.6145 2
-14.6071 4
-14.5762 2
-14.5707 2
-14.5632 2
-14.562 2
-14.5374 2
-14.5342 2
-14.5287 2
-14.5254 2
-14.4928 2
-14.4873 2
-14.455 2
-14.4525 6
-14.447 2
-14.4321 2
-14.4261 2
-14.422 2
-14.4193 2
-14.4111 2
-14.3896 2
-14.3779 4
-14.3682 2
-14.3482 2
-14.3328 2
-14.3289 2
-14.3268 2
-14.3253 2
-14.3193 2
-14.2995 2
-14.2875 2
-14.2848 2
-14.284 2
-14.2698 2
-14.2674 2
-14.2614 2
-14.2419 2
-14.2364 2
-14.2337 1
-14.2086 2
-14.2031 2
-14.1927 2
-14.1836 1
-14.1781 2
-14.1726 1
-14.1672 2
-14.1604 4
-14.1549 2
-14.1438 2
-14.1378 2
-14.1303 2
-14.1269 2
-14.1093 2
-14.0889 2
-14.0814 2
-14.0691 2
-14.0568 2
-14.0436 2
-14.0367 2
-14.0259 2
-14.0235 6
-14.0202 1
-14.018 2
-13.9912 2
-13.9902 2
-13.9857 4
-13.9821 4
-13.9782 2
-13.9753 2
-13.9497 2
-13.9442 2
-13.9368 2
-13.9332 2
-13.9192 2
-13.9167 2
-13.8999 4
-13.889 2
-13.8844 2
-13.8789 2
-13.8726 2
-13.8635 1
-13.8585 6
-13.8261 2
-13.8005 2
-13.7931 2
-13.7856 2
-13.7823 2
-13.7801 2
-13.7796 2
-13.7741 2
-13.7646 4
-13.7564 2
-13.749 2
-13.7478 2
-13.7376 1
-13.7314 2
-13.7259 2
-13.6979 2
-13.6911 2
-13.6789 2
-13.6734 2
-13.6673 2
-13.656 2
-13.6497 2
-13.6478 2
-13.6465 2
-13.641 8
-13.6355 2
-13.6077 2
-13.5899 2
-13.5639 2
-13.5566 2
-13.5492 2
-13.5458 2
-13.5444 1
-13.5384 2
-13.5342 2
-13.5315 2
-13.5207 2
-13.5152 2
-13.5128 2
-13.4804 2
-13.4725 2
-13.4709 2
-13.4559 2
-13.4532 2
-13.4499 2
-13.439 2
-13.4295 2
-13.4118 2
-13.3971 4
-13.3916 2
-13.3892 2
-13.3757 1
-13.3568 2
-13.3533 4
-13.3488 2
-13.3464 2
-13.3392 2
-13.3317 2
-13.3262 2
-13.3188 2
-13.2978 2
-13.2903 2
-13.2848 2
-13.2821 2
-13.2792 1
-13.2749 2
-13.2689 2
-13.2621 2
-13.2452 2
-13.2426 2
-13.2371 2
-13.2324 2
-13.2296 2
-13.2207 2
-13.212 6
-13.2011 2
-13.1787 2
-13.1785 2
-13.1717 2
-13.1681 2
-13.1621 1
-13.1382 2
-13.1358 2
-13.1303 4
-13.1052 2
-13.1025 4
-13.097 2
-13.0685 2
-13.0611 2
-13.0514 2
-13.0445 2
-13.031 2
-13.0242 2
-13.0121 2
-13.01 2
-13.0032 2
-12.9945 2
-12.9932 2
-12.9681 2
-12.9531 2
-12.9449 2
-12.9407 1
-12.9375 2
-12.9338 2
-12.9278 4
-12.9242 2
-12.9174 2
-12.9149 1
-12.9119 2
-12.8924 2
-12.8919 2
-12.8864 8
-12.8795 4
-12.8579 1
-12.8436 2
-12.8381 2
-12.834 2
-12.8339 2
-12.8285 2
-12.827 2
-12.821 2
-12.8135 2
-12.7796 2
-12.7682 2
-12.7653 2
-12.7627 2
-12.7598 2
-12.7506 2
-12.7451 2
-12.7427 2
-12.7318 2
-12.7272 1
-12.72 2
-12.7068 2
-12.7013 4
-12.6986 2
-12.6863 1
-12.6735 2
-12.6689 6
-12.6615 2
-12.6585 2
-12.6485 2
-12.6438 2
-12.6416 2
-12.6383 2
-12.6356 2
-12.6251 2
-12.6106 1
-12.5961 2
-12.5942 2
-12.5918 2
-12.5906 2
-12.5831 6
-12.5776 2
-12.5492 2
-12.5417 4
-12.5349 2
-12.5093 2
-12.5048 2
-12.5039 2
-12.4988 2
-12.4906 2
-12.4893 2
-12.4879 2
-12.4838 4
-12.4799 1
-12.4682 2
-12.456 2
-12.4505 4
-12.4397 2
-12.431 2
-12.4091 2
-12.398 2
-12.3971 1
-12.3872 2
-12.3812 2
-12.3743 2
-12.3539 2
-12.3467 2
-12.3392 2
-12.3337 2
-12.3329 2
-12.3324 2
-12.3242 4
-12.316 2
-12.291 4
-12.2575 2
-12.2546 2
-12.2514 1
-12.2496 2
-12.2459 2
-12.2454 2
-12.2404 1
-12.2399 8
-12.2344 2
-12.2324 2
-12.227 2
-12.2148 2
-12.2093 2
-12.1996 2
-12.1916 2
-12.1792 2
-12.1541 2
-12.1433 2
-12.1391 2
-12.1364 2
-12.1331 2
-12.1309 2
-12.1249 2
-12.1217 2
-12.1162 4
-12.1054 2
-12.0803 2
-12.0748 2
-12.0724 2
-12.068 2
-12.0521 2
-12.0439 2
-12.04 2
-12.0391 2
-12.0297 2
-12.0242 2
-12.0215 1
-12.0107 2
-12.0095 2
-12.002 2
-11.9986 2
-11.9891 2
-11.981 2
-11.9617 2
-11.9453 2
-11.9366 2
-11.9311 2
-11.9203 2
-11.9039 2
-11.8988 2
-11.8952 2
-11.8897 2
-11.887 4
-11.862 2
-11.8574 2
-11.8549 4
-11.8414 2
-11.836 2
-11.8345 2
-11.8285 2
-11.8217 2
-11.8135 2
-11.8108 2
-11.7967 2
-11.792 2
-11.7858 2
-11.7803 8
-11.7526 1
-11.7479 2
-11.7352 2
-11.7347 2
-11.7292 2
-11.7223 2
-11.7178 2
-11.7074 2
-11.6954 2
-11.6899 2
-11.6696 2
-11.666 2
-11.6566 2
-11.6513 2
-11.6458 2
-11.6445 2
-11.639 2
-11.6281 2
-11.6219 1
-11.617 2
-11.611 8
-11.6055 2
-11.6042 2
-11.6002 1
-11.5696 2
-11.5628 6
-11.5424 2
-11.539 1
-11.5364 2
-11.5327 2
-11.5214 2
-11.5198 2
-11.5117 2
-11.5103 2
-11.5043 2
-11.5021 2
-11.4968 2
-11.4913 4
-11.4874 2
-11.4844 2
-11.4698 2
-11.4589 2
-11.458 2
-11.4534 2
-11.446 2
-11.4356 2
-11.4283 2
-11.4259 2
-11.4032 2
-11.3936 2
-11.3881 2
-11.3845 2
-11.3806 2
-11.3777 2
-11.3731 2
-11.3676 2
-11.3567 2
-11.3521 4
-11.3512 2
-11.3467 2
-11.3336 2
-11.3249 2
-11.3189 2
-11.3176 1
-11.311 2
-11.2914 2
-11.2738 2
-11.2664 4
-11.2609 2
-11.2474 2
-11.2405 4
-11.2331 2
-11.23 1
-11.2285 2
-11.2276 2
-11.2109 2
-11.1991 2
-11.188 2
-11.182 2
-11.1752 2
-11.167 2
-11.1643 2
-11.1634 1
-11.1588 2
-11.1514 2
-11.1466 2
-11.1406 2
-11.1338 6
-11.1229 2
-11.1143 2
-11.1088 2
-11.1041 1
-11.1014 2
-11.1003 2
-11.0959 2
-11.0924 2
-11.0848 2
-11.0755 2
-11.0731 2
-11.0576 2
-11.0434 2
-11.0299 2
-11.0231 2
-11.0225 2
-11.017 2
-11.0101 2
-11.002 2
-10.9993 2
-10.9896 2
-10.9827 1
-10.9767 2
-10.9742 2
-10.9687 2
-10.9663 2
-10.9645 2
-10.959 2
-10.9528 2
-10.9482 2
-10.9386 2
-10.9339 2
-10.9231 2
-10.9163 2
-10.9108 2
-10.9063 2
-10.8959 2
-10.8899 2
-10.8828 2
-10.8649 2
-10.8624 2
-10.8409 2
-10.8374 2
-10.8319 2
-10.8292 2
-10.8197 2
-10.8142 4
-10.8124 2
-10.7995 8
-10.7927 2
-10.7809 2
-10.7581 2
-10.7557 2
-10.7512 2
-10.7422 1
-10.7353 2
-10.7341 2
-10.7298 2
-10.7285 1
-10.7233 2
-10.7224 2
-10.7057 2
-10.7002 2
-10.6975 2
-10.6927 2
-10.6852 2
-10.6486 2
-10.6457 1
-10.645 4
-10.644 2
-10.6395 2
-10.632 2
-10.6285 2
-10.6231 2
-10.6144 2
-10.6117 2
-10.6035 2
-10.5907 2
-10.582 2
-10.5765 2
-10.5703 6
-10.5606 2
-10.5452 2
-10.5382 2
-10.5178 2
-10.5124 2
-10.5049 6
-10.5037 2
-10.4994 2
-10.4949 1
-10.4919 2
-10.4709 2
-10.4671 2
-10.4635 2
-10.4538 2
-10.4334 2
-10.429 2
-10.4056 2
-10.4011 2
-10.3984 1
-10.3969 2
-10.3956 2
-10.3942 2
-10.3907 2
-10.3881 2
-10.3852 4
-10.3813 2
-10.3705 2
-10.3636 2
-10.3596 2
-10.3528 6
-10.3399 2
-10.3302 2
-10.3222 2
-10.3114 2
-10.3072 1
-10.3017 2
-10.3003 2
-10.2962 1
-10.2948 2
-10.2943 4
-10.2888 4
-10.2874 2
-10.2819 2
-10.2813 1
-10.2784 2
-10.2757 2
-10.2615 2
-10.246 4
-10.2184 2
-10.2159 4
-10.2091 2
-10.1949 2
-10.1877 2
-10.1781 2
-10.1706 2
-10.1677 2
-10.153 2
-10.1413 2
-10.1344 2
-10.1292 2
-10.1263 2
-10.1247 1
-10.1224 2
-10.1116 2
-10.1092 2
-10.101 2
-10.0923 2
-10.0759 2
-10.0713 4
-10.0651 2
-10.0599 1
-10.0509 4
-10.0435 2
-10.038 4
-10.0176 2
-10.0081 2
-10.0021 2
-9.99847 2
-9.99662 2
-9.98553 4
-9.97711 1
-9.95705 2
-9.95316 2
-9.95226 2
-9.95156 2
-9.94767 2
-9.94411 2
-9.94142 2
-9.92378 8
-9.91829 2
-9.91084 2
-9.89316 2
-9.89034 2
-9.88592 2
-9.8835 2
-9.87127 2
-9.86526 2
-9.85842 2
-9.84639 1
-9.84209 2
-9.83464 2
-9.83341 2
-9.81701 4
-9.81151 2
-9.80698 2
-9.80014 4
-9.77915 2
-9.77673 2
-9.75631 4
-9.74907 2
-9.74162 2
-9.71845 2
-9.71315 2
-9.70765 2
-9.70631 2
-9.70081 2
-9.70021 2
-9.69887 2
-9.69337 8
-9.68972 1
-9.68788 2
-9.68371 2
-9.68253 2
-9.67287 2
-9.65309 2
-9.64229 2
-9.6292 2
-9.62371 2
-9.61503 2
-9.60902 2
-9.60689 1
-9.60419 2
-9.60088 2
-9.59818 2
-9.59404 2
-9.59134 2
-9.58951 2
-9.58267 2
-9.58159 2
-9.56609 2
-9.54567 2
-9.54126 2
-9.54035 1
-9.53883 2
-9.52415 2
-9.51865 2
-9.5124 2
-9.50781 2
-9.50556 2
-9.49742 2
-9.49141 2
-9.48274 4
-9.47724 2
-9.4759 2
-9.47454 2
-9.45691 2
-9.45448 2
-9.44245 2
-9.43448 2
-9.41857 2
-9.41307 4
-9.40563 2
-9.4044 4
-9.38795 1
-9.38071 2
-9.37378 2
-9.37204 2
-9.36777 2
-9.36654 2
-9.35563 2
-9.35014 2
-9.33904 2
-9.33768 2
-9.32972 2
-9.3282 2
-9.30237 2
-9.29763 2
-9.29493 8
-9.28943 6
-9.26526 2
-9.26435 2
-9.25977 2
-9.25351 4
-9.24668 2
-9.24385 2
-9.24118 2
-9.23692 2
-9.23091 2
-9.22407 2
-9.21323 2
-9.20244 2
-9.20191 1
-9.1956 4
-9.18815 2
-9.18266 4
-9.17129 2
-9.16315 2
-9.16233 2
-9.1503 2
-9.12988 2
-9.11908 1
-9.11224 2
-9.10982 4
-9.1054 1
-9.10432 2
-9.09513 2
-9.08964 2
-9.08882 2
-9.08429 2
-9.0788 2
-9.07745 2
-9.07196 8
-9.06452 2
-9.04688 2
-9.03852 1
-9.03604 2
-9.03513 2
-9.03055 4
-9.0231 2
-9.01344 2
-9.00547 2
-8.99728 2
-8.99302 2
-8.98836 1
-8.98618 2
-8.98017 2
-8.97203 2
-8.97068 2
-8.96519 4
-8.96065 2
-8.9577 2
-8.95516 2
-8.95169 2
-8.94477 2
-8.93875 2
-8.93753 2
-8.9351 2
-8.90274 2
-8.89918 2
-8.89477 2
-8.89369 2
-8.89099 2
-8.88624 2
-8.86856 2
-8.86132 4
-8.86042 2
-8.85388 2
-8.85093 2
-8.84839 2
-8.84155 2
-8.83625 2
-8.83075 2
-8.82805 4
-8.8245 2
-8.81991 2
-8.81766 2
-8.79596 2
-8.79506 2
-8.78664 2
-8.78422 4
-8.77738 2
-8.77554 2
-8.75455 2
-8.73596 2
-8.73413 2
-8.72729 2
-8.72128 6
-8.70086 2
-8.69402 2
-8.69385 2
-8.68413 1
-8.67744 2
-8.66058 2
-8.65261 2
-8.64978 2
-8.64844 2
-8.64294 8
-8.6355 2
-8.63091 2
-8.60703 4
-8.60153 2
-8.60019 2
-8.59409 2
-8.59043 2
-8.58442 2
-8.56917 2
-8.56674 4
-8.56125 2
-8.55807 2
-8.5538 2
-8.55258 2
-8.54632 2
-8.54166 2
-8.53617 2
-8.52992 1
-8.52533 2
-8.5248 2
-8.51575 2
-8.50381 2
-8.49206 2
-8.49083 2
-8.48339 8
-8.47789 2
-8.46239 2
-8.46078 2
-8.4542 1
-8.4513 2
-8.44994 2
-8.4431 2
-8.44197 2
-8.43955 2
-8.43231 4
-8.42547 2
-8.41803 2
-8.41253 2
-8.40169 2
-8.38955 2
-8.38406 4
-8.37661 2
-8.35611 2
-8.3552 2
-8.35079 2
-8.35061 2
-8.34918 1
-8.34836 2
-8.34317 2
-8.33633 2
-8.32554 2
-8.31734 2
-8.31417 2
-8.30867 2
-8.30512 2
-8.29828 2
-8.29227 2
-8.28264 1
-8.27728 2
-8.27459 2
-8.27275 2
-8.26726 2
-8.26591 2
-8.26042 2
-8.25799 2
-8.21658 2
-8.21484 2
-8.20739 2
-8.20309 2
-8.2019 4
-8.1992 2
-8.19625 2
-8.19564 2
-8.18881 2
-8.18331 2
-8.18156 2
-8.18048 1
-8.15914 2
-8.15364 2
-8.14739 2
-8.14015 2
-8.13773 4
-8.12356 2
-8.10953 2
-8.09631 2
-8.09497 1
-8.09243 2
-8.08947 2
-8.08693 2
-8.08398 1
-8.0808 2
-8.07945 2
-8.07479 2
-8.07201 2
-8.06395 2
-8.04978 2
-8.04736 2
-8.01409 8
-8.01053 2
-8.00612 2
-8.00595 2
-7.98561 2
-7.98352 2
-7.97817 2
-7.97268 14
-7.96584 2
-7.95115 2
-7.94301 2
-7.94031 2
-7.93941 2
-7.93482 2
-7.92709 2
-7.92025 2
-7.90732 4
-7.87884 2
-7.87335 2
-7.87017 2
-7.8659 2
-7.86198 2
-7.86137 1
-7.85842 2
-7.85453 2
-7.84904 2
-7.84769 1
-7.84557 2
-7.8369 2
-7.83582 2
-7.83354 2
-7.8314 2
-7.82898 2
-7.80345 4
-7.79796 2
-7.79549 2
-7.77288 2
-7.77018 2
-7.76487 1
-7.76204 2
-7.7607 2
-7.7552 14
-7.74971 2
-7.74776 2
-7.74554 1
-7.74226 2
-7.73012 2
-7.72877 2
-7.72193 2
-7.69668 2
-7.67982 2
-7.67809 2
-7.67686 2
-7.67085 2
-7.66942 2
-7.66341 2
-7.66271 1
-7.66218 2
-7.64843 2
-7.64024 2
-7.63706 2
-7.63156 2
-7.62801 2
-7.62077 2
-7.61834 2
-7.60218 2
-7.59617 1
-7.59474 2
-7.59015 2
-7.58507 2
-7.57559 2
-7.57304 2
-7.57009 2
-7.56739 2
-7.55541 2
-7.54457 2
-7.54366 2
-7.53682 2
-7.52479 2
-7.5113 6
-7.5058 2
-7.50446 2
-7.50338 2
-7.5009 2
-7.49541 2
-7.49115 1
-7.4783 2
-7.46746 2
-7.46305 2
-7.46062 2
-7.45879 2
-7.45329 2
-7.44645 2
-7.44594 2
-7.44044 2
-7.4296 2
-7.42642 1
-7.42552 2
-7.42093 2
-7.42002 2
-7.41543 1
-7.40452 4
-7.40087 2
-7.39903 2
-7.39155 2
-7.3841 2
-7.37726 2
-7.3676 2
-7.35676 2
-7.35126 2
-7.34382 2
-7.32619 14
-7.31874 2
-7.31416 2
-7.29557 2
-7.29382 2
-7.29274 2
-7.28477 2
-7.26791 2
-7.26083 2
-7.25241 2
-7.2515 2
-7.2508 2
-7.24999 2
-7.24449 2
-7.23582 2
-7.23312 2
-7.21672 2
-7.21122 2
-7.20939 2
-7.20255 6
-7.17407 2
-7.16663 4
-7.16122 1
-7.16114 4
-7.15979 2
-7.15871 2
-7.15697 2
-7.1543 2
-7.15147 2
-7.14403 2
-7.13719 2
-7.12635 4
-7.12544 2
-7.12085 2
-7.11555 2
-7.10871 2
-7.09697 2
-7.09577 4
-7.09308 2
-7.08493 2
-7.08228 2
-7.07679 2
-7.0673 2
-7.05911 2
-7.0562 1
-7.05436 2
-7.05166 2
-7.05019 2
-7.04801 2
-7.042 2
-7.03403 2
-7.0316 2
-7.01957 2
-7.0066 2
-7.00059 2
-6.99191 4
-6.99019 2
-6.98966 1
-6.98507 2
-6.98152 2
-6.97551 2
-6.97333 2
-6.95864 2
-6.95783 2
-6.95233 2
-6.94916 2
-6.94808 2
-6.94366 4
-6.94124 2
-6.92655 2
-6.92225 2
-6.91481 4
-6.91022 2
-6.90684 1
-6.88514 2
-6.88244 2
-6.87949 2
-6.87205 2
-6.86655 2
-6.85689 2
-6.85187 2
-6.84103 2
-6.82627 1
-6.8234 2
-6.82097 2
-6.81656 2
-6.81548 2
-6.8068 2
-6.80411 2
-6.79395 2
-6.78311 2
-6.78221 2
-6.77903 2
-6.77444 2
-6.77353 2
-6.76269 4
-6.75585 2
-6.74984 2
-6.74841 2
-6.74291 2
-6.73303 2
-6.73212 2
-6.72528 2
-6.71444 2
-6.70843 2
-6.70417 2
-6.69733 14
-6.69184 4
-6.69049 2
-6.66886 2
-6.66676 2
-6.65947 2
-6.65592 6
-6.64908 4
-6.64625 2
-6.64184 2
-6.61564 2
-6.60767 2
-6.59056 2
-6.57758 2
-6.57369 2
-6.57157 2
-6.56839 1
-6.5629 2
-6.5574 1
-6.55606 2
-6.5527 2
-6.54522 4
-6.53972 2
-6.53778 2
-6.53228 4
-6.52881 2
-6.52262 2
-6.51465 4
-6.51222 2
-6.47986 4
-6.47436 2
-6.47189 1
-6.47081 2
-6.46811 2
-6.45612 2
-6.45394 2
-6.45343 2
-6.44929 2
-6.44793 2
-6.44659 2
-6.43845 8
-6.43754 2
-6.43295 2
-6.42158 2
-6.40517 8
-6.405 1
-6.39968 2
-6.37509 2
-6.36376 2
-6.36306 2
-6.36011 2
-6.3541 2
-6.35266 2
-6.34726 2
-6.34717 2
-6.34665 2
-6.34447 2
-6.34116 2
-6.33846 1
-6.32684 2
-6.32165 2
-6.31481 4
-6.30401 2
-6.30159 2
-6.29717 2
-6.28154 2
-6.26922 2
-6.26832 4
-6.26373 2
-6.26282 2
-6.25748 2
-6.25064 2
-6.24514 2
-6.2377 2
-6.23595 2
-6.23046 6
-6.2269 2
-6.22006 4
-6.20803 2
-6.19454 4
-6.18905 4
-6.18221 2
-6.17795 2
-6.16154 2
-6.14468 2
-6.14386 2
-6.13837 2
-6.13662 2
-6.13384 2
-6.1297 2
-6.12369 2
-6.12246 1
-6.1162 2
-6.11071 2
-6.10327 2
-6.10192 2
-6.09643 2
-6.07592 2
-6.0709 2
-6.06795 2
-6.06194 2
-6.06051 2
-6.05501 2
-6.05219 2
-6.05084 2
-6.04535 4
-6.0379 2
-6.03451 2
-6.02706 2
-6.01298 2
-6.00943 8
-6.00393 2
-6.00259 2
-6.00124 2
-5.99379 2
-5.99256 2
-5.97157 2
-5.96915 2
-5.96824 1
-5.94873 2
-5.94431 2
-5.9383 2
-5.93588 2
-5.93404 2
-5.92773 2
-5.9272 2
-5.91906 2
-5.91636 2
-5.90621 2
-5.90351 1
-5.89446 4
-5.89129 2
-5.88579 14
-5.8803 2
-5.85732 2
-5.85252 2
-5.84438 2
-5.83754 2
-5.83471 2
-5.82787 2
-5.82727 2
-5.82162 2
-5.82069 1
-5.81908 2
-5.81613 2
-5.80959 2
-5.8041 2
-5.80144 2
-5.79196 2
-5.77902 2
-5.77632 2
-5.75869 2
-5.75761 2
-5.75319 2
-5.73368 2
-5.73125 2
-5.72524 2
-5.71727 2
-5.71657 2
-5.71485 2
-5.71107 2
-5.70068 2
-5.69798 2
-5.69467 2
-5.68383 2
-5.67699 2
-5.67516 2
-5.66966 2
-5.66832 2
-5.66696 2
-5.66401 1
-5.65657 4
-5.65056 2
-5.64913 1
-5.6469 2
-5.64189 2
-5.63397 2
-5.6269 2
-5.62448 2
-5.61724 2
-5.60549 2
-5.59363 2
-5.59121 4
-5.58571 2
-5.56569 2
-5.56355 2
-5.56273 2
-5.56019 4
-5.55885 2
-5.55724 2
-5.55335 2
-5.5498 2
-5.54805 2
-5.54697 1
-5.54256 4
-5.54013 2
-5.53329 1
-5.51194 2
-5.50227 2
-5.49005 2
-5.48735 4
-5.48185 2
-5.47441 2
-5.46757 2
-5.45678 4
-5.45342 2
-5.45047 1
-5.44994 2
-5.44594 2
-5.4391 4
-5.43309 2
-5.42441 2
-5.41892 2
-5.41649 2
-5.40852 2
-5.38802 2
-5.38413 2
-5.38058 8
-5.37508 6
-5.35475 2
-5.35 2
-5.3473 2
-5.34272 2
-5.34181 2
-5.33232 2
-5.32266 2
-5.3223 2
-5.31764 2
-5.31546 2
-5.31334 2
-5.30945 2
-5.30589 2
-5.30224 2
-5.3013 2
-5.29969 1
-5.29674 2
-5.26438 4
-5.25694 4
-5.24797 4
-5.2393 4
-5.23381 2
-5.22846 2
-5.22297 2
-5.21561 2
-5.21552 2
-5.21418 1
-5.21012 2
-5.20868 2
-5.20586 2
-5.20319 1
-5.19902 2
-5.19789 2
-5.19546 2
-5.1897 2
-5.18727 2
-5.16445 2
-5.15761 6
-5.13667 2
-5.13118 4
-5.12434 8
-5.11619 2
-5.1135 2
-5.11202 1
-5.10482 2
-5.08842 2
-5.08292 2
-5.0805 2
-5.05833 2
-5.05149 2
-5.0463 2
-5.04548 1
-5.04335 2
-5.03946 2
-5.03856 2
-5.03734 2
-5.02867 2
-5.02317 2
-5.02048 2
-5.01008 2
-5.00672 2
-4.99805 2
-4.99714 2
-4.99256 2
-4.97906 2
-4.97664 2
-4.97222 2
-4.96867 2
-4.96478 2
-4.96266 1
-4.95511 2
-4.95156 2
-4.94606 2
-4.94472 2
-4.94337 2
-4.93923 2
-4.93388 2
-4.92839 2
-4.91971 2
-4.9137 14
-4.90686 2
-4.90331 2
-4.88644 2
-4.87229 2
-4.87094 2
-4.86986 2
-4.86545 4
-4.86475 1
-4.853 2
-4.84834 2
-4.84503 2
-4.84086 2
-4.83659 2
-4.83536 4
-4.82792 4
-4.82243 2
-4.81294 2
-4.81024 2
-4.80693 2
-4.80475 2
-4.80423 2
-4.79874 2
-4.79395 2
-4.79006 2
-4.78711 2
-4.78651 2
-4.78192 1
-4.7811 2
-4.77967 4
-4.75916 2
-4.74623 2
-4.73409 2
-4.72859 8
-4.71775 2
-4.71722 2
-4.71538 1
-4.70082 2
-4.69797 2
-4.69623 4
-4.69532 2
-4.69073 2
-4.68448 2
-4.67581 4
-4.66296 2
-4.65391 2
-4.6344 2
-4.62756 2
-4.62154 2
-4.61912 2
-4.61729 2
-4.61179 2
-4.61045 4
-4.60495 4
-4.59961 2
-4.5987 2
-4.59411 2
-4.57771 2
-4.57648 2
-4.56903 6
-4.56219 2
-4.56084 2
-4.54321 2
-4.54078 2
-4.53576 2
-4.52771 1
-4.5261 2
-4.52078 2
-4.51796 2
-4.51112 2
-4.50976 2
-4.50842 2
-4.50367 2
-4.49937 2
-4.49548 2
-4.49193 2
-4.48734 2
-4.48469 2
-4.46701 2
-4.45956 2
-4.45743 2
-4.45407 4
-4.45284 2
-4.44327 2
-4.43643 4
-4.43401 2
-4.42559 2
-4.42398 2
-4.4145 2
-4.409 2
-4.40849 2
-4.4063 1
-4.40299 2
-4.40165 2
-4.39615 2
-4.39432 2
-4.38748 2
-4.38123 2
-4.37573 2
-4.37399 2
-4.35615 1
-4.35156 2
-4.35065 2
-4.34607 2
-4.34516 1
-4.34337 2
-4.33981 2
-4.33015 2
-4.32513 2
-4.31829 2
-4.31721 2
-4.3128 2
-4.31037 2
-4.29953 2
-4.28874 2
-4.28485 4
-4.2819 2
-4.28043 1
-4.27935 2
-4.26721 4
-4.26172 2
-4.25546 2
-4.24679 2
-4.23659 2
-4.22337 2
-4.21896 2
-4.21617 2
-4.21016 2
-4.20651 2
-4.19854 2
-4.19276 1
-4.18552 2
-4.18143 2
-4.17684 2
-4.17059 2
-4.1651 8
-4.16375 2
-4.16044 2
-4.15826 4
-4.15774 2
-4.15225 2
-4.15081 2
-4.14869 2
-4.14357 2
-4.14002 2
-4.13452 2
-4.13273 2
-4.13183 2
-4.12234 2
-4.11684 2
-4.11633 2
-4.11083 2
-4.1094 2
-4.10718 2
-4.10216 2
-4.09974 8
-4.09177 2
-4.06647 2
-4.05832 4
-4.05698 2
-4.05563 2
-4.05148 2
-4.04146 2
-4.03799 2
-4.02932 2
-4.02596 2
-4.02505 2
-4.02382 2
-4.00833 2
-4.00672 1
-4.00013 2
-3.9987 2
-3.99269 2
-3.98904 2
-3.9761 2
-3.96714 2
-3.95221 2
-3.94762 6
-3.94672 2
-3.94018 2
-3.93468 2
-3.92389 1
-3.92255 2
-3.92119 2
-3.91705 2
-3.91435 6
-3.91021 1
-3.90621 2
-3.90141 2
-3.89336 2
-3.8891 2
-3.88226 2
-3.87294 2
-3.87051 2
-3.85583 2
-3.84899 2
-3.84085 2
-3.83994 2
-3.82857 2
-3.82052 2
-3.82043 2
-3.81502 2
-3.81442 2
-3.81307 2
-3.80758 14
-3.80208 2
-3.78807 2
-3.77522 2
-3.76617 2
-3.76546 2
-3.76251 2
-3.7565 2
-3.74158 2
-3.73608 2
-3.72924 2
-3.7218 2
-3.7184 2
-3.71374 2
-3.71096 2
-3.70495 1
-3.70372 2
-3.69958 2
-3.69688 2
-3.6958 2
-3.69332 2
-3.69078 2
-3.68783 2
-3.65547 4
-3.65304 2
-3.64802 2
-3.63836 4
-3.63286 4
-3.62931 2
-3.62247 2
-3.61794 2
-3.61244 2
-3.61163 2
-3.59694 6
-3.59145 2
-3.59011 2
-3.56969 4
-3.56419 2
-3.56367 2
-3.56002 2
-3.55818 2
-3.54869 2
-3.54827 1
-3.53624 2
-3.5294 2
-3.52339 2
-3.51861 6
-3.51177 2
-3.51116 2
-3.50576 2
-3.50567 2
-3.50432 2
-3.49883 2
-3.48894 1
-3.48624 2
-3.48534 2
-3.48075 2
-3.47719 2
-3.47331 2
-3.47036 2
-3.46647 2
-3.46434 2
-3.46291 2
-3.45742 2
-3.45472 2
-3.45325 2
-3.44241 2
-3.4415 2
-3.4224 1
-3.41183 4
-3.40914 4
-3.40499 2
-3.40364 4
-3.3962 2
-3.39497 2
-3.37947 2
-3.37856 2
-3.37398 2
-3.37128 2
-3.36772 2
-3.35905 2
-3.35356 2
-3.35113 2
-3.33473 1
-3.32961 2
-3.32029 2
-3.31877 2
-3.3108 2
-3.30479 2
-3.30236 2
-3.30113 2
-3.29687 2
-3.29564 2
-3.29369 2
-3.2882 8
-3.2855 2
-3.2747 2
-3.27 1
-3.26786 2
-3.26451 2
-3.25901 1
-3.25583 2
-3.24678 2
-3.24409 4
-3.22645 2
-3.22403 2
-3.21901 2
-3.21351 2
-3.19436 2
-3.18617 4
-3.18556 2
-3.18261 2
-3.18115 2
-3.17872 4
-3.1775 2
-3.16793 2
-3.16575 2
-3.16109 4
-3.15559 2
-3.14067 2
-3.13608 2
-3.12323 2
-3.11968 2
-3.11897 2
-3.11332 1
-3.11148 2
-3.10723 2
-3.10039 4
-3.09438 2
-3.08745 1
-3.07939 2
-3.07756 2
-3.07072 2
-3.06447 2
-3.05897 8
-3.05296 2
-3.04429 2
-3.03745 2
-3.03345 2
-3.0305 1
-3.02661 4
-3.02112 2
-3.01339 2
-3.0079 2
-3.00655 2
-3.00401 2
-3.00106 2
-3.00045 2
-2.99604 2
-2.99361 2
-2.98637 2
-2.97553 2
-2.96125 2
-2.9522 2
-2.94496 2
-2.94226 2
-2.94083 2
-2.93534 2
-2.93004 2
-2.9232 2
-2.91984 2
-2.9177 2
-2.91719 2
-2.91434 2
-2.90085 2
-2.89978 1
-2.88975 6
-2.88534 2
-2.88426 2
-2.87681 2
-2.86876 2
-2.85648 2
-2.85189 2
-2.84834 2
-2.8415 6
-2.83549 4
-2.83406 2
-2.82682 2
-2.81642 2
-2.81507 4
-2.81093 2
-2.80823 2
-2.79042 2
-2.7854 2
-2.78322 1
-2.78298 2
-2.77856 2
-2.77721 2
-2.76682 2
-2.76611 2
-2.76265 2
-2.75715 2
-2.75062 2
-2.74971 4
-2.74848 2
-2.74512 2
-2.74421 2
-2.7247 2
-2.72123 2
-2.71574 2
-2.71185 2
-2.7083 2
-2.70707 2
-2.68338 2
-2.68194 2
-2.67645 2
-2.67593 2
-2.67228 2
-2.67137 2
-2.67044 2
-2.66678 2
-2.66618 1
-2.66323 2
-2.66053 2
-2.65934 2
-2.6525 1
-2.65038 2
-2.64171 2
-2.63901 2
-2.63087 4
-2.61802 2
-2.60844 2
-2.60029 2
-2.5976 14
-2.5921 4
-2.5766 2
-2.57499 2
-2.56968 1
-2.56551 2
-2.55731 2
-2.55618 2
-2.55376 2
-2.53466 2
-2.53358 2
-2.53224 2
-2.52674 2
-2.51926 2
-2.5159 2
-2.51325 2
-2.51182 2
-2.50723 2
-2.50632 2
-2.49827 2
-2.49082 8
-2.47396 2
-2.46074 2
-2.44187 2
-2.43254 2
-2.43012 2
-2.42837 2
-2.42288 4
-2.41798 2
-2.41248 8
-2.41197 1
-2.40699 2
-2.40647 2
-2.40504 2
-2.40098 1
-2.39955 2
-2.3978 2
-2.38696 2
-2.38147 2
-2.38012 4
-2.37463 2
-2.3722 2
-2.36718 4
-2.33871 2
-2.3371 2
-2.3216 2
-2.31611 6
-2.30985 2
-2.30927 2
-2.30571 2
-2.29752 2
-2.29569 2
-2.29434 2
-2.28885 4
-2.28284 2
-2.27801 2
-2.27335 2
-2.272 2
-2.26785 2
-2.26516 2
-2.25436 2
-2.25293 2
-2.24743 2
-2.24326 2
-2.23123 1
-2.23033 2
-2.21949 2
-2.21265 2
-2.20663 2
-2.20185 4
-2.19636 2
-2.18891 2
-2.18207 2
-2.17123 2
-2.16858 4
-2.16522 2
-2.16469 1
-2.16399 2
-2.16309 2
-2.16174 2
-2.16157 2
-2.15655 2
-2.1536 2
-2.14759 2
-2.13072 2
-2.1283 4
-2.10322 2
-2.09863 2
-2.08688 6
-2.08371 2
-2.08187 1
-2.07821 8
-2.07272 2
-2.07137 2
-2.06536 2
-2.06181 2
-2.05722 2
-2.05631 2
-2.05452 2
-2.03793 2
-2.02996 2
-2.02944 2
-2.02395 4
-2.02152 2
-2.01404 2
-2.00855 2
-2.0011 2
-1.99386 2
-1.97888 2
-1.97618 2
-1.97144 4
-1.96874 2
-1.96603 1
-1.9646 2
-1.96325 4
-1.95111 4
-1.94561 2
-1.93817 2
-1.92733 2
-1.92519 1
-1.92049 2
-1.90969 2
-1.90727 2
-1.90177 2
-1.90031 2
-1.89789 2
-1.89259 2
-1.8904 2
-1.88709 2
-1.88439 2
-1.87625 2
-1.87491 2
-1.86941 8
-1.86392 2
-1.86197 2
-1.86074 2
-1.85647 2
-1.83884 2
-1.83614 2
-1.82747 2
-1.82391 2
-1.81933 2
-1.81842 2
-1.79447 1
-1.79047 2
-1.78606 4
-1.78363 8
-1.77814 2
-1.77762 2
-1.77279 1
-1.76345 2
-1.76264 2
-1.75396 2
-1.75261 2
-1.74577 4
-1.74222 2
-1.74047 2
-1.73498 2
-1.72814 2
-1.72069 4
-1.71164 1
-1.70985 2
-1.70895 2
-1.69928 2
-1.68725 2
-1.6843 2
-1.67928 2
-1.67686 2
-1.65999 2
-1.65787 2
-1.6492 2
-1.64692 1
-1.64584 2
-1.64236 2
-1.63152 2
-1.6282 2
-1.62602 2
-1.62551 4
-1.62136 2
-1.62001 2
-1.61858 2
-1.61257 2
-1.60891 2
-1.60094 2
-1.58384 2
-1.57725 2
-1.573 2
-1.5675 4
-1.56616 2
-1.56066 2
-1.56015 2
-1.55465 2
-1.55322 2
-1.54717 2
-1.53973 4
-1.53514 2
-1.53423 2
-1.52474 4
-1.51925 2
-1.51873 2
-1.51324 2
-1.51006 2
-1.50187 2
-1.49831 2
-1.49147 2
-1.49024 1
-1.48423 2
-1.47679 2
-1.47367 2
-1.47129 2
-1.45803 2
-1.45362 2
-1.44936 2
-1.4404 6
-1.43295 2
-1.43172 2
-1.41998 2
-1.40794 2
-1.40712 2
-1.40111 2
-1.39509 4
-1.39031 2
-1.38347 2
-1.38212 2
-1.37746 2
-1.37467 2
-1.3732 1
-1.36662 2
-1.36501 2
-1.35552 2
-1.35461 2
-1.35003 4
-1.34258 2
-1.33362 2
-1.3236 2
-1.32225 2
-1.31676 14
-1.3132 2
-1.28084 6
-1.2767 1
-1.27534 8
-1.274 2
-1.27292 2
-1.2685 2
-1.2679 2
-1.25824 2
-1.2514 2
-1.24298 2
-1.24056 2
-1.22639 2
-1.22292 2
-1.21548 2
-1.20998 8
-1.2025 2
-1.19649 2
-1.19506 2
-1.18956 2
-1.18151 2
-1.1799 2
-1.17762 2
-1.16857 2
-1.16587 2
-1.16222 2
-1.1572 2
-1.14928 2
-1.14327 1
-1.13957 2
-1.13714 2
-1.13165 2
-1.12081 2
-1.10612 6
-1.09928 2
-1.09573 2
-1.08634 2
-1.07886 2
-1.07285 2
-1.06337 2
-1.06246 2
-1.06228 2
-1.05787 6
-1.05545 2
-1.04076 2
-1.03745 2
-1.03144 2
-1.0246 2
-1.02034 2
-1.0135 2
-1.00749 2
-0.999349 4
-0.996651 2
-0.991156 2
-0.985028 2
-0.979017 2
-0.978929 2
-0.973522 2
-0.97209 8
-0.966079 4
-0.948399 2
-0.939727 2
-0.938646 2
-0.934232 2
-0.930677 2
-0.926507 2
-0.924666 2
-0.921012 2
-0.914759 1
-0.906729 2
-0.905376 2
-0.895889 2
-0.889878 2
-0.888649 2
-0.887741 4
-0.878254 2
-0.876901 2
-0.875711 2
-0.872759 2
-0.872244 2
-0.870062 2
-0.866749 2
-0.865316 2
-0.855378 2
-0.851824 2
-0.847236 2
-0.839043 1
-0.832953 2
-0.821206 2
-0.813966 2
-0.811541 6
-0.806046 2
-0.802868 2
-0.798602 2
-0.797373 2
-0.788888 1
-0.770128 4
-0.769598 2
-0.763288 2
-0.761455 2
-0.754616 2
-0.749121 2
-0.748605 2
-0.74311 2
-0.737765 2
-0.735628 2
-0.733203 2
-0.73227 2
-0.728185 2
-0.721172 2
-0.708322 1
-0.696095 2
-0.687902 2
-0.686772 2
-0.677107 2
-0.670267 4
-0.667482 1
-0.662824 2
-0.662125 2
-0.659427 2
-0.657329 2
-0.651984 2
-0.646489 6
-0.63965 2
-0.63435 2
-0.628855 6
-0.62643 2
-0.625497 1
-0.624966 2
-0.596492 2
-0.595584 2
-0.583554 2
-0.581129 2
-0.573647 2
-0.568152 2
-0.567636 2
-0.563494 2
-0.562141 2
-0.560796 2
-0.560709 2
-0.552654 4
-0.543982 2
-0.543074 2
-0.538487 2
-0.532234 2
-0.522081 2
-0.519384 4
-0.510711 2
-0.505216 4
-0.502791 2
-0.494376 2
-0.489718 2
-0.479812 1
-0.477971 2
-0.477268 2
-0.474317 2
-0.471773 2
-0.470428 2
-0.468822 1
-0.466873 4
-0.461378 4
-0.460863 2
-0.459633 2
-0.455368 2
-0.453935 1
-0.446695 2
-0.429016 8
-0.403938 2
-0.398443 2
-0.390961 2
-0.387603 2
-0.38495 2
-0.382525 2
-0.370494 2
-0.368358 2
-0.367543 2
-0.363655 2
-0.354332 2
-0.35286 2
-0.350678 2
-0.350162 2
-0.344667 4
-0.343235 2
-0.335995 2
-0.3256 2
-0.324247 2
-0.319589 2
-0.308749 2
-0.303255 2
-0.301822 2
-0.296415 2
-0.292157 4
-0.284188 2
-0.261312 2
-0.258886 2
-0.251825 2
-0.250744 2
-0.243905 4
-0.237894 2
-0.232534 1
-0.230412 2
-0.229221 2
-0.226523 2
-0.222969 2
-0.218381 2
-0.217474 8
-0.216129 2
-0.210634 4
-0.185111 2
-0.174716 2
-0.169222 2
-0.165051 2
-0.159556 2
-0.154538 2
-0.152113 2
-0.149709 1
-0.143698 2
-0.136859 2
-0.132601 2
-0.127193 2
-0.127106 2
-0.125761 2
-0.123639 2
-0.120266 2
-0.11975 2
-0.118144 2
-0.114966 2
-0.114255 2
-0.1107 2
-0.106773 2
-0.0903681 2
-0.0857807 2
-0.0816956 2
-0.0783375 2
-0.0762007 2
-0.0629356 2
-0.0585211 2
-0.0482523 2
-0.0414126 4
-0.0378579 2
-0.0332705 2
-0.0250778 2
-0.02042 2
-0.0189876 1
-0.00549491 2
-2.13163e-14 26
0.00549491 2
0.0189876 1
0.02042 2
0.0250778 2
0.0332705 2
0.0378579 2
0.0414126 4
0.0482523 2
0.0585211 2
0.0629356 2
0.0762007 2
0.0783375 2
0.0816956 2
0.0857807 2
0.0903681 2
0.106773 2
0.1107 2
0.114255 2
0.114966 2
0.118144 2
0.11975 2
0.120266 2
0.123639 2
0.125761 2
0.127106 2
0.127193 2
0.132601 2
0.136859 2
0.143698 2
0.149709 1
0.152113 2
0.154538 2
0.159556 2
0.165051 2
0.169222 2
0.174716 2
0.185111 2
0.210634 4
0.216129 2
0.217474 8
0.218381 2
0.222969 2
0.226523 2
0.229221 2
0.230412 2
0.232534 1
0.237894 2
0.243905 4
0.250744 2
0.251825 2
0.258886 2
0.261312 2
0.284188 2
0.292157 4
0.296415 2
0.301822 2
0.303255 2
0.308749 2
0.319589 2
0.324247 2
0.3256 2
0.335995 2
0.343235 2
0.344667 4
0.350162 2
0.350678 2
0.35286 2
0.354332 2
0.363655 2
0.367543 2
0.368358 2
0.370494 2
0.382525 2
0.38495 2
0.387603 2
0.390961 2
0.398443 2
0.403938 2
0.429016 8
0.446695 2
0.453935 1
0.455368 2
0.459633 2
0.460863 2
0.461378 4
0.466873 4
0.468822 1
0.470428 2
0.471773 2
0.474317 2
0.477268 2
0.477971 2
0.479812 1
0.489718 2
0.494376 2
0.502791 2
0.505216 4
0.510711 2
0.519384 4
0.522081 2
0.532234 2
0.538487 2
0.543074 2
0.543982 2
0.552654 4
0.560709 2
0.560796 2
0.562141 2
0.563494 2
0.567636 2
0.568152 2
0.573647 2
0.581129 2
0.583554 2
0.595584 2
0.596492 2
0.624966 2
0.625497 1
0.62643 2
0.628855 6
0.63435 2
0.63965 2
0.646489 6
0.651984 2
0.657329 2
0.659427 2
0.662125 2
0.662824 2
0.667482 1
0.670267 4
0.677107 2
0.686772 2
0.687902 2
0.696095 2
0.708322 1
0.721172 2
0.728185 2
0.73227 2
0.733203 2
0.735628 2
0.737765 2
0.74311 2
0.748605 2
0.749121 2
0.754616 2
0.761455 2
0.763288 2
0.769598 2
0.770128 4
0.788888 1
0.797373 2
0.798602 2
0.802868 2
0.806046 2
0.811541 6
0.813966 2
0.821206 2
0.832953 2
0.839043 1
0.847236 2
0.851824 2
0.855378 2
0.865316 2
0.866749 2
0.870062 2
0.872244 2
0.872759 2
0.875711 2
0.876901 2
0.878254 2
0.887741 4
0.888649 2
0.889878 2
0.895889 2
0.905376 2
0.906729 2
0.914759 1
0.921012 2
0.924666 2
0.926507 2
0.930677 2
0.934232 2
0.938646 2
0.939727 2
0.948399 2
0.966079 4
0.97209 8
0.973522 2
0.978929 2
0.979017 2
0.985028 2
0.991156 2
0.996651 2
0.999349 4
1.00749 2
1.0135 2
1.02034 2
1.0246 2
1.03144 2
1.03745 2
1.04076 2
1.05545 2
1.05787 6
1.06228 2
1.06246 2
1.06337 2
1.07285 2
1.07886 2
1.08634 2
1.09573 2
1.09928 2
1.10612 6
1.12081 2
1.13165 2
1.13714 2
1.13957 2
1.14327 1
1.14928 2
1.1572 2
1.16222 2
1.16587 2
1.16857 2
1.17762 2
1.1799 2
1.18151 2
1.18956 2
1.19506 2
1.19649 2
1.2025 2
1.20998 8
1.21548 2
1.22292 2
1.22639 2
1.24056 2
1.24298 2
1.2514 2
1.25824 2
1.2679 2
1.2685 2
1.27292 2
1.274 2
1.27534 8
1.2767 1
1.28084 6
1.3132 2
1.31676 14
1.32225 2
1.3236 2
1.33362 2
1.34258 2
1.35003 4
1.35461 2
1.35552 2
1.36501 2
1.36662 2
1.3732 1
1.37467 2
1.37746 2
1.38212 2
1.38347 2
1.39031 2
1.39509 4
1.40111 2
1.40712 2
1.40794 2
1.41998 2
1.43172 2
1.43295 2
1.4404 6
1.44936 2
1.45362 2
1.45803 2
1.47129 2
1.47367 2
1.47679 2
1.48423 2
1.49024 1
1.49147 2
1.49831 2
1.50187 2
1.51006 2
1.51324 2
1.51873 2
1.51925 2
1.52474 4
1.53423 2
1.53514 2
1.53973 4
1.54717 2
1.55322 2
1.55465 2
1.56015 2
1.56066 2
1.56616 2
1.5675 4
1.573 2
1.57725 2
1.58384 2
1.60094 2
1.60891 2
1.61257 2
1.61858 2
1.62001 2
1.62136 2
1.62551 4
1.62602 2
1.6282 2
1.63152 2
1.64236 2
1.64584 2
1.64692 1
1.6492 2
1.65787 2
1.65999 2
1.67686 2
1.67928 2
1.6843 2
1.68725 2
1.69928 2
1.70895 2
1.70985 2
1.71164 1
1.72069 4
1.72814 2
1.73498 2
1.74047 2
1.74222 2
1.74577 4
1.75261 2
1.75396 2
1.76264 2
1.76345 2
1.77279 1
1.77762 2
1.77814 2
1.78363 8
1.78606 4
1.79047 2
1.79447 1
1.81842 2
1.81933 2
1.82391 2
1.82747 2
1.83614 2
1.83884 2
1.85647 2
1.86074 2
1.86197 2
1.86392 2
1.86941 8
1.87491 2
1.87625 2
1.88439 2
1.88709 2
1.8904 2
1.89259 2
1.89789 2
1.90031 2
1.90177 2
1.90727 2
1.90969 2
1.92049 2
1.92519 1
1.92733 2
1.93817 2
1.94561 2
1.95111 4
1.96325 4
1.9646 2
1.96603 1
1.96874 2
1.97144 4
1.97618 2
1.97888 2
1.99386 2
2.0011 2
2.00855 2
2.01404 2
2.02152 2
2.02395 4
2.02944 2
2.02996 2
2.03793 2
2.05452 2
2.05631 2
2.05722 2
2.06181 2
2.06536 2
2.07137 2
2.07272 2
2.07821 8
2.08187 1
2.08371 2
2.08688 6
2.09863 2
2.10322 2
2.1283 4
2.13072 2
2.14759 2
2.1536 2
2.15655 2
2.16157 2
2.16174 2
2.16309 2
2.16399 2
2.16469 1
2.16522 2
2.16858 4
2.17123 2
2.18207 2
2.18891 2
2.19636 2
2.20185 4
2.20663 2
2.21265 2
2.21949 2
2.23033 2
2.23123 1
2.24326 2
2.24743 2
2.25293 2
2.25436 2
2.26516 2
2.26785 2
2.272 2
2.27335 2
2.27801 2
2.28284 2
2.28885 4
2.29434 2
2.29569 2
2.29752 2
2.30571 2
2.30927 2
2.30985 2
2.31611 6
2.3216 2
2.3371 2
2.33871 2
2.36718 4
2.3722 2
2.37463 2
2.38012 4
2.38147 2
2.38696 2
2.3978 2
2.39955 2
2.40098 1
2.40504 2
2.40647 2
2.40699 2
2.41197 1
2.41248 8
2.41798 2
2.42288 4
2.42837 2
2.43012 2
2.43254 2
2.44187 2
2.46074 2
2.47396 2
2.49082 8
2.49827 2
2.50632 2
2.50723 2
2.51182 2
2.51325 2
2.5159 2
2.51926 2
2.52674 2
2.53224 2
2.53358 2
2.53466 2
2.55376 2
2.55618 2
2.55731 2
2.56551 2
2.56968 1
2.57499 2
2.5766 2
2.5921 4
2.5976 14
2.60029 2
2.60844 2
2.61802 2
2.63087 4
2.63901 2
2.64171 2
2.65038 2
2.6525 1
2.65934 2
2.66053 2
2.66323 2
2.66618 1
2.66678 2
2.67044 2
2.67137 2
2.67228 2
2.67593 2
2.67645 2
2.68194 2
2.68338 2
2.70707 2
2.7083 2
2.71185 2
2.71574 2
2.72123 2
2.7247 2
2.74421 2
2.74512 2
2.74848 2
2.74971 4
2.75062 2
2.75715 2
2.76265 2
2.76611 2
2.76682 2
2.77721 2
2.77856 2
2.78298 2
2.78322 1
2.7854 2
2.79042 2
2.80823 2
2.81093 2
2.81507 4
2.81642 2
2.82682 2
2.83406 2
2.83549 4
2.8415 6
2.84834 2
2.85189 2
2.85648 2
2.86876 2
2.87681 2
2.88426 2
2.88534 2
2.88975 6
2.89978 1
2.90085 2
2.91434 2
2.91719 2
2.9177 2
2.91984 2
2.9232 2
2.93004 2
2.93534 2
2.94083 2
2.94226 2
2.94496 2
2.9522 2
2.96125 2
2.97553 2
2.98637 2
2.99361 2
2.99604 2
3.00045 2
3.00106 2
3.00401 2
3.00655 2
3.0079 2
3.01339 2
3.02112 2
3.02661 4
3.0305 1
3.03345 2
3.03745 2
3.04429 2
3.05296 2
3.05897 8
3.06447 2
3.07072 2
3.07756 2
3.07939 2
3.08745 1
3.09438 2
3.10039 4
3.10723 2
3.11148 2
3.11332 1
3.11897 2
3.11968 2
3.12323 2
3.13608 2
3.14067 2
3.15559 2
3.16109 4
3.16575 2
3.16793 2
3.1775 2
3.17872 4
3.18115 2
3.18261 2
3.18556 2
3.18617 4
3.19436 2
3.21351 2
3.21901 2
3.22403 2
3.22645 2
3.24409 4
3.24678 2
3.25583 2
3.25901 1
3.26451 2
3.26786 2
3.27 1
3.2747 2
3.2855 2
3.2882 8
3.29369 2
3.29564 2
3.29687 2
3.30113 2
3.30236 2
3.30479 2
3.3108 2
3.31877 2
3.32029 2
3.32961 2
3.33473 1
3.35113 2
3.35356 2
3.35905 2
3.36772 2
3.37128 2
3.37398 2
3.37856 2
3.37947 2
3.39497 2
3.3962 2
3.40364 4
3.40499 2
3.40914 4
3.41183 4
3.4224 1
3.4415 2
3.44241 2
3.45325 2
3.45472 2
3.45742 2
3.46291 2
3.46434 2
3.46647 2
3.47036 2
3.47331 2
3.47719 2
3.48075 2
3.48534 2
3.48624 2
3.48894 1
3.49883 2
3.50432 2
3.50567 2
3.50576 2
3.51116 2
3.51177 2
3.51861 6
3.52339 2
3.5294 2
3.53624 2
3.54827 1
3.54869 2
3.55818 2
3.56002 2
3.56367 2
3.56419 2
3.56969 4
3.59011 2
3.59145 2
3.59694 6
3.61163 2
3.61244 2
3.61794 2
3.62247 2
3.62931 2
3.63286 4
3.63836 4
3.64802 2
3.65304 2
3.65547 4
3.68783 2
3.69078 2
3.69332 2
3.6958 2
3.69688 2
3.69958 2
3.70372 2
3.70495 1
3.71096 2
3.71374 2
3.7184 2
3.7218 2
3.72924 2
3.73608 2
3.74158 2
3.7565 2
3.76251 2
3.76546 2
3.76617 2
3.77522 2
3.78807 2
3.80208 2
3.80758 14
3.81307 2
3.81442 2
3.81502 2
3.82043 2
3.82052 2
3.82857 2
3.83994 2
3.84085 2
3.84899 2
3.85583 2
3.87051 2
3.87294 2
3.88226 2
3.8891 2
3.89336 2
3.90141 2
3.90621 2
3.91021 1
3.91435 6
3.91705 2
3.92119 2
3.92255 2
3.92389 1
3.93468 2
3.94018 2
3.94672 2
3.94762 6
3.95221 2
3.96714 2
3.9761 2
3.98904 2
3.99269 2
3.9987 2
4.00013 2
4.00672 1
4.00833 2
4.02382 2
4.02505 2
4.02596 2
4.02932 2
4.03799 2
4.04146 2
4.05148 2
4.05563 2
4.05698 2
4.05832 4
4.06647 2
4.09177 2
4.09974 8
4.10216 2
4.10718 2
4.1094 2
4.11083 2
4.11633 2
4.11684 2
4.12234 2
4.13183 2
4.13273 2
4.13452 2
4.14002 2
4.14357 2
4.14869 2
4.15081 2
4.15225 2
4.15774 2
4.15826 4
4.16044 2
4.16375 2
4.1651 8
4.17059 2
4.17684 2
4.18143 2
4.18552 2
4.19276 1
4.19854 2
4.20651 2
4.21016 2
4.21617 2
4.21896 2
4.22337 2
4.23659 2
4.24679 2
4.25546 2
4.26172 2
4.26721 4
4.27935 2
4.28043 1
4.2819 2
4.28485 4
4.28874 2
4.29953 2
4.31037 2
4.3128 2
4.31721 2
4.31829 2
4.32513 2
4.33015 2
4.33981 2
4.34337 2
4.34516 1
4.34607 2
4.35065 2
4.35156 2
4.35615 1
4.37399 2
4.37573 2
4.38123 2
4.38748 2
4.39432 2
4.39615 2
4.40165 2
4.40299 2
4.4063 1
4.40849 2
4.409 2
4.4145 2
4.42398 2
4.42559 2
4.43401 2
4.43643 4
4.44327 2
4.45284 2
4.45407 4
4.45743 2
4.45956 2
4.46701 2
4.48469 2
4.48734 2
4.49193 2
4.49548 2
4.49937 2
4.50367 2
4.50842 2
4.50976 2
4.51112 2
4.51796 2
4.52078 2
4.5261 2
4.52771 1
4.53576 2
4.54078 2
4.54321 2
4.56084 2
4.56219 2
4.56903 6
4.57648 2
4.57771 2
4.59411 2
4.5987 2
4.59961 2
4.60495 4
4.61045 4
4.61179 2
4.61729 2
4.61912 2
4.62154 2
4.62756 2
4.6344 2
4.65391 2
4.66296 2
4.67581 4
4.68448 2
4.69073 2
4.69532 2
4.69623 4
4.69797 2
4.70082 2
4.71538 1
4.71722 2
4.71775 2
4.72859 8
4.73409 2
4.74623 2
4.75916 2
4.77967 4
4.7811 2
4.78192 1
4.78651 2
4.78711 2
4.79006 2
4.79395 2
4.79874 2
4.80423 2
4.80475 2
4.80693 2
4.81024 2
4.81294 2
4.82243 2
4.82792 4
4.83536 4
4.83659 2
4.84086 2
4.84503 2
4.84834 2
4.853 2
4.86475 1
4.86545 4
4.86986 2
4.87094 2
4.87229 2
4.88644 2
4.90331 2
4.90686 2
4.9137 14
4.91971 2
4.92839 2
4.93388 2
4.93923 2
4.94337 2
4.94472 2
4.94606 2
4.95156 2
4.95511 2
4.96266 1
4.96478 2
4.96867 2
4.97222 2
4.97664 2
4.97906 2
4.99256 2
4.99714 2
4.99805 2
5.00672 2
5.01008 2
5.02048 2
5.02317 2
5.02867 2
5.03734 2
5.03856 2
5.03946 2
5.04335 2
5.04548 1
5.0463 2
5.05149 2
5.05833 2
5.0805 2
5.08292 2
5.08842 2
5.10482 2
5.11202 1
5.1135 2
5.11619 2
5.12434 8
5.13118 4
5.13667 2
5.15761 6
5.16445 2
5.18727 2
5.1897 2
5.19546 2
5.19789 2
5.19902 2
5.20319 1
5.20586 2
5.20868 2
5.21012 2
5.21418 1
5.21552 2
5.21561 2
5.22297 2
5.22846 2
5.23381 2
5.2393 4
5.24797 4
5.25694 4
5.26438 4
5.29674 2
5.29969 1
5.3013 2
5.30224 2
5.30589 2
5.30945 2
5.31334 2
5.31546 2
5.31764 2
5.3223 2
5.32266 2
5.33232 2
5.34181 2
5.34272 2
5.3473 2
5.35 2
5.35475 2
5.37508 6
5.38058 8
5.38413 2
5.38802 2
5.40852 2
5.41649 2
5.41892 2
5.42441 2
5.43309 2
5.4391 4
5.44594 2
5.44994 2
5.45047 1
5.45342 2
5.45678 4
5.46757 2
5.47441 2
5.48185 2
5.48735 4
5.49005 2
5.50227 2
5.51194 2
5.53329 1
5.54013 2
5.54256 4
5.54697 1
5.54805 2
5.5498 2
5.55335 2
5.55724 2
5.55885 2
5.56019 4
5.56273 2
5.56355 2
5.56569 2
5.58571 2
5.59121 4
5.59363 2
5.60549 2
5.61724 2
5.62448 2
5.6269 2
5.63397 2
5.64189 2
5.6469 2
5.64913 1
5.65056 2
5.65657 4
5.66401 1
5.66696 2
5.66832 2
5.66966 2
5.67516 2
5.67699 2
5.68383 2
5.69467 2
5.69798 2
5.70068 2
5.71107 2
5.71485 2
5.71657 2
5.71727 2
5.72524 2
5.73125 2
5.73368 2
5.75319 2
5.75761 2
5.75869 2
5.77632 2
5.77902 2
5.79196 2
5.80144 2
5.8041 2
5.80959 2
5.81613 2
5.81908 2
5.82069 1
5.82162 2
5.82727 2
5.82787 2
5.83471 2
5.83754 2
5.84438 2
5.85252 2
5.85732 2
5.8803 2
5.88579 14
5.89129 2
5.89446 4
5.90351 1
5.90621 2
5.91636 2
5.91906 2
5.9272 2
5.92773 2
5.93404 2
5.93588 2
5.9383 2
5.94431 2
5.94873 2
5.96824 1
5.96915 2
5.97157 2
5.99256 2
5.99379 2
6.00124 2
6.00259 2
6.00393 2
6.00943 8
6.01298 2
6.02706 2
6.03451 2
6.0379 2
6.04535 4
6.05084 2
6.05219 2
6.05501 2
6.06051 2
6.06194 2
6.06795 2
6.0709 2
6.07592 2
6.09643 2
6.10192 2
6.10327 2
6.11071 2
6.1162 2
6.12246 1
6.12369 2
6.1297 2
6.13384 2
6.13662 2
6.13837 2
6.14386 2
6.14468 2
6.16154 2
6.17795 2
6.18221 2
6.18905 4
6.19454 4
6.20803 2
6.22006 4
6.2269 2
6.23046 6
6.23595 2
6.2377 2
6.24514 2
6.25064 2
6.25748 2
6.26282 2
6.26373 2
6.26832 4
6.26922 2
6.28154 2
6.29717 2
6.30159 2
6.30401 2
6.31481 4
6.32165 2
6.32684 2
6.33846 1
6.34116 2
6.34447 2
6.34665 2
6.34717 2
6.34726 2
6.35266 2
6.3541 2
6.36011 2
6.36306 2
6.36376 2
6.37509 2
6.39968 2
6.405 1
6.40517 8
6.42158 2
6.43295 2
6.43754 2
6.43845 8
6.44659 2
6.44793 2
6.44929 2
6.45343 2
6.45394 2
6.45612 2
6.46811 2
6.47081 2
6.47189 1
6.47436 2
6.47986 4
6.51222 2
6.51465 4
6.52262 2
6.52881 2
6.53228 4
6.53778 2
6.53972 2
6.54522 4
6.5527 2
6.55606 2
6.5574 1
6.5629 2
6.56839 1
6.57157 2
6.57369 2
6.57758 2
6.59056 2
6.60767 2
6.61564 2
6.64184 2
6.64625 2
6.64908 4
6.65592 6
6.65947 2
6.66676 2
6.66886 2
6.69049 2
6.69184 4
6.69733 14
6.70417 2
6.70843 2
6.71444 2
6.72528 2
6.73212 2
6.73303 2
6.74291 2
6.74841 2
6.74984 2
6.75585 2
6.76269 4
6.77353 2
6.77444 2
6.77903 2
6.78221 2
6.78311 2
6.79395 2
6.80411 2
6.8068 2
6.81548 2
6.81656 2
6.82097 2
6.8234 2
6.82627 1
6.84103 2
6.85187 2
6.85689 2
6.86655 2
6.87205 2
6.87949 2
6.88244 2
6.88514 2
6.90684 1
6.91022 2
6.91481 4
6.92225 2
6.92655 2
6.94124 2
6.94366 4
6.94808 2
6.94916 2
6.95233 2
6.95783 2
6.95864 2
6.97333 2
6.97551 2
6.98152 2
6.98507 2
6.98966 1
6.99019 2
6.99191 4
7.00059 2
7.0066 2
7.01957 2
7.0316 2
7.03403 2
7.042 2
7.04801 2
7.05019 2
7.05166 2
7.05436 2
7.0562 1
7.05911 2
7.0673 2
7.07679 2
7.08228 2
7.08493 2
7.09308 2
7.09577 4
7.09697 2
7.10871 2
7.11555 2
7.12085 2
7.12544 2
7.12635 4
7.13719 2
7.14403 2
7.15147 2
7.1543 2
7.15697 2
7.15871 2
7.15979 2
7.16114 4
7.16122 1
7.16663 4
7.17407 2
7.20255 6
7.20939 2
7.21122 2
7.21672 2
7.23312 2
7.23582 2
7.24449 2
7.24999 2
7.2508 2
7.2515 2
7.25241 2
7.26083 2
7.26791 2
7.28477 2
7.29274 2
7.29382 2
7.29557 2
7.31416 2
7.31874 2
7.32619 14
7.34382 2
7.35126 2
7.35676 2
7.3676 2
7.37726 2
7.3841 2
7.39155 2
7.39903 2
7.40087 2
7.40452 4
7.41543 1
7.42002 2
7.42093 2
7.42552 2
7.42642 1
7.4296 2
7.44044 2
7.44594 2
7.44645 2
7.45329 2
7.45879 2
7.46062 2
7.46305 2
7.46746 2
7.4783 2
7.49115 1
7.49541 2
7.5009 2
7.50338 2
7.50446 2
7.5058 2
7.5113 6
7.52479 2
7.53682 2
7.54366 2
7.54457 2
7.55541 2
7.56739 2
7.57009 2
7.57304 2
7.57559 2
7.58507 2
7.59015 2
7.59474 2
7.59617 1
7.60218 2
7.61834 2
7.62077 2
7.62801 2
7.63156 2
7.63706 2
7.64024 2
7.64843 2
7.66218 2
7.66271 1
7.66341 2
7.66942 2
7.67085 2
7.67686 2
7.67809 2
7.67982 2
7.69668 2
7.72193 2
7.72877 2
7.73012 2
7.74226 2
7.74554 1
7.74776 2
7.74971 2
7.7552 14
7.7607 2
7.76204 2
7.76487 1
7.77018 2
7.77288 2
7.79549 2
7.79796 2
7.80345 4
7.82898 2
7.8314 2
7.83354 2
7.83582 2
7.8369 2
7.84557 2
7.84769 1
7.84904 2
7.85453 2
7.85842 2
7.86137 1
7.86198 2
7.8659 2
7.87017 2
7.87335 2
7.87884 2
7.90732 4
7.92025 2
7.92709 2
7.93482 2
7.93941 2
7.94031 2
7.94301 2
7.95115 2
7.96584 2
7.97268 14
7.97817 2
7.98352 2
7.98561 2
8.00595 2
8.00612 2
8.01053 2
8.01409 8
8.04736 2
8.04978 2
8.06395 2
8.07201 2
8.07479 2
8.07945 2
8.0808 2
8.08398 1
8.08693 2
8.08947 2
8.09243 2
8.09497 1
8.09631 2
8.10953 2
8.12356 2
8.13773 4
8.14015 2
8.14739 2
8.15364 2
8.15914 2
8.18048 1
8.18156 2
8.18331 2
8.18881 2
8.19564 2
8.19625 2
8.1992 2
8.2019 4
8.20309 2
8.20739 2
8.21484 2
8.21658 2
8.25799 2
8.26042 2
8.26591 2
8.26726 2
8.27275 2
8.27459 2
8.27728 2
8.28264 1
8.29227 2
8.29828 2
8.30512 2
8.30867 2
8.31417 2
8.31734 2
8.32554 2
8.33633 2
8.34317 2
8.34836 2
8.34918 1
8.35061 2
8.35079 2
8.3552 2
8.35611 2
8.37661 2
8.38406 4
8.38955 2
8.40169 2
8.41253 2
8.41803 2
8.42547 2
8.43231 4
8.43955 2
8.44197 2
8.4431 2
8.44994 2
8.4513 2
8.4542 1
8.46078 2
8.46239 2
8.47789 2
8.48339 8
8.49083 2
8.49206 2
8.50381 2
8.51575 2
8.5248 2
8.52533 2
8.52992 1
8.53617 2
8.54166 2
8.54632 2
8.55258 2
8.5538 2
8.55807 2
8.56125 2
8.56674 4
8.56917 2
8.58442 2
8.59043 2
8.59409 2
8.60019 2
8.60153 2
8.60703 4
8.63091 2
8.6355 2
8.64294 8
8.64844 2
8.64978 2
8.65261 2
8.66058 2
8.67744 2
8.68413 1
8.69385 2
8.69402 2
8.70086 2
8.72128 6
8.72729 2
8.73413 2
8.73596 2
8.75455 2
8.77554 2
8.77738 2
8.78422 4
8.78664 2
8.79506 2
8.79596 2
8.81766 2
8.81991 2
8.8245 2
8.82805 4
8.83075 2
8.83625 2
8.84155 2
8.84839 2
8.85093 2
8.85388 2
8.86042 2
8.86132 4
8.86856 2
8.88624 2
8.89099 2
8.89369 2
8.89477 2
8.89918 2
8.90274 2
8.9351 2
8.93753 2
8.93875 2
8.94477 2
8.95169 2
8.95516 2
8.9577 2
8.96065 2
8.96519 4
8.97068 2
8.97203 2
8.98017 2
8.98618 2
8.98836 1
8.99302 2
8.99728 2
9.00547 2
9.01344 2
9.0231 2
9.03055 4
9.03513 2
9.03604 2
9.03852 1
9.04688 2
9.06452 2
9.07196 8
9.07745 2
9.0788 2
9.08429 2
9.08882 2
9.08964 2
9.09513 2
9.10432 2
9.1054 1
9.10982 4
9.11224 2
9.11908 1
9.12988 2
9.1503 2
9.16233 2
9.16315 2
9.17129 2
9.18266 4
9.18815 2
9.1956 4
9.20191 1
9.20244 2
9.21323 2
9.22407 2
9.23091 2
9.23692 2
9.24118 2
9.24385 2
9.24668 2
9.25351 4
9.25977 2
9.26435 2
9.26526 2
9.28943 6
9.29493 8
9.29763 2
9.30237 2
9.3282 2
9.32972 2
9.33768 2
9.33904 2
9.35014 2
9.35563 2
9.36654 2
9.36777 2
9.37204 2
9.37378 2
9.38071 2
9.38795 1
9.4044 4
9.40563 2
9.41307 4
9.41857 2
9.43448 2
9.44245 2
9.45448 2
9.45691 2
9.47454 2
9.4759 2
9.47724 2
9.48274 4
9.49141 2
9.49742 2
9.50556 2
9.50781 2
9.5124 2
9.51865 2
9.52415 2
9.53883 2
9.54035 1
9.54126 2
9.54567 2
9.56609 2
9.58159 2
9.58267 2
9.58951 2
9.59134 2
9.59404 2
9.59818 2
9.60088 2
9.60419 2
9.60689 1
9.60902 2
9.61503 2
9.62371 2
9.6292 2
9.64229 2
9.65309 2
9.67287 2
9.68253 2
9.68371 2
9.68788 2
9.68972 1
9.69337 8
9.69887 2
9.70021 2
9.70081 2
9.70631 2
9.70765 2
9.71315 2
9.71845 2
9.74162 2
9.74907 2
9.75631 4
9.77673 2
9.77915 2
9.80014 4
9.80698 2
9.81151 2
9.81701 4
9.83341 2
9.83464 2
9.84209 2
9.84639 1
9.85842 2
9.86526 2
9.87127 2
9.8835 2
9.88592 2
9.89034 2
9.89316 2
9.91084 2
9.91829 2
9.92378 8
9.94142 2
9.94411 2
9.94767 2
9.95156 2
9.95226 2
9.95316 2
9.95705 2
9.97711 1
9.98553 4
9.99662 2
9.99847 2
10.0021 2
10.0081 2
10.0176 2
10.038 4
10.0435 2
10.0509 4
10.0599 1
10.0651 2
10.0713 4
10.0759 2
10.0923 2
10.101 2
10.1092 2
10.1116 2
10.1224 2
10.1247 1
10.1263 2
10.1292 2
10.1344 2
10.1413 2
10.153 2
10.1677 2
10.1706 2
10.1781 2
10.1877 2
10.1949 2
10.2091 2
10.2159 4
10.2184 2
10.246 4
10.2615 2
10.2757 2
10.2784 2
10.2813 1
10.2819 2
10.2874 2
10.2888 4
10.2943 4
10.2948 2
10.2962 1
10.3003 2
10.3017 2
10.3072 1
10.3114 2
10.3222 2
10.3302 2
10.3399 2
10.3528 6
10.3596 2
10.3636 2
10.3705 2
10.3813 2
10.3852 4
10.3881 2
10.3907 2
10.3942 2
10.3956 2
10.3969 2
10.3984 1
10.4011 2
10.4056 2
10.429 2
10.4334 2
10.4538 2
10.4635 2
10.4671 2
10.4709 2
10.4919 2
10.4949 1
10.4994 2
10.5037 2
10.5049 6
10.5124 2
10.5178 2
10.5382 2
10.5452 2
10.5606 2
10.5703 6
10.5765 2
10.582 2
10.5907 2
10.6035 2
10.6117 2
10.6144 2
10.6231 2
10.6285 2
10.632 2
10.6395 2
10.644 2
10.645 4
10.6457 1
10.6486 2
10.6852 2
10.6927 2
10.6975 2
10.7002 2
10.7057 2
10.7224 2
10.7233 2
10.7285 1
10.7298 2
10.7341 2
10.7353 2
10.7422 1
10.7512 2
10.7557 2
10.7581 2
10.7809 2
10.7927 2
10.7995 8
10.8124 2
10.8142 4
10.8197 2
10.8292 2
10.8319 2
10.8374 2
10.8409 2
10.8624 2
10.8649 2
10.8828 2
10.8899 2
10.8959 2
10.9063 2
10.9108 2
10.9163 2
10.9231 2
10.9339 2
10.9386 2
10.9482 2
10.9528 2
10.959 2
10.9645 2
10.9663 2
10.9687 2
10.9742 2
10.9767 2
10.9827 1
10.9896 2
10.9993 2
11.002 2
11.0101 2
11.017 2
11.0225 2
11.0231 2
11.0299 2
11.0434 2
11.0576 2
11.0731 2
11.0755 2
11.0848 2
11.0924 2
11.0959 2
11.1003 2
11.1014 2
11.1041 1
11.1088 2
11.1143 2
11.1229 2
11.1338 6
11.1406 2
11.1466 2
11.1514 2
11.1588 2
11.1634 1
11.1643 2
11.167 2
11.1752 2
11.182 2
11.188 2
11.1991 2
11.2109 2
11.2276 2
11.2285 2
11.23 1
11.2331 2
11.2405 4
11.2474 2
11.2609 2
11.2664 4
11.2738 2
11.2914 2
11.311 2
11.3176 1
11.3189 2
11.3249 2
11.3336 2
11.3467 2
11.3512 2
11.3521 4
11.3567 2
11.3676 2
11.3731 2
11.3777 2
11.3806 2
11.3845 2
11.3881 2
11.3936 2
11.4032 2
11.4259 2
11.4283 2
11.4356 2
11.446 2
11.4534 2
11.458 2
11.4589 2
11.4698 2
11.4844 2
11.4874 2
11.4913 4
11.4968 2
11.5021 2
11.5043 2
11.5103 2
11.5117 2
11.5198 2
11.5214 2
11.5327 2
11.5364 2
11.539 1
11.5424 2
11.5628 6
11.5696 2
11.6002 1
11.6042 2
11.6055 2
11.611 8
11.617 2
11.6219 1
11.6281 2
11.639 2
11.6445 2
11.6458 2
11.6513 2
11.6566 2
11.666 2
11.6696 2
11.6899 2
11.6954 2
11.7074 2
11.7178 2
11.7223 2
11.7292 2
11.7347 2
11.7352 2
11.7479 2
11.7526 1
11.7803 8
11.7858 2
11.792 2
11.7967 2
11.8108 2
11.8135 2
11.8217 2
11.8285 2
11.8345 2
11.836 2
11.8414 2
11.8549 4
11.8574 2
11.862 2
11.887 4
11.8897 2
11.8952 2
11.8988 2
11.9039 2
11.9203 2
11.9311 2
11.9366 2
11.9453 2
11.9617 2
11.981 2
11.9891 2
11.9986 2
12.002 2
12.0095 2
12.0107 2
12.0215 1
12.0242 2
12.0297 2
12.0391 2
12.04 2
12.0439 2
12.0521 2
12.068 2
12.0724 2
12.0748 2
12.0803 2
12.1054 2
12.1162 4
12.1217 2
12.1249 2
12.1309 2
12.1331 2
12.1364 2
12.1391 2
12.1433 2
12.1541 2
12.1792 2
12.1916 2
12.1996 2
12.2093 2
12.2148 2
12.227 2
12.2324 2
12.2344 2
12.2399 8
12.2404 1
12.2454 2
12.2459 2
12.2496 2
12.2514 1
12.2546 2
12.2575 2
12.291 4
12.316 2
12.3242 4
12.3324 2
12.3329 2
12.3337 2
12.3392 2
12.3467 2
12.3539 2
12.3743 2
12.3812 2
12.3872 2
12.3971 1
12.398 2
12.4091 2
12.431 2
12.4397 2
12.4505 4
12.456 2
12.4682 2
12.4799 1
12.4838 4
12.4879 2
12.4893 2
12.4906 2
12.4988 2
12.5039 2
12.5048 2
12.5093 2
12.5349 2
12.5417 4
12.5492 2
12.5776 2
12.5831 6
12.5906 2
12.5918 2
12.5942 2
12.5961 2
12.6106 1
12.6251 2
12.6356 2
12.6383 2
12.6416 2
12.6438 2
12.6485 2
12.6585 2
12.6615 2
12.6689 6
12.6735 2
12.6863 1
12.6986 2
12.7013 4
12.7068 2
12.72 2
12.7272 1
12.7318 2
12.7427 2
12.7451 2
12.7506 2
12.7598 2
12.7627 2
12.7653 2
12.7682 2
12.7796 2
12.8135 2
12.821 2
12.827 2
12.8285 2
12.8339 2
12.834 2
12.8381 2
12.8436 2
12.8579 1
12.8795 4
12.8864 8
12.8919 2
12.8924 2
12.9119 2
12.9149 1
12.9174 2
12.9242 2
12.9278 4
12.9338 2
12.9375 2
12.9407 1
12.9449 2
12.9531 2
12.9681 2
12.9932 2
12.9945 2
13.0032 2
13.01 2
13.0121 2
13.0242 2
13.031 2
13.0445 2
13.0514 2
13.0611 2
13.0685 2
13.097 2
13.1025 4
13.1052 2
13.1303 4
13.1358 2
13.1382 2
13.1621 1
13.1681 2
13.1717 2
13.1785 2
13.1787 2
13.2011 2
13.212 6
13.2207 2
13.2296 2
13.2324 2
13.2371 2
13.2426 2
13.2452 2
13.2621 2
13.2689 2
13.2749 2
13.2792 1
13.2821 2
13.2848 2
13.2903 2
13.2978 2
13.3188 2
13.3262 2
13.3317 2
13.3392 2
13.3464 2
13.3488 2
13.3533 4
13.3568 2
13.3757 1
13.3892 2
13.3916 2
13.3971 4
13.4118 2
13.4295 2
13.439 2
13.4499 2
13.4532 2
13.4559 2
13.4709 2
13.4725 2
13.4804 2
13.5128 2
13.5152 2
13.5207 2
13.5315 2
13.5342 2
13.5384 2
13.5444 1
13.5458 2
13.5492 2
13.5566 2
13.5639 2
13.5899 2
13.6077 2
13.6355 2
13.641 8
13.6465 2
13.6478 2
13.6497 2
13.656 2
13.6673 2
13.6734 2
13.6789 2
13.6911 2
13.6979 2
13.7259 2
13.7314 2
13.7376 1
13.7478 2
13.749 2
13.7564 2
13.7646 4
13.7741 2
13.7796 2
13.7801 2
13.7823 2
13.7856 2
13.7931 2
13.8005 2
13.8261 2
13.8585 6
13.8635 1
13.8726 2
13.8789 2
13.8844 2
13.889 2
13.8999 4
13.9167 2
13.9192 2
13.9332 2
13.9368 2
13.9442 2
13.9497 2
13.9753 2
13.9782 2
13.9821 4
13.9857 4
13.9902 2
13.9912 2
14.018 2
14.0202 1
14.0235 6
14.0259 2
14.0367 2
14.0436 2
14.0568 2
14.0691 2
14.0814 2
14.0889 2
14.1093 2
14.1269 2
14.1303 2
14.1378 2
14.1438 2
14.1549 2
14.1604 4
14.1672 2
14.1726 1
14.1781 2
14.1836 1
14.1927 2
14.2031 2
14.2086 2
14.2337 1
14.2364 2
14.2419 2
14.2614 2
14.2674 2
14.2698 2
14.284 2
14.2848 2
14.2875 2
14.2995 2
14.3193 2
14.3253 2
14.3268 2
14.3289 2
14.3328 2
14.3482 2
14.3682 2
14.3779 4
14.3896 2
14.4111 2
14.4193 2
14.422 2
14.4261 2
14.4321 2
14.447 2
14.4525 6
14.455 2
14.4873 2
14.4928 2
14.5254 2
14.5287 2
14.5342 2
14.5374 2
14.562 2
14.5632 2
14.5707 2
14.5762 2
14.6071 4
14.6145 2
14.6218 2
14.6321 2
14.6376 2
14.6403 2
14.6632 2
14.67 8
14.6714 1
14.6724 2
14.6775 2
14.7138 2
14.7307 2
14.7471 2
14.7558 2
14.7613 2
14.7666 2
14.7721 2
14.7726 2
14.7768 2
14.7781 2
14.7795 2
14.785 2
14.7892 2
14.7961 2
14.8021 1
14.8245 2
14.8375 2
14.8483 2
14.851 2
14.866 2
14.8708 2
14.8789 2
14.8831 2
14.8849 1
14.9079 2
14.9139 2
14.9542 2
14.9578 4
14.9664 2
14.9719 2
14.9956 2
15.0067 2
15.0147 2
15.016 2
15.0207 2
15.0229 2
15.0306 1
15.0361 2
15.04 2
15.0416 1
15.0685 2
15.0739 2
15.0814 8
15.1063 1
15.1228 2
15.1241 2
15.1296 2
15.1393 2
15.1429 2
15.1467 2
15.1597 2
15.1752 4
15.1807 4
15.2131 2
15.214 2
15.2335 2
15.2359 2
15.2586 2
15.2665 4
15.2773 2
15.2779 1
15.292 2
15.295 2
15.2989 6
15.3044 2
15.3199 1
15.3403 2
15.3607 1
15.3735 2
15.3772 2
15.3832 2
15.3846 2
15.3901 2
15.4131 2
15.4186 4
15.4246 2
15.451 2
15.4519 2
15.4674 2
15.4736 2
15.4765 1
15.4771 2
15.484 4
15.4853 2
15.49 2
15.4914 1
15.5254 2
15.5281 2
15.5423 2
15.5483 2
15.5577 2
15.5587 2
15.5866 2
15.591 2
15.5921 2
15.6008 2
15.6211 2
15.6421 2
15.6435 2
15.649 2
15.6625 2
15.6649 2
15.6946 2
15.7279 8
15.7334 2
15.7387 2
15.7693 2
15.7717 2
15.7761 2
15.7956 1
15.8017 2
15.8096 2
15.8182 2
15.8272 2
15.83 2
15.8347 2
15.8788 2
15.8824 2
15.8879 2
15.8929 2
15.8954 2
15.9203 2
15.9238 2
15.9293 2
15.9508 2
15.9571 2
15.9643 1
15.9658 2
15.9713 2
15.9868 4
15.995 2
16.027 2
16.0475 4
16.0535 2
16.0603 2
16.0651 2
16.0711 2
16.0725 2
16.078 2
16.1017 2
16.106 2
16.1104 2
16.1542 2
16.1615 2
16.1677 2
16.1719 2
16.1732 2
16.1746 2
16.1779 1
16.1801 2
16.1875 2
16.1972 2
16.2056 2
16.2386 2
16.2649 2
16.271 2
16.28 2
16.2813 2
16.2955 2
16.2982 2
16.2993 1
16.309 2
16.3124 2
16.3396 2
16.3493 2
16.3622 2
16.3907 2
16.3981 4
16.405 2
16.4158 2
16.4252 1
16.4351 2
16.4561 2
16.4765 4
16.4893 2
16.5061 2
16.5088 2
16.5143 2
16.5179 2
16.5307 2
16.5418 2
16.5503 2
16.5527 2
16.5703 2
16.5729 2
16.5758 2
16.5797 2
16.5833 2
16.6082 2
16.6156 4
16.6211 2
16.6414 2
16.6537 1
16.6903 2
16.694 2
16.6995 2
16.7 2
16.7055 2
16.7069 2
16.7149 2
16.7342 1
16.7482 2
16.7686 2
16.7783 2
16.8007 2
16.8089 2
16.8171 1
16.8176 2
16.8236 2
16.834 2
16.8521 2
16.859 2
16.865 2
16.8719 2
16.8754 2
16.8836 1
16.8851 2
16.9175 2
16.9244 2
16.9304 2
16.9434 2
16.9528 2
16.9589 2
16.9817 2
16.9861 2
16.9872 2
17.0087 2
17.0196 4
17.0446 2
17.0501 4
17.0825 2
17.0849 2
17.0942 2
17.123 2
17.1263 2
17.1596 2
17.1608 2
17.1683 2
17.1967 2
17.2047 2
17.2097 2
17.2194 2
17.222 1
17.2676 2
17.2739 2
17.288 2
17.3009 2
17.3049 1
17.3117 2
17.3186 1
17.3228 2
17.3283 2
17.3288 2
17.3343 2
17.3642 2
17.3771 2
17.3948 2
17.3975 2
17.403 2
17.4185 2
17.4221 2
17.4296 2
17.4356 1
17.4486 2
17.4554 2
17.4864 2
17.4968 2
17.5043 2
17.5055 2
17.5115 2
17.5292 2
17.5667 2
17.5722 2
17.5877 2
17.5923 1
17.5932 2
17.6136 2
17.6564 2
17.666 4
17.6735 2
17.6751 1
17.679 4
17.6858 2
17.6993 2
17.7075 2
17.7398 1
17.7407 2
17.7728 2
17.7932 2
17.8061 2
17.8203 2
17.8311 4
17.8335 2
17.8379 2
17.8475 2
17.8965 4
17.9082 2
17.91 2
17.9114 1
17.9154 2
17.9169 2
17.9224 1
17.9379 2
17.9711 2
17.9748 2
18.0107 2
18.0162 2
18.0167 2
18.0222 2
18.0237 2
18.0291 2
18.044 2
18.0486 2
18.0854 2
18.1071 2
18.11 1
18.1188 2
18.1257 2
18.1758 2
18.1766 1
18.1818 2
18.1886 2
18.2187 2
18.2397 2
18.2546 2
18.2601 4
18.267 2
18.3004 2
18.3255 4
18.3432 2
18.3573 1
18.3633 2
18.3669 2
18.3737 2
18.3872 2
18.4178 2
18.4276 2
18.4404 2
18.4776 2
18.48 2
18.5109 2
18.5214 2
18.5538 2
18.5547 2
18.5634 2
18.5844 2
18.5871 2
18.5926 2
18.5979 1
18.6048 2
18.6176 2
18.6285 2
18.6451 2
18.6511 2
18.6783 2
18.6938 2
18.696 2
18.708 2
18.7239 2
18.7294 2
18.7618 2
18.7722 2
18.7851 2
18.8032 2
18.8136 2
18.8307 2
18.8451 1
18.8625 2
18.8685 2
18.889 2
18.9066 2
18.9317 2
18.9328 1
18.9372 4
18.9519 2
18.9828 2
18.9883 2
18.9957 2
19.0161 2
19.0216 2
19.0587 1
19.0643 2
19.0686 2
19.0741 2
19.1064 4
19.1119 2
19.1228 2
19.1283 2
19.1397 2
19.1479 2
19.2012 2
19.2132 2
19.2154 1
19.2322 2
19.239 2
19.2465 2
19.252 2
19.275 2
19.3248 2
19.333 2
19.339 2
19.3503 2
19.3662 2
19.3678 1
19.3986 2
19.4118 2
19.4316 2
19.4343 1
19.4424 2
19.4497 2
19.4511 2
19.4566 2
19.4571 2
19.4626 2
19.5054 2
19.5171 1
19.5355 2
19.5769 2
19.5837 4
19.6172 2
19.6422 2
19.6449 2
19.6504 2
19.6591 2
19.6918 2
19.6987 2
19.7206 2
19.7572 2
19.7584 2
19.7659 2
19.7943 2
19.8276 2
19.8355 2
19.8556 1
19.8611 2
19.8666 1
19.8679 2
19.9093 4
19.9344 2
19.9521 1
19.9537 2
19.9618 2
19.9678 2
19.9747 2
19.9951 2
20.0023 2
20.0365 2
20.0462 2
20.0889 2
20.1031 2
20.1058 2
20.1091 2
20.1199 2
20.1222 2
20.1268 2
20.1277 2
20.1643 2
20.2057 2
20.2112 2
20.2126 4
20.2181 2
20.2258 1
20.2636 2
20.2969 2
20.3015 1
20.3193 2
20.3328 2
20.3383 4
20.347 2
20.4287 2
20.449 2
20.4538 2
20.4565 2
20.462 2
20.4715 2
20.4731 1
20.5075 2
20.549 2
20.5558 4
20.5559 1
20.5687 2
20.6083 2
20.6416 4
20.6462 2
20.6471 2
20.6626 2
20.6794 2
20.7233 2
20.7862 2
20.7937 2
20.8101 1
20.8163 2
20.8522 2
20.8577 2
20.8604 2
20.8901 2
20.9005 2
20.9339 2
20.9672 4
20.974 2
20.9848 2
20.9908 1
20.9968 2
21.0154 2
21.0574 1
21.074 2
21.1444 2
21.1523 2
21.1595 1
21.161 2
21.1847 4
21.1901 2
21.2051 2
21.2261 2
21.263 2
21.268 2
21.3118 2
21.3295 2
21.3377 2
21.3629 2
21.3698 2
21.3953 2
21.4008 2
21.4444 2
21.4786 1
21.4934 2
21.5042 2
21.5348 2
21.5483 2
21.5626 2
21.6137 2
21.6551 2
21.6619 2
21.6719 2
21.704 2
21.7373 2
21.7455 2
21.7732 2
21.7787 4
21.8366 2
21.8489 1
21.8516 2
21.8571 2
21.8726 2
21.8855 2
21.9479 2
21.9583 2
21.9638 2
21.9665 2
21.9962 2
22.0473 2
22.0678 1
22.0733 2
22.0788 1
22.082 2
22.1772 2
22.1813 2
22.2146 2
22.2254 2
22.2425 2
22.2839 2
22.2894 2
22.2926 2
22.3322 2
22.3623 2
22.3919 2
22.3946 2
22.4001 2
22.4172 1
22.4252 4
22.469 2
22.4859 2
22.5001 1
22.5014 2
22.5069 2
22.5137 1
22.5872 2
22.5927 2
22.6358 2
22.6544 2
22.7198 2
22.7244 2
22.7393 2
22.7448 2
22.7612 2
22.7619 2
22.8291 2
22.8516 2
22.8719 2
22.8945 2
22.9304 2
22.935 1
22.9359 2
22.9887 2
22.9955 2
23.0016 1
23.0541 2
23.0825 2
23.0955 2
23.1023 2
23.1051 2
23.1066 1
23.1738 2
23.2062 2
23.2392 2
23.2806 2
23.2833 2
23.313 2
23.3462 2
23.3718 1
23.3913 2
23.4498 2
23.4939 2
23.5008 2
23.5063 2
23.5209 2
23.5824 2
23.6075 2
23.613 2
23.6755 2
23.6909 1
23.706 2
23.7169 2
23.7822 2
23.793 1
23.8027 2
23.8155 2
23.8237 2
23.8656 2
23.8965 2
23.9712 2
24.0201 2
24.0262 2
24.0403 1
24.0948 2
24.1045 2
24.1269 2
24.1459 2
24.1527 2
24.1602 2
24.2113 2
24.2595 2
24.3055 2
24.3349 2
24.3634 2
24.3708 2
24.3966 2
24.4492 2
24.4702 2
24.487 2
24.4906 2
24.4988 1
24.5034 2
24.5455 2
24.5938 2
24.6 2
24.6055 2
24.6295 1
24.7123 1
24.7413 2
24.7748 2
24.7816 2
24.823 2
24.8401 2
24.8481 2
24.916 2
24.9337 1
24.9922 2
25.0228 2
25.0336 2
25.0405 2
25.0508 1
25.1194 2
25.1473 1
25.2106 2
25.252 2
25.2844 2
25.301 2
25.3174 2
25.3757 2
25.4212 2
25.4627 2
25.4695 2
25.528 2
25.5863 2
25.6291 2
25.6351 1
25.6442 2
25.6517 2
25.7917 1
25.8038 2
25.8809 2
25.8985 2
25.9438 2
25.9889 2
26.0053 1
26.033 2
26.0556 2
26.0984 2
26.1398 2
26.1545 2
26.2328 2
26.2526 1
26.309 2
26.3396 2
26.3423 2
26.3478 2
26.4003 2
26.449 2
26.4632 2
26.5274 2
26.5329 2
26.651 2
26.6738 1
26.6795 2
26.6924 2
26.738 2
26.7435 2
26.7578 2
26.7863 2
26.8616 2
26.8671 2
26.9099 2
26.9684 2
27.0302 2
27.0468 2
27.0495 1
27.1205 2
27.1323 1
27.1562 2
27.1617 2
27.263 1
27.3138 2
27.3389 2
27.3724 2
27.4151 2
27.4206 2
27.5495 2
27.5672 1
27.5898 2
27.6645 2
27.7374 2
27.7428 2
27.8441 2
27.8496 2
27.882 2
27.9345 2
28.0092 2
28.0671 2
28.1839 2
28.1907 2
28.1967 1
28.2777 2
28.4014 2
28.4253 1
28.4346 2
28.4785 2
28.5414 2
28.5892 2
28.6306 2
28.6725 1
28.6891 2
28.696 2
28.7793 2
28.8861 1
28.9399 2
28.9813 2
29.0596 2
29.1664 2
29.1777 2
29.2771 2
29.2845 2
29.29 2
29.5007 2
29.5918 2
29.683 1
29.6885 2
29.694 1
29.7952 2
29.8297 2
29.9365 2
29.9473 2
30.1289 1
30.335 2
30.3764 2
30.4796 2
30.6167 1
30.7175 2
30.7235 2
30.8242 2
30.8303 1
30.9614 2
30.9869 1
31.0682 2
31.2227 2
31.2282 2
31.306 1
31.4307 2
31.5375 2
31.7753 2
31.8747 2
32.1186 2
32.2254 2
32.2446 1
32.3275 1
32.4632 2
32.7624 1
32.829 1
32.9325 2
33.0396 2
33.2502 1
33.3483 2
33.559 2
33.6204 1
33.8536 2
33.8677 1
34.0642 2
34.3729 2
34.8782 1
35.4625 1
35.6372 2
35.8119 1
35.9819 2
36.1566 2
36.5012 1
38.0241 1
38.2348 2
38.4454 1
40.4441 1
40.5509 2
40.6577 1
43.0776 1
45.6393 1
48.2728 1
