-78.0924 1
-76.5305 1
-74.9687 1
-73.4068 4
-71.845 5
-70.2831 13
-68.7213 25
-67.1594 36
-65.5976 63
-64.0357 115
-62.4739 199
-60.912 340
-59.3502 594
-57.7883 1021
-56.2265 1574
-54.6646 2305
-53.1028 3398
-51.541 4979
-49.9791 7130
-48.4173 10197
-46.8554 14321
-45.2936 19760
-43.7317 27061
-42.1699 36348
-40.608 48053
-39.0462 62732
-37.4843 80452
-35.9225 102268
-34.3606 128341
-32.7988 159551
-31.2369 195825
-29.6751 238110
-28.1132 286133
-26.5514 339655
-24.9896 398881
-23.4277 463638
-21.8659 533409
-20.304 606831
-18.7422 684444
-17.1803 763949
-15.6185 844464
-14.0566 924217
-12.4948 1001632
-10.9329 1075032
-9.37108 1143189
-7.80924 1203685
-6.24739 1255201
-4.68554 1297216
-3.12369 1328397
-1.56185 1346877
0 1353488
1.56185 1346877
3.12369 1328397
4.68554 1297216
6.24739 1255201
7.80924 1203685
9.37108 1143189
10.9329 1075032
12.4948 1001632
14.0566 924217
15.6185 844464
17.1803 763949
18.7422 684444
20.304 606831
21.8659 533409
23.4277 463638
24.9896 398881
26.5514 339655
28.1132 286133
29.6751 238110
31.2369 195825
32.7988 159551
34.3606 128341
35.9225 102268
37.4843 80452
39.0462 62732
40.608 48053
42.1699 36348
43.7317 27061
45.2936 19760
46.8554 14321
48.4173 10197
49.9791 7130
51.541 4979
53.1028 3398
54.6646 2305
56.2265 1574
57.7883 1021
59.3502 594
60.912 340
62.4739 199
64.0357 115
65.5976 63
67.1594 36
68.7213 25
70.2831 13
71.845 5
73.4068 4
74.9687 1
76.5305 1
78.0924 1
