-80.4374 8
-77.2548 64
-76.9557 128
-75.7128 128
-74.3145 128
-71.4256 1024
-70.6274 1024
-70.1006 128
-69.1237 128
-68.6576 384
-68.1916 288
-67.7128 2048
-67.5512 2048
-66.3402 2048
-65.9411 2048
-65.6554 128
-65.2429 2048
-64.4374 48
-64.3281 1024
-64 1408
-63.862 256
-63.1584 2048
-63.0993 2048
-63.0008 2048
-62.5347 1024
-62.0686 128
-61.9849 1024
-61.8564 2048
-61.7388 2048
-61.2548 768
-61.1237 384
-60.7846 6144
-60.6576 1536
-60.1916 64
-59.9985 384
-59.9427 6144
-59.7128 23552
-59.5324 2624
-59.3137 16384
-58.6712 3072
-58.3145 768
-58.2051 7168
-58.1466 4608
-57.9411 6144
-57.81 304
-57.7391 256
-57.5913 2048
-57.5692 32768
-57.3439 2688
-57.0366 6144
-56.9038 6144
-56.8779 4800
-56.7846 16384
-56.4118 384
-56.3281 4096
-56.2163 4608
-56.1711 1024
-55.9457 8
-55.862 6144
-55.8384 32768
-55.7128 4096
-55.4256 14336
-55.2405 4096
-55.2029 256
-55.0265 32768
-55.0008 6144
-54.9282 1024
-54.6274 56064
-54.5347 4096
-54.5017 2048
-54.3417 2048
-53.8756 12288
-53.8564 41984
-53.6948 32768
-53.4095 6144
-53.1237 768
-53.0144 7168
-52.7846 17408
-52.6576 2304
-52.5754 16384
-52.5483 22528
-52.4838 32768
-52.3343 32768
-52.1916 1728
-52.0822 7168
-51.9985 1536
-51.8879 4096
-51.7128 43008
-51.6871 4864
-51.5324 2304
-51.3137 49152
-51.221 7168
-51.0307 6144
-50.8733 288
-50.7549 2048
-50.6712 16384
-50.6491 32768
-50.641 16384
-50.5382 16384
-50.3402 12288
-50.2051 28672
-50.026 32768
-49.9616 16384
-49.9411 24576
-49.8564 24576
-49.81 1024
-49.7919 6144
-49.7391 6144
-49.6554 768
-49.546 7168
-49.4281 4096
-49.3439 10752
-49.2742 2048
-49.2429 22400
-49.1044 24576
-49.0799 3072
-48.8779 14848
-48.7846 98304
-48.7421 2048
-48.6848 2688
-48.4374 8
-48.4169 1024
-48.4118 1536
-48.3281 6144
-48.2299 98304
-48.2187 48896
-48 120576
-47.8824 32768
-47.8656 4096
-47.862 1536
-47.7526 30976
-47.7128 4096
-47.632 36864
-47.5596 32768
-47.3575 8192
-47.2866 2624
-47.2029 6144
-47.1781 6144
-47.0265 98304
-47.0008 12288
-46.9282 53248
-46.8914 50176
-46.7666 16384
-46.6274 114688
-46.5347 6144
-46.5219 4608
-46.4963 128
-46.4338 73728
-46.4253 22528
-46.3417 6144
-46.3208 24576
-46.0863 98304
-46.0686 768
-46.0302 2688
-45.9849 1024
-45.9593 1024
-45.8756 49152
-45.8564 402944
-45.8359 4096
-45.6333 98304
-45.5641 11456
-45.5556 16384
-45.4095 7168
-45.3238 98304
-45.2548 2432
-45.2164 1024
-45.1237 384
-45.0981 2688
-45.082 4608
-45.0144 28672
-44.9458 4096
-44.7846 129024
-44.776 24576
-44.7504 6144
-44.7258 36864
-44.6576 1536
-44.632 128
-44.5483 110592
-44.3945 36864
-44.2902 73728
-44.1916 64
-44.0885 36864
-44.0822 28672
-43.9985 2304
-43.8891 22528
-43.7128 801664
-43.707 75264
-43.6871 16384
-43.6161 1024
-43.5324 15744
-43.5276 65536
-43.4231 50176
-43.3137 636928
-43.221 28672
-43.1802 98304
-43.0279 4864
-43.0195 6144
-42.957 3072
-42.9297 75264
-42.9282 98304
-42.8733 64
-42.8497 98304
-42.7549 6144
-42.6712 18432
-42.5619 86016
-42.332 128
-42.3147 1024
-42.3145 128
-42.2051 43008
-42.1622 65536
-42.0958 119808
-41.9924 32768
-41.9411 43008
-41.8564 212992
-41.8197 16384
-41.81 1824
-41.7391 1536
-41.7007 7168
-41.6297 12288
-41.6109 1024
-41.5692 458752
-41.546 28672
-41.384 65536
-41.3439 16128
-41.3049 98304
-41.2346 58880
-41.1701 524288
-41.1636 128
-41.1336 6144
-41.0799 37888
-41.0718 1024
-40.9542 16384
-40.9234 24576
-40.8779 28800
-40.7846 344064
-40.7685 50176
-40.6848 10752
-40.6215 524288
-40.6175 73728
-40.4477 4096
-40.4208 256
-40.4118 2304
-40.3734 2048
-40.3281 4096
-40.3024 3072
-40.2359 6144
-40.2187 162816
-40.0661 98304
-40.0235 49152
-40 230912
-39.9457 48
-39.9073 7168
-39.862 6144
-39.8384 358400
-39.7602 6144
-39.7526 123904
-39.7128 61440
-39.5596 4800
-39.4412 4864
-39.4256 1024
-39.3786 212992
-39.3575 38912
-39.3375 128
-39.2866 2304
-39.2029 1536
-39.1581 49152
-39.0935 30976
-39.0265 196608
-39.0008 6144
-38.9282 292864
-38.9029 4608
-38.8914 200704
-38.8254 262144
-38.6912 98304
-38.6274 823456
-38.5347 4096
-38.5214 98304
-38.4963 384
-38.4779 524288
-38.4253 110592
-38.3417 12288
-38.2323 50176
-38.2274 36864
-38.1398 73728
-38.0302 10752
-37.9593 4096
-37.8756 73728
-37.8564 881664
-37.8339 172032
-37.7662 162816
-37.7153 65536
-37.5641 39296
-37.4523 98304
-37.4095 36864
-37.3711 2688
-37.362 36864
-37.3001 50176
-37.2825 16384
-37.2164 4096
-37.1464 36864
-37.1237 128
-37.1174 75264
-37.0981 10752
-37.0292 32768
-37.0144 43008
-36.9766 98304
-36.905 118144
-36.8341 256
-36.7846 626688
-36.7649 32768
-36.7504 7168
-36.6863 16384
-36.6818 262144
-36.6576 384
-36.632 384
-36.5951 172032
-36.5483 135168
-36.4838 196608
-36.4389 216832
-36.2891 24576
-36.252 49152
-36.1916 288
-36.0912 128
-36.0822 43008
-36.0438 3072
-36 69632
-35.9985 1536
-35.9728 48896
-35.9192 589824
-35.9076 237568
-35.8891 110592
-35.7378 6144
-35.7128 479232
-35.6871 29184
-35.5777 50176
-35.5717 65536
-35.5324 2304
-35.5068 384
-35.4318 16384
-35.4231 200704
-35.3865 2048
-35.3563 4096
-35.3213 99328
-35.3137 1927168
-35.221 43008
-35.2201 24576
-35.1826 8
-35.1116 58880
-35.0503 579584
-35.0279 16384
-34.957 37888
-34.9282 622592
-34.8857 32768
-34.8733 1728
-34.8091 73728
-34.7639 7168
-34.7549 12288
-34.7165 384
-34.6712 16384
-34.6688 22528
-34.6456 7168
-34.641 229376
-34.5619 344064
-34.4558 32768
-34.3628 268288
-34.3402 2048
-34.2978 3072
-34.2504 4800
-34.2419 262144
-34.2112 4096
-34.2051 28672
-34.193 36864
-34.1436 2048
-34.1231 65536
-34.0958 409600
-34.026 358400
-33.9813 24576
-33.9411 77824
-33.9027 7168
-33.8564 581632
-33.8115 65536
-33.81 1024
-33.7844 2688
-33.7756 589824
-33.7391 6144
-33.7007 28672
-33.6753 32768
-33.6554 128
-33.6297 49152
-33.546 43008
-33.5252 32768
-33.5055 212992
-33.4366 119808
-33.3439 10752
-33.3183 304
-33.2429 2048
-33.2346 266240
-33.1701 1572864
-33.124 606208
-33.0799 18432
-33.0718 53248
-33.013 589824
-32.9706 77824
-32.9102 16384
-32.8779 14848
-32.818 22528
-32.7846 1490944
-32.7685 200704
-32.6848 16128
-32.6655 73728
-32.6482 1024
-32.5754 58880
-32.5727 2048
-32.5045 6144
-32.4365 212992
-32.4208 6144
-32.4151 99328
-32.4118 1536
-32.3991 32768
-32.3734 6144
-32.3281 1024
-32.3024 16384
-32.2667 212992
-32.2299 1075200
-32.2187 293376
-32.1094 351232
-32 3637248
-31.9795 65536
-31.9607 75264
-31.9073 28672
-31.8852 36864
-31.862 256
-31.7526 185856
-31.749 16384
-31.7142 2048
-31.7128 61440
-31.6992 16384
-31.6433 162816
-31.5792 724992
-31.5596 14848
-31.5497 262144
-31.4412 16384
-31.3575 49152
-31.305 2048
-31.2866 15744
-31.2482 86016
-31.2169 1204224
-31.2029 6144
-31.1977 169984
-31.1772 7168
-31.0935 123904
-31.0265 98304
-31.0008 2048
-30.9282 1118208
-30.8917 172032
-30.8914 301056
-30.8694 589824
-30.7821 290816
-30.7219 172032
-30.6274 823808
-30.619 49152
-30.5347 1024
-30.5102 36864
-30.4963 768
-30.4344 384
-30.4338 806400
-30.4253 135168
-30.3869 1024
-30.3417 6144
-30.3404 268288
-30.316 86016
-30.2323 200704
-30.2042 6144
-30.1068 262144
-30.0686 128
-30.0344 606208
-30.0302 16128
-29.9683 2624
-29.9593 6144
-29.9209 22528
-29.8756 49152
-29.8564 9252864
-29.8499 2048
-29.8227 2048
-29.7662 753664
-29.7536 131072
-29.6529 462848
-29.5641 68736
-29.5556 98304
-29.5089 36864
-29.4831 75264
-29.4548 50176
-29.4208 98304
-29.4095 7168
-29.3711 10752
-29.347 24576
-29.3238 1075200
-29.3001 200704
-29.2548 768
-29.2164 6144
-29.1772 65536
-29.1071 22528
-29.0981 16128
-29.0733 1204224
-29.0718 98304
-29.0597 128
-29.0144 28672
-28.9887 8192
-28.9654 98304
-28.905 423424
-28.8341 6144
-28.8229 6144
-28.7956 724992
-28.7846 651264
-28.7504 36864
-28.6863 49152
-28.6435 32768
-28.641 50176
-28.632 768
-28.5936 1024
-28.5483 110592
-28.4897 98304
-28.4389 867328
-28.4141 24576
-28.3107 786432
-28.2459 11456
-28.1749 3072
-28.1275 2048
-28.1082 1360896
-28.0822 28672
-28.0438 16384
-28 565248
-27.9985 384
-27.9728 162816
-27.9633 262144
-27.9574 16384
-27.9384 24576
-27.8891 135168
-27.7798 216832
-27.7266 22528
-27.7128 6971008
-27.6871 16384
-27.6247 2048
-27.6161 1024
-27.5777 200704
-27.5568 98304
-27.5324 2624
-27.5276 716800
-27.5068 1536
-27.4231 301056
-27.4207 98304
-27.3137 8544256
-27.2772 98304
-27.2509 724992
-27.221 28672
-27.1116 266240
-27.0978 16384
-27.0391 4096
-27.0279 29184
-26.957 18432
-26.9282 2097152
-26.9186 50176
-26.8733 64
-26.8693 544768
-26.8476 30976
-26.8474 294912
-26.7639 28672
-26.7549 6144
-26.7332 2048
-26.7165 1536
-26.6712 3072
-26.6456 28672
-26.6028 6144
-26.5634 544768
-26.5619 516096
-26.5146 589824
-26.4525 419840
-26.3936 73728
-26.3815 288
-26.2978 37888
-26.2504 14848
-26.2419 786432
-26.2051 7168
-26.1819 606208
-26.1671 786432
-26.1436 41984
-26.0958 718848
-26.0574 384
-26.0121 237568
-25.9864 351232
-25.982 32768
-25.9411 43008
-25.9167 36864
-25.9027 28672
-25.8759 6144
-25.8564 3219456
-25.81 304
-25.7844 10752
-25.7391 256
-25.7373 36864
-25.7061 237568
-25.7007 43008
-25.6305 32768
-25.6297 73728
-25.5913 48896
-25.5692 32768
-25.546 28672
-25.5203 22528
-25.4944 24576
-25.4811 2048
-25.4366 409600
-25.4046 1204224
-25.3726 1024
-25.3439 2688
-25.3246 1425408
-25.3183 1024
-25.3017 49152
-25.2346 353280
-25.1701 3145728
-25.1636 768
-25.1252 216832
-25.0799 37888
-25.0718 292864
-25.0513 32768
-25.0186 169984
-24.9706 311296
-24.943 98304
-24.8779 4800
-24.8488 4096
-24.8066 49152
-24.7846 1720320
-24.7775 2048
-24.7732 6144
-24.771 32768
-24.7685 301056
-24.6848 10752
-24.6591 118144
-24.6371 724992
-24.6215 5734400
-24.5754 266240
-24.5045 7168
-24.4673 606208
-24.4208 1536
-24.4118 384
-24.3991 98304
-24.3734 12288
-24.371 589824
-24.3114 12288
-24.3024 18432
-24.264 7168
-24.2556 73728
-24.2187 162816
-24.1931 2688
-24.1613 6144
-24.1206 2048
-24.1094 1404928
-24.0858 172032
-24 6716928
-23.9496 24576
-23.9457 8
-23.9412 294912
-23.9073 43008
-23.8453 6144
-23.8384 32768
-23.7979 22528
-23.7798 1425408
-23.7526 123904
-23.7142 6144
-23.7128 61440
-23.6433 753664
-23.6085 1589248
-23.5596 28800
-23.5056 36864
-23.4502 50176
-23.4412 29184
-23.3983 644096
-23.3575 38912
-23.3319 7168
-23.304 2048
-23.2866 2304
-23.261 1204224
-23.2482 344064
-23.2285 6144
-23.2029 256
-23.1772 28672
-23.0935 185856
-23.0923 606208
-23.0265 32768
-23.0105 99328
-22.9841 162816
-22.9367 288
-22.9282 6667264
-22.9225 268288
-22.8914 200704
-22.8254 2867200
-22.7821 1058816
-22.7108 172032
-22.6274 2647488
-22.589 7168
-22.541 1360896
-22.5181 50176
-22.4984 65536
-22.4963 384
-22.4706 384
-22.4344 1536
-22.4253 110592
-22.3955 49152
-22.3869 4096
-22.3417 2048
-22.316 344064
-22.235 462848
-22.2323 301056
-22.1595 6144
-22.1451 602112
-22.1436 24576
-22.1229 290816
-22.052 256
-22.0302 10752
-22.0233 6144
-22.0046 128
-21.9683 2304
-21.9593 4096
-21.9209 110592
-21.9005 32768
-21.8756 12288
-21.8564 8644608
-21.8535 1929216
-21.8499 6144
-21.8123 524288
-21.7662 976896
-21.7153 716800
-21.6837 98304
-21.6569 544768
-21.5641 39296
-21.5475 98304
-21.5301 128
-21.472 24576
-21.4649 1589248
-21.4548 200704
-21.4095 6144
-21.3777 98304
-21.3711 16128
-21.3091 8
-21.3022 24576
-21.3001 301056
-21.2617 22528
-21.2164 4096
-21.2144 4096
-21.1908 119808
-21.166 579584
-21.1071 110592
-21.0981 10752
-21.0854 2048
-21.0718 622592
-21.035 131072
-21.0292 358400
-21.0144 7168
-20.9962 1425408
-20.9887 38912
-20.905 708864
-20.8341 1536
-20.7956 351232
-20.7846 5396480
-20.7845 1024
-20.7504 7168
-20.7247 1024
-20.7023 1589248
-20.6903 24576
-20.6863 636928
-20.641 200704
-20.632 384
-20.6147 606208
-20.5994 32768
-20.5936 4096
-20.5483 22528
-20.4838 32768
-20.4389 1300992
-20.4005 128
-20.3855 262144
-20.3548 65536
-20.349 49152
-20.3296 419840
-20.3087 1785856
-20.2872 128
-20.2459 39296
-20.1749 37888
-20.1696 32768
-20.1389 22528
-20.1275 6144
-20.1044 99328
-20.0912 768
-20.0822 7168
-20.0634 128
-20.0438 18432
-20 1609728
-19.9819 1024
-19.9728 293376
-19.9344 12288
-19.9272 544768
-19.9192 6451200
-19.8891 110592
-19.8635 50176
-19.833 6144
-19.7798 867328
-19.7574 212992
-19.7128 479232
-19.6871 4864
-19.6687 524288
-19.6212 212992
-19.5922 32768
-19.5777 301056
-19.5158 256
-19.5068 2304
-19.4684 119808
-19.4514 1360896
-19.4231 200704
-19.3759 6144
-19.3137 17126912
-19.2397 98304
-19.2389 393216
-19.221 7168
-19.2154 6144
-19.1826 48
-19.1207 2688
-19.1116 353280
-19.0699 1785856
-19.0279 16384
-19.0023 86016
-18.957 37888
-18.9282 9437184
-18.9186 200704
-18.9062 786432
-18.8733 288
-18.8476 123904
-18.8091 806400
-18.764 644096
-18.7639 43008
-18.7549 2048
-18.7165 2304
-18.6884 75264
-18.6546 48896
-18.6456 43008
-18.641 16384
-18.6072 256
-18.5942 36864
-18.5619 344064
-18.5587 1589248
-18.5529 1024
-18.5427 524288
-18.5362 4864
-18.4525 1832960
-18.3824 1425408
-18.3815 64
-18.3735 98304
-18.3082 75264
-18.2978 18432
-18.2504 28800
-18.2419 1572864
-18.2126 462848
-18.1885 30976
-18.1436 402944
-18.1411 7168
-18.1231 716800
-18.0958 409600
-18.0765 75264
-18.0574 1536
-18.026 32768
-18.0009 36864
-17.9864 1404928
-17.9411 24576
-17.9067 212992
-17.9027 43008
-17.8564 3563520
-17.8311 98304
-17.7961 589824
-17.7934 58880
-17.7844 16128
-17.7224 2624
-17.7007 28672
-17.6949 98304
-17.6933 262144
-17.675 3072
-17.6387 1024
-17.6297 49152
-17.5913 162816
-17.546 7168
-17.5251 3850240
-17.5203 110592
-17.4486 32768
-17.4428 294912
-17.4366 718848
-17.3273 351232
-17.3183 1824
-17.3134 4608
-17.2346 266240
-17.2192 22528
-17.1982 36864
-17.1701 1572864
-17.1436 462848
-17.1252 867328
-17.1101 98304
-17.0799 3072
-17.0718 1118208
-17.013 6451200
-16.9738 32768
-16.9706 466944
-16.9322 4800
-16.8612 162816
-16.8377 1425408
-16.8138 128
-16.7846 1720320
-16.7775 6144
-16.7685 200704
-16.7626 786432
-16.7301 1024
-16.6848 2688
-16.6679 544768
-16.6591 423424
-16.5774 73728
-16.5754 353280
-16.5045 36864
-16.4661 216832
-16.4561 268288
-16.4208 6144
-16.3991 196608
-16.3951 7168
-16.3734 6144
-16.3619 32768
-16.3328 602112
-16.3114 49152
-16.3024 16384
-16.2863 724992
-16.264 28672
-16.2299 98304
-16.2187 48896
-16.1931 10752
-16.1502 98304
-16.1094 2107392
-16.0881 128
-16 47737024
-15.9804 1929216
-15.9073 28672
-15.8972 131072
-15.8453 7168
-15.7979 110592
-15.7526 30976
-15.7142 12288
-15.7128 61440
-15.6992 98304
-15.6525 589824
-15.6433 976896
-15.6049 7168
-15.5988 3217408
-15.5596 14848
-15.5339 216832
-15.4673 98304
-15.4502 200704
-15.4412 16384
-15.4291 24576
-15.4021 49152
-15.3575 8192
-15.3319 28672
-15.2929 462848
-15.2866 2624
-15.2482 516096
-15.2173 6144
-15.2169 13171200
-15.2154 16384
-15.1862 128
-15.1772 43008
-15.1388 162816
-15.1231 172032
-15.0935 123904
-15.0678 4800
-15.0475 16384
-14.9841 753664
-14.9665 98304
-14.9367 64
-14.9282 7741440
-14.9114 724992
-14.8914 50176
-14.8899 98304
-14.7871 32768
-14.7821 1744896
-14.7416 1929216
-14.6727 351232
-14.6274 823808
-14.6054 16384
-14.589 28672
-14.5367 794624
-14.5298 4096
-14.5181 200704
-14.4963 128
-14.4706 1536
-14.4356 606208
-14.4344 2304
-14.4338 73728
-14.4253 22528
-14.3869 6144
-14.36 212992
-14.325 3072
-14.316 516096
-14.292 6144
-14.2776 2624
-14.2323 200704
-14.2239 32768
-14.2066 58880
-14.2039 589824
-14.1436 212992
-14.1229 1058816
-14.1068 2867200
-14.101 16384
-14.0541 3690496
-14.052 6144
-14.0302 2688
-14.0046 384
-13.9683 15744
-13.9593 1024
-13.9209 135168
-13.8843 169984
-13.8589 7168
-13.8564 56437760
-13.8499 12288
-13.8115 30976
-13.7662 753664
-13.7481 24576
-13.6725 606208
-13.6712 65536
-13.6569 2179072
-13.606 16384
-13.5783 24576
-13.5641 11456
-13.5556 16384
-13.5028 98304
-13.4638 4864
-13.4573 524288
-13.4548 301056
-13.4266 32768
-13.4208 1075200
-13.3928 256
-13.3711 10752
-13.3666 724992
-13.3454 48896
-13.3238 98304
-13.3001 200704
-13.2617 110592
-13.2548 64
-13.2164 1024
-13.1968 1785856
-13.1908 409600
-13.1212 2048
-13.1071 135168
-13.0981 2688
-13.0938 786432
-13.0718 2097152
-13.0597 768
-12.9977 86016
-12.991 294912
-12.9887 49152
-12.9851 65536
-12.905 423424
-12.8908 36864
-12.8793 2688
-12.8341 6144
-12.8153 1425408
-12.7956 1404928
-12.7846 651264
-12.7504 6144
-12.7463 98304
-12.7405 262144
-12.7247 4096
-12.6863 1927168
-12.6791 4096
-12.641 301056
-12.632 128
-12.5936 6144
-12.5316 119808
-12.5093 3217408
-12.4959 75264
-12.4842 256
-12.4389 867328
-12.4337 16384
-12.4078 32768
-12.3855 786432
-12.3395 24576
-12.3296 1832960
-12.3107 8601600
-12.2872 2048
-12.2459 68736
-12.1749 18432
-12.1365 50176
-12.1278 1785856
-12.1275 12288
-12.1256 2048
-12.0656 12288
-12.0603 589824
-12.0438 16384
-12.0181 1024
-12 8548352
-11.9819 4096
-11.9728 162816
-11.958 606208
-11.9344 49152
-11.8891 22528
-11.8809 36864
-11.8635 200704
-11.8218 237568
-11.7798 1300992
-11.7462 32768
-11.7128 801664
-11.6704 419840
-11.652 724992
-11.6305 794624
-11.6247 22400
-11.6145 262144
-11.5995 128
-11.5777 200704
-11.5765 24576
-11.5276 65536
-11.5158 6144
-11.5068 1536
-11.4684 409600
-11.4403 212992
-11.4231 50176
-11.3137 29708288
-11.2977 1589248
-11.2753 1024
-11.2705 3690496
-11.2154 17408
-11.2044 351232
-11.1949 32768
-11.1343 4608
-11.1207 10752
-11.1116 266240
-11.0279 4864
-11.0023 344064
-10.9645 544768
-10.957 3072
-10.9502 786432
-10.9282 10813440
-10.9186 301056
-10.9146 2048
-10.889 237568
-10.8476 185856
-10.8092 119808
-10.7947 32768
-10.7651 524288
-10.7639 28672
-10.7383 22528
-10.7165 1536
-10.6998 36864
-10.6909 8
-10.6546 162816
-10.6456 28672
-10.6072 6144
-10.583 3850240
-10.5619 86016
-10.5427 1572864
-10.5362 16384
-10.5204 16384
-10.5146 6451200
-10.4525 2519040
-10.4132 644096
-10.3815 1728
-10.3431 544768
-10.2978 37888
-10.277 6144
-10.2642 32768
-10.2504 14848
-10.2419 786432
-10.2015 172032
-10.1885 123904
-10.1877 524288
-10.1436 881664
-10.1411 28672
-10.1072 98304
-10.0958 119808
-10.0848 294912
-10.0574 2304
-10.0317 579584
-9.99543 128
-9.98642 2107392
-9.94802 256
-9.94113 6144
-9.90272 28672
-9.89552 172032
-9.87707 290816
-9.85641 3563520
-9.83437 393216
-9.79337 266240
-9.78436 10752
-9.72572 3690496
-9.72241 2304
-9.70066 7168
-9.675 16384
-9.6297 12288
-9.5913 293376
-9.58974 4096
-9.52935 384
-9.52034 135168
-9.51399 16384
-9.50161 65536
-9.48194 50176
-9.43664 409600
-9.41976 73728
-9.41098 7168
-9.40456 13171200
-9.37258 56064
-9.34419 1929216
-9.32729 1404928
-9.31828 1024
-9.23458 58880
-9.1744 36864
-9.17011 524288
-9.16362 128
-9.15412 1589248
-9.12522 1300992
-9.0718 6667264
-9.06327 288
-9.03823 1929216
-9.01586 162816
-8.97056 311296
-8.96895 262144
-8.93216 14848
-8.90368 4608
-8.86844 606208
-8.8612 753664
-8.78461 1490944
-8.77751 12288
-8.77101 196608
-8.7685 50176
-8.72432 294912
-8.66815 7168
-8.65914 708864
-8.65671 1360896
-8.62147 524288
-8.57544 266240
-8.54978 50176
-8.50448 7168
-8.48691 1425408
-8.46608 867328
-8.42078 256
-8.3991 98304
-8.39512 28672
-8.39155 1589248
-8.37337 2048
-8.35075 65536
-8.31143 73728
-8.30241 3072
-8.2887 602112
-8.26401 43008
-8.20207 22528
-8.19306 16128
-8.18095 1425408
-8.15466 6144
-8.10936 1404928
-8.10538 98304
-8.04407 524288
-8.03826 49152
-8 52525056
-7.96922 6144
-7.90729 7168
-7.85889 65536
-7.84534 36864
-7.80694 2688
-7.79942 4717568
-7.79793 135168
-7.79363 36864
-7.73599 7168
-7.71423 6144
-7.71281 4096
-7.70519 128
-7.68857 12288
-7.64328 753664
-7.62963 22528
-7.60845 17382400
-7.60488 28672
-7.55958 4800
-7.53392 867328
-7.49346 606208
-7.45022 301056
-7.44121 4864
-7.4179 212992
-7.35801 65536
-7.34086 118144
-7.33185 43008
-7.32367 98304
-7.24815 344064
-7.2481 24576
-7.22899 32768
-7.22249 2048
-7.21539 98304
-7.17864 131072
-7.1772 28672
-7.17284 32768
-7.1388 753664
-7.11194 1425408
-7.0935 30976
-7.06784 14848
-6.98414 976896
-6.94214 3217408
-6.93673 1728
-6.9282 39060480
-6.87478 216832
-6.82536 262144
-6.78207 1058816
-6.73041 98304
-6.68357 2048
-6.67271 1404928
-6.63618 172032
-6.62742 823456
-6.59544 1204224
-6.58902 43008
-6.56061 724992
-6.51806 301056
-6.49839 716800
-6.49259 49152
-6.47966 22528
-6.47065 2304
-6.43436 1536
-6.42445 36864
-6.4087 48896
-6.38695 4096
-6.325 16384
-6.31599 344064
-6.31322 2048
-6.27759 2304
-6.25465 4717568
-6.24795 1589248
-6.23229 50176
-6.20663 266240
-6.17909 4608
-6.14359 581632
-6.12293 1744896
-6.08486 98304
-6.06278 589824
-6.05198 1536
-6.01358 351232
-6.00457 768
-5.99751 4096
-5.96828 2304
-5.94869 36864
-5.94262 384
-5.92087 110592
-5.87312 1425408
-5.85892 28672
-5.85641 8644608
-5.84991 6144
-5.81815 49152
-5.81234 5734400
-5.81151 123904
-5.7789 16384
-5.76621 162816
-5.7153 65536
-5.70333 172032
-5.65685 3268608
-5.61845 288
-5.56716 1360896
-5.5475 419840
-5.4916 6144
-5.48538 589824
-5.4638 16384
-5.4573 1572864
-5.45479 200704
-5.39737 1425408
-5.39284 6144
-5.38253 393216
-5.37109 2688
-5.34543 162816
-5.30914 48
-5.30013 50176
-5.26173 135168
-5.19077 718848
-5.18564 237568
-5.15237 30976
-5.13209 294912
-5.10707 110592
-5.09141 4096
-5.0854 12288
-5.08142 50176
-5.0718 9437184
-5.02924 32768
-5.01584 3850240
-4.99772 344064
-4.98871 38912
-4.95272 73728
-4.90501 118144
-4.88746 16384
-4.87968 1024
-4.87935 10752
-4.83405 256
-4.80411 2048
-4.79565 2107392
-4.78461 626688
-4.72469 6144
-4.70988 1785856
-4.70228 17382400
-4.69648 1024
-4.68629 8544256
-4.64099 200704
-4.63431 65536
-4.59358 4096
-4.54008 6144
-4.53164 409600
-4.51711 6144
-4.48422 6144
-4.46452 2048
-4.45184 1204224
-4.43893 216832
-4.40053 768
-4.38551 1572864
-4.37532 2048
-4.32957 2519040
-4.32835 3690496
-4.28719 23552
-4.26667 65536
-4.24587 39296
-4.22021 216832
-4.17491 37888
-4.15856 544768
-4.13651 200704
-4.1275 6144
-4.09121 128
-4.06556 49152
-4.0438 3072
-4.02239 212992
-4.02203 393216
-4.01814 4096
-4 9523200
-3.98186 6144
-3.97285 48896
-3.94683 98304
-3.93444 73728
-3.91919 589824
-3.8725 2048
-3.86349 301056
-3.8526 579584
-3.82509 3072
-3.77979 867328
-3.77703 98304
-3.75413 11456
-3.71281 43008
-3.68927 786432
-3.67043 1832960
-3.64087 606208
-3.61449 786432
-3.59222 358400
-3.58642 294912
-3.57772 50176
-3.51578 1536
-3.50677 384
-3.47107 4717568
-3.46836 718848
-3.40642 1024
-3.35901 50176
-3.34178 589824
-3.33598 16384
-3.31371 17126912
-3.27531 4096
-3.21539 129024
-3.20435 1404928
-3.1826 8
-3.16511 268288
-3.15661 589824
-3.12065 16128
-3.11164 58880
-3.09134 32768
-3.08954 1360896
-3.01129 8192
-3.00228 516096
-2.99531 6144
-2.94034 128
-2.9282 10813440
-2.91975 4096
-2.91858 200704
-2.90617 8601600
-2.89293 22528
-2.84763 123904
-2.80923 409600
-2.80913 73728
-2.78358 3690496
-2.76393 7168
-2.73827 110592
-2.721 4608
-2.71652 384
-2.65457 293376
-2.64556 7168
-2.61379 462848
-2.60716 1536
-2.57921 98304
-2.54521 50176
-2.5427 3145728
-2.5362 29184
-2.47762 32768
-2.47636 602112
-2.4525 1832960
-2.40205 724992
-2.38155 64
-2.34315 2179072
-2.30783 24576
-2.29785 3072
-2.25044 4800
-2.24191 262144
-2.23226 724992
-2.23173 2048
-2.22592 794624
-2.18849 185856
-2.15009 2048
-2.14359 9252864
-2.14108 43008
-2.12307 65536
-2.09609 268288
-2.07913 22528
-2.05738 1536
-2.03172 2624
-1.99543 384
-1.98642 1404928
-1.94802 6144
-1.94113 2048
-1.9263 3850240
-1.90272 7168
-1.89315 262144
-1.87707 1058816
-1.85641 3219456
-1.85073 4096
-1.79611 6451200
-1.79337 353280
-1.78436 2688
-1.72241 15744
-1.71457 75264
-1.68401 86016
-1.675 18432
-1.63871 1024
-1.62034 1024
-1.61305 1024
-1.61094 6144
-1.5913 162816
-1.56564 384
-1.54567 786432
-1.54477 3690496
-1.52935 1536
-1.52034 110592
-1.48194 200704
-1.43664 119808
-1.41098 28672
-1.37498 73728
-1.37258 114688
-1.3605 1204224
-1.32729 2107392
-1.31828 304
-1.23881 1425408
-1.21793 290816
-1.16324 98304
-1.12522 867328
-1.11586 262144
-1.11006 1075200
-1.0718 7741440
-1.06902 212992
-1.06327 64
-1.01586 753664
-1.01302 589824
-0.993449 6144
-0.970563 77824
-0.932161 28800
-0.861205 976896
-0.857283 1929216
-0.822803 7168
-0.813793 768
-0.78461 344064
-0.783096 1204224
-0.777506 6144
-0.763054 2048
-0.751847 86016
-0.730094 1024
-0.687488 1785856
-0.680249 794624
-0.668148 28672
-0.659138 423424
-0.575439 58880
-0.551323 98304
-0.54978 200704
-0.504482 6144
-0.475756 24576
-0.466081 1300992
-0.435614 98304
-0.429809 32768
-0.399104 32768
-0.395124 43008
-0.381527 724992
-0.356723 162816
-0.311425 49152
-0.305961 172032
-0.300786 16384
-0.287187 4096
-0.285766 2048
-0.264013 28672
-0.25044 262144
-0.202067 110592
-0.193057 10752
-0.185175 4096
-0.169796 24576
-0.154656 7168
-0.109358 351232
0 219646336
0.109358 351232
0.154656 7168
0.169796 24576
0.185175 4096
0.193057 10752
0.202067 110592
0.25044 262144
0.264013 28672
0.285766 2048
0.287187 4096
0.300786 16384
0.305961 172032
0.311425 49152
0.356723 162816
0.381527 724992
0.395124 43008
0.399104 32768
0.429809 32768
0.435614 98304
0.466081 1300992
0.475756 24576
0.504482 6144
0.54978 200704
0.551323 98304
0.575439 58880
0.659138 423424
0.668148 28672
0.680249 794624
0.687488 1785856
0.730094 1024
0.751847 86016
0.763054 2048
0.777506 6144
0.783096 1204224
0.78461 344064
0.813793 768
0.822803 7168
0.857283 1929216
0.861205 976896
0.932161 28800
0.970563 77824
0.993449 6144
1.01302 589824
1.01586 753664
1.06327 64
1.06902 212992
1.0718 7741440
1.11006 1075200
1.11586 262144
1.12522 867328
1.16324 98304
1.21793 290816
1.23881 1425408
1.31828 304
1.32729 2107392
1.3605 1204224
1.37258 114688
1.37498 73728
1.41098 28672
1.43664 119808
1.48194 200704
1.52034 110592
1.52935 1536
1.54477 3690496
1.54567 786432
1.56564 384
1.5913 162816
1.61094 6144
1.61305 1024
1.62034 1024
1.63871 1024
1.675 18432
1.68401 86016
1.71457 75264
1.72241 15744
1.78436 2688
1.79337 353280
1.79611 6451200
1.85073 4096
1.85641 3219456
1.87707 1058816
1.89315 262144
1.90272 7168
1.9263 3850240
1.94113 2048
1.94802 6144
1.98642 1404928
1.99543 384
2.03172 2624
2.05738 1536
2.07913 22528
2.09609 268288
2.12307 65536
2.14108 43008
2.14359 9252864
2.15009 2048
2.18849 185856
2.22592 794624
2.23173 2048
2.23226 724992
2.24191 262144
2.25044 4800
2.29785 3072
2.30783 24576
2.34315 2179072
2.38155 64
2.40205 724992
2.4525 1832960
2.47636 602112
2.47762 32768
2.5362 29184
2.5427 3145728
2.54521 50176
2.57921 98304
2.60716 1536
2.61379 462848
2.64556 7168
2.65457 293376
2.71652 384
2.721 4608
2.73827 110592
2.76393 7168
2.78358 3690496
2.80913 73728
2.80923 409600
2.84763 123904
2.89293 22528
2.90617 8601600
2.91858 200704
2.91975 4096
2.9282 10813440
2.94034 128
2.99531 6144
3.00228 516096
3.01129 8192
3.08954 1360896
3.09134 32768
3.11164 58880
3.12065 16128
3.15661 589824
3.16511 268288
3.1826 8
3.20435 1404928
3.21539 129024
3.27531 4096
3.31371 17126912
3.33598 16384
3.34178 589824
3.35901 50176
3.40642 1024
3.46836 718848
3.47107 4717568
3.50677 384
3.51578 1536
3.57772 50176
3.58642 294912
3.59222 358400
3.61449 786432
3.64087 606208
3.67043 1832960
3.68927 786432
3.71281 43008
3.75413 11456
3.77703 98304
3.77979 867328
3.82509 3072
3.8526 579584
3.86349 301056
3.8725 2048
3.91919 589824
3.93444 73728
3.94683 98304
3.97285 48896
3.98186 6144
4 9523200
4.01814 4096
4.02203 393216
4.02239 212992
4.0438 3072
4.06556 49152
4.09121 128
4.1275 6144
4.13651 200704
4.15856 544768
4.17491 37888
4.22021 216832
4.24587 39296
4.26667 65536
4.28719 23552
4.32835 3690496
4.32957 2519040
4.37532 2048
4.38551 1572864
4.40053 768
4.43893 216832
4.45184 1204224
4.46452 2048
4.48422 6144
4.51711 6144
4.53164 409600
4.54008 6144
4.59358 4096
4.63431 65536
4.64099 200704
4.68629 8544256
4.69648 1024
4.70228 17382400
4.70988 1785856
4.72469 6144
4.78461 626688
4.79565 2107392
4.80411 2048
4.83405 256
4.87935 10752
4.87968 1024
4.88746 16384
4.90501 118144
4.95272 73728
4.98871 38912
4.99772 344064
5.01584 3850240
5.02924 32768
5.0718 9437184
5.08142 50176
5.0854 12288
5.09141 4096
5.10707 110592
5.13209 294912
5.15237 30976
5.18564 237568
5.19077 718848
5.26173 135168
5.30013 50176
5.30914 48
5.34543 162816
5.37109 2688
5.38253 393216
5.39284 6144
5.39737 1425408
5.45479 200704
5.4573 1572864
5.4638 16384
5.48538 589824
5.4916 6144
5.5475 419840
5.56716 1360896
5.61845 288
5.65685 3268608
5.70333 172032
5.7153 65536
5.76621 162816
5.7789 16384
5.81151 123904
5.81234 5734400
5.81815 49152
5.84991 6144
5.85641 8644608
5.85892 28672
5.87312 1425408
5.92087 110592
5.94262 384
5.94869 36864
5.96828 2304
5.99751 4096
6.00457 768
6.01358 351232
6.05198 1536
6.06278 589824
6.08486 98304
6.12293 1744896
6.14359 581632
6.17909 4608
6.20663 266240
6.23229 50176
6.24795 1589248
6.25465 4717568
6.27759 2304
6.31322 2048
6.31599 344064
6.325 16384
6.38695 4096
6.4087 48896
6.42445 36864
6.43436 1536
6.47065 2304
6.47966 22528
6.49259 49152
6.49839 716800
6.51806 301056
6.56061 724992
6.58902 43008
6.59544 1204224
6.62742 823456
6.63618 172032
6.67271 1404928
6.68357 2048
6.73041 98304
6.78207 1058816
6.82536 262144
6.87478 216832
6.9282 39060480
6.93673 1728
6.94214 3217408
6.98414 976896
7.06784 14848
7.0935 30976
7.11194 1425408
7.1388 753664
7.17284 32768
7.1772 28672
7.17864 131072
7.21539 98304
7.22249 2048
7.22899 32768
7.2481 24576
7.24815 344064
7.32367 98304
7.33185 43008
7.34086 118144
7.35801 65536
7.4179 212992
7.44121 4864
7.45022 301056
7.49346 606208
7.53392 867328
7.55958 4800
7.60488 28672
7.60845 17382400
7.62963 22528
7.64328 753664
7.68857 12288
7.70519 128
7.71281 4096
7.71423 6144
7.73599 7168
7.79363 36864
7.79793 135168
7.79942 4717568
7.80694 2688
7.84534 36864
7.85889 65536
7.90729 7168
7.96922 6144
8 52525056
8.03826 49152
8.04407 524288
8.10538 98304
8.10936 1404928
8.15466 6144
8.18095 1425408
8.19306 16128
8.20207 22528
8.26401 43008
8.2887 602112
8.30241 3072
8.31143 73728
8.35075 65536
8.37337 2048
8.39155 1589248
8.39512 28672
8.3991 98304
8.42078 256
8.46608 867328
8.48691 1425408
8.50448 7168
8.54978 50176
8.57544 266240
8.62147 524288
8.65671 1360896
8.65914 708864
8.66815 7168
8.72432 294912
8.7685 50176
8.77101 196608
8.77751 12288
8.78461 1490944
8.8612 753664
8.86844 606208
8.90368 4608
8.93216 14848
8.96895 262144
8.97056 311296
9.01586 162816
9.03823 1929216
9.06327 288
9.0718 6667264
9.12522 1300992
9.15412 1589248
9.16362 128
9.17011 524288
9.1744 36864
9.23458 58880
9.31828 1024
9.32729 1404928
9.34419 1929216
9.37258 56064
9.40456 13171200
9.41098 7168
9.41976 73728
9.43664 409600
9.48194 50176
9.50161 65536
9.51399 16384
9.52034 135168
9.52935 384
9.58974 4096
9.5913 293376
9.6297 12288
9.675 16384
9.70066 7168
9.72241 2304
9.72572 3690496
9.78436 10752
9.79337 266240
9.83437 393216
9.85641 3563520
9.87707 290816
9.89552 172032
9.90272 28672
9.94113 6144
9.94802 256
9.98642 2107392
9.99543 128
10.0317 579584
10.0574 2304
10.0848 294912
10.0958 119808
10.1072 98304
10.1411 28672
10.1436 881664
10.1877 524288
10.1885 123904
10.2015 172032
10.2419 786432
10.2504 14848
10.2642 32768
10.277 6144
10.2978 37888
10.3431 544768
10.3815 1728
10.4132 644096
10.4525 2519040
10.5146 6451200
10.5204 16384
10.5362 16384
10.5427 1572864
10.5619 86016
10.583 3850240
10.6072 6144
10.6456 28672
10.6546 162816
10.6909 8
10.6998 36864
10.7165 1536
10.7383 22528
10.7639 28672
10.7651 524288
10.7947 32768
10.8092 119808
10.8476 185856
10.889 237568
10.9146 2048
10.9186 301056
10.9282 10813440
10.9502 786432
10.957 3072
10.9645 544768
11.0023 344064
11.0279 4864
11.1116 266240
11.1207 10752
11.1343 4608
11.1949 32768
11.2044 351232
11.2154 17408
11.2705 3690496
11.2753 1024
11.2977 1589248
11.3137 29708288
11.4231 50176
11.4403 212992
11.4684 409600
11.5068 1536
11.5158 6144
11.5276 65536
11.5765 24576
11.5777 200704
11.5995 128
11.6145 262144
11.6247 22400
11.6305 794624
11.652 724992
11.6704 419840
11.7128 801664
11.7462 32768
11.7798 1300992
11.8218 237568
11.8635 200704
11.8809 36864
11.8891 22528
11.9344 49152
11.958 606208
11.9728 162816
11.9819 4096
12 8548352
12.0181 1024
12.0438 16384
12.0603 589824
12.0656 12288
12.1256 2048
12.1275 12288
12.1278 1785856
12.1365 50176
12.1749 18432
12.2459 68736
12.2872 2048
12.3107 8601600
12.3296 1832960
12.3395 24576
12.3855 786432
12.4078 32768
12.4337 16384
12.4389 867328
12.4842 256
12.4959 75264
12.5093 3217408
12.5316 119808
12.5936 6144
12.632 128
12.641 301056
12.6791 4096
12.6863 1927168
12.7247 4096
12.7405 262144
12.7463 98304
12.7504 6144
12.7846 651264
12.7956 1404928
12.8153 1425408
12.8341 6144
12.8793 2688
12.8908 36864
12.905 423424
12.9851 65536
12.9887 49152
12.991 294912
12.9977 86016
13.0597 768
13.0718 2097152
13.0938 786432
13.0981 2688
13.1071 135168
13.1212 2048
13.1908 409600
13.1968 1785856
13.2164 1024
13.2548 64
13.2617 110592
13.3001 200704
13.3238 98304
13.3454 48896
13.3666 724992
13.3711 10752
13.3928 256
13.4208 1075200
13.4266 32768
13.4548 301056
13.4573 524288
13.4638 4864
13.5028 98304
13.5556 16384
13.5641 11456
13.5783 24576
13.606 16384
13.6569 2179072
13.6712 65536
13.6725 606208
13.7481 24576
13.7662 753664
13.8115 30976
13.8499 12288
13.8564 56437760
13.8589 7168
13.8843 169984
13.9209 135168
13.9593 1024
13.9683 15744
14.0046 384
14.0302 2688
14.052 6144
14.0541 3690496
14.101 16384
14.1068 2867200
14.1229 1058816
14.1436 212992
14.2039 589824
14.2066 58880
14.2239 32768
14.2323 200704
14.2776 2624
14.292 6144
14.316 516096
14.325 3072
14.36 212992
14.3869 6144
14.4253 22528
14.4338 73728
14.4344 2304
14.4356 606208
14.4706 1536
14.4963 128
14.5181 200704
14.5298 4096
14.5367 794624
14.589 28672
14.6054 16384
14.6274 823808
14.6727 351232
14.7416 1929216
14.7821 1744896
14.7871 32768
14.8899 98304
14.8914 50176
14.9114 724992
14.9282 7741440
14.9367 64
14.9665 98304
14.9841 753664
15.0475 16384
15.0678 4800
15.0935 123904
15.1231 172032
15.1388 162816
15.1772 43008
15.1862 128
15.2154 16384
15.2169 13171200
15.2173 6144
15.2482 516096
15.2866 2624
15.2929 462848
15.3319 28672
15.3575 8192
15.4021 49152
15.4291 24576
15.4412 16384
15.4502 200704
15.4673 98304
15.5339 216832
15.5596 14848
15.5988 3217408
15.6049 7168
15.6433 976896
15.6525 589824
15.6992 98304
15.7128 61440
15.7142 12288
15.7526 30976
15.7979 110592
15.8453 7168
15.8972 131072
15.9073 28672
15.9804 1929216
16 47737024
16.0881 128
16.1094 2107392
16.1502 98304
16.1931 10752
16.2187 48896
16.2299 98304
16.264 28672
16.2863 724992
16.3024 16384
16.3114 49152
16.3328 602112
16.3619 32768
16.3734 6144
16.3951 7168
16.3991 196608
16.4208 6144
16.4561 268288
16.4661 216832
16.5045 36864
16.5754 353280
16.5774 73728
16.6591 423424
16.6679 544768
16.6848 2688
16.7301 1024
16.7626 786432
16.7685 200704
16.7775 6144
16.7846 1720320
16.8138 128
16.8377 1425408
16.8612 162816
16.9322 4800
16.9706 466944
16.9738 32768
17.013 6451200
17.0718 1118208
17.0799 3072
17.1101 98304
17.1252 867328
17.1436 462848
17.1701 1572864
17.1982 36864
17.2192 22528
17.2346 266240
17.3134 4608
17.3183 1824
17.3273 351232
17.4366 718848
17.4428 294912
17.4486 32768
17.5203 110592
17.5251 3850240
17.546 7168
17.5913 162816
17.6297 49152
17.6387 1024
17.675 3072
17.6933 262144
17.6949 98304
17.7007 28672
17.7224 2624
17.7844 16128
17.7934 58880
17.7961 589824
17.8311 98304
17.8564 3563520
17.9027 43008
17.9067 212992
17.9411 24576
17.9864 1404928
18.0009 36864
18.026 32768
18.0574 1536
18.0765 75264
18.0958 409600
18.1231 716800
18.1411 7168
18.1436 402944
18.1885 30976
18.2126 462848
18.2419 1572864
18.2504 28800
18.2978 18432
18.3082 75264
18.3735 98304
18.3815 64
18.3824 1425408
18.4525 1832960
18.5362 4864
18.5427 524288
18.5529 1024
18.5587 1589248
18.5619 344064
18.5942 36864
18.6072 256
18.641 16384
18.6456 43008
18.6546 48896
18.6884 75264
18.7165 2304
18.7549 2048
18.7639 43008
18.764 644096
18.8091 806400
18.8476 123904
18.8733 288
18.9062 786432
18.9186 200704
18.9282 9437184
18.957 37888
19.0023 86016
19.0279 16384
19.0699 1785856
19.1116 353280
19.1207 2688
19.1826 48
19.2154 6144
19.221 7168
19.2389 393216
19.2397 98304
19.3137 17126912
19.3759 6144
19.4231 200704
19.4514 1360896
19.4684 119808
19.5068 2304
19.5158 256
19.5777 301056
19.5922 32768
19.6212 212992
19.6687 524288
19.6871 4864
19.7128 479232
19.7574 212992
19.7798 867328
19.833 6144
19.8635 50176
19.8891 110592
19.9192 6451200
19.9272 544768
19.9344 12288
19.9728 293376
19.9819 1024
20 1609728
20.0438 18432
20.0634 128
20.0822 7168
20.0912 768
20.1044 99328
20.1275 6144
20.1389 22528
20.1696 32768
20.1749 37888
20.2459 39296
20.2872 128
20.3087 1785856
20.3296 419840
20.349 49152
20.3548 65536
20.3855 262144
20.4005 128
20.4389 1300992
20.4838 32768
20.5483 22528
20.5936 4096
20.5994 32768
20.6147 606208
20.632 384
20.641 200704
20.6863 636928
20.6903 24576
20.7023 1589248
20.7247 1024
20.7504 7168
20.7845 1024
20.7846 5396480
20.7956 351232
20.8341 1536
20.905 708864
20.9887 38912
20.9962 1425408
21.0144 7168
21.0292 358400
21.035 131072
21.0718 622592
21.0854 2048
21.0981 10752
21.1071 110592
21.166 579584
21.1908 119808
21.2144 4096
21.2164 4096
21.2617 22528
21.3001 301056
21.3022 24576
21.3091 8
21.3711 16128
21.3777 98304
21.4095 6144
21.4548 200704
21.4649 1589248
21.472 24576
21.5301 128
21.5475 98304
21.5641 39296
21.6569 544768
21.6837 98304
21.7153 716800
21.7662 976896
21.8123 524288
21.8499 6144
21.8535 1929216
21.8564 8644608
21.8756 12288
21.9005 32768
21.9209 110592
21.9593 4096
21.9683 2304
22.0046 128
22.0233 6144
22.0302 10752
22.052 256
22.1229 290816
22.1436 24576
22.1451 602112
22.1595 6144
22.2323 301056
22.235 462848
22.316 344064
22.3417 2048
22.3869 4096
22.3955 49152
22.4253 110592
22.4344 1536
22.4706 384
22.4963 384
22.4984 65536
22.5181 50176
22.541 1360896
22.589 7168
22.6274 2647488
22.7108 172032
22.7821 1058816
22.8254 2867200
22.8914 200704
22.9225 268288
22.9282 6667264
22.9367 288
22.9841 162816
23.0105 99328
23.0265 32768
23.0923 606208
23.0935 185856
23.1772 28672
23.2029 256
23.2285 6144
23.2482 344064
23.261 1204224
23.2866 2304
23.304 2048
23.3319 7168
23.3575 38912
23.3983 644096
23.4412 29184
23.4502 50176
23.5056 36864
23.5596 28800
23.6085 1589248
23.6433 753664
23.7128 61440
23.7142 6144
23.7526 123904
23.7798 1425408
23.7979 22528
23.8384 32768
23.8453 6144
23.9073 43008
23.9412 294912
23.9457 8
23.9496 24576
24 6716928
24.0858 172032
24.1094 1404928
24.1206 2048
24.1613 6144
24.1931 2688
24.2187 162816
24.2556 73728
24.264 7168
24.3024 18432
24.3114 12288
24.371 589824
24.3734 12288
24.3991 98304
24.4118 384
24.4208 1536
24.4673 606208
24.5045 7168
24.5754 266240
24.6215 5734400
24.6371 724992
24.6591 118144
24.6848 10752
24.7685 301056
24.771 32768
24.7732 6144
24.7775 2048
24.7846 1720320
24.8066 49152
24.8488 4096
24.8779 4800
24.943 98304
24.9706 311296
25.0186 169984
25.0513 32768
25.0718 292864
25.0799 37888
25.1252 216832
25.1636 768
25.1701 3145728
25.2346 353280
25.3017 49152
25.3183 1024
25.3246 1425408
25.3439 2688
25.3726 1024
25.4046 1204224
25.4366 409600
25.4811 2048
25.4944 24576
25.5203 22528
25.546 28672
25.5692 32768
25.5913 48896
25.6297 73728
25.6305 32768
25.7007 43008
25.7061 237568
25.7373 36864
25.7391 256
25.7844 10752
25.81 304
25.8564 3219456
25.8759 6144
25.9027 28672
25.9167 36864
25.9411 43008
25.982 32768
25.9864 351232
26.0121 237568
26.0574 384
26.0958 718848
26.1436 41984
26.1671 786432
26.1819 606208
26.2051 7168
26.2419 786432
26.2504 14848
26.2978 37888
26.3815 288
26.3936 73728
26.4525 419840
26.5146 589824
26.5619 516096
26.5634 544768
26.6028 6144
26.6456 28672
26.6712 3072
26.7165 1536
26.7332 2048
26.7549 6144
26.7639 28672
26.8474 294912
26.8476 30976
26.8693 544768
26.8733 64
26.9186 50176
26.9282 2097152
26.957 18432
27.0279 29184
27.0391 4096
27.0978 16384
27.1116 266240
27.221 28672
27.2509 724992
27.2772 98304
27.3137 8544256
27.4207 98304
27.4231 301056
27.5068 1536
27.5276 716800
27.5324 2624
27.5568 98304
27.5777 200704
27.6161 1024
27.6247 2048
27.6871 16384
27.7128 6971008
27.7266 22528
27.7798 216832
27.8891 135168
27.9384 24576
27.9574 16384
27.9633 262144
27.9728 162816
27.9985 384
28 565248
28.0438 16384
28.0822 28672
28.1082 1360896
28.1275 2048
28.1749 3072
28.2459 11456
28.3107 786432
28.4141 24576
28.4389 867328
28.4897 98304
28.5483 110592
28.5936 1024
28.632 768
28.641 50176
28.6435 32768
28.6863 49152
28.7504 36864
28.7846 651264
28.7956 724992
28.8229 6144
28.8341 6144
28.905 423424
28.9654 98304
28.9887 8192
29.0144 28672
29.0597 128
29.0718 98304
29.0733 1204224
29.0981 16128
29.1071 22528
29.1772 65536
29.2164 6144
29.2548 768
29.3001 200704
29.3238 1075200
29.347 24576
29.3711 10752
29.4095 7168
29.4208 98304
29.4548 50176
29.4831 75264
29.5089 36864
29.5556 98304
29.5641 68736
29.6529 462848
29.7536 131072
29.7662 753664
29.8227 2048
29.8499 2048
29.8564 9252864
29.8756 49152
29.9209 22528
29.9593 6144
29.9683 2624
30.0302 16128
30.0344 606208
30.0686 128
30.1068 262144
30.2042 6144
30.2323 200704
30.316 86016
30.3404 268288
30.3417 6144
30.3869 1024
30.4253 135168
30.4338 806400
30.4344 384
30.4963 768
30.5102 36864
30.5347 1024
30.619 49152
30.6274 823808
30.7219 172032
30.7821 290816
30.8694 589824
30.8914 301056
30.8917 172032
30.9282 1118208
31.0008 2048
31.0265 98304
31.0935 123904
31.1772 7168
31.1977 169984
31.2029 6144
31.2169 1204224
31.2482 86016
31.2866 15744
31.305 2048
31.3575 49152
31.4412 16384
31.5497 262144
31.5596 14848
31.5792 724992
31.6433 162816
31.6992 16384
31.7128 61440
31.7142 2048
31.749 16384
31.7526 185856
31.862 256
31.8852 36864
31.9073 28672
31.9607 75264
31.9795 65536
32 3637248
32.1094 351232
32.2187 293376
32.2299 1075200
32.2667 212992
32.3024 16384
32.3281 1024
32.3734 6144
32.3991 32768
32.4118 1536
32.4151 99328
32.4208 6144
32.4365 212992
32.5045 6144
32.5727 2048
32.5754 58880
32.6482 1024
32.6655 73728
32.6848 16128
32.7685 200704
32.7846 1490944
32.818 22528
32.8779 14848
32.9102 16384
32.9706 77824
33.013 589824
33.0718 53248
33.0799 18432
33.124 606208
33.1701 1572864
33.2346 266240
33.2429 2048
33.3183 304
33.3439 10752
33.4366 119808
33.5055 212992
33.5252 32768
33.546 43008
33.6297 49152
33.6554 128
33.6753 32768
33.7007 28672
33.7391 6144
33.7756 589824
33.7844 2688
33.81 1024
33.8115 65536
33.8564 581632
33.9027 7168
33.9411 77824
33.9813 24576
34.026 358400
34.0958 409600
34.1231 65536
34.1436 2048
34.193 36864
34.2051 28672
34.2112 4096
34.2419 262144
34.2504 4800
34.2978 3072
34.3402 2048
34.3628 268288
34.4558 32768
34.5619 344064
34.641 229376
34.6456 7168
34.6688 22528
34.6712 16384
34.7165 384
34.7549 12288
34.7639 7168
34.8091 73728
34.8733 1728
34.8857 32768
34.9282 622592
34.957 37888
35.0279 16384
35.0503 579584
35.1116 58880
35.1826 8
35.2201 24576
35.221 43008
35.3137 1927168
35.3213 99328
35.3563 4096
35.3865 2048
35.4231 200704
35.4318 16384
35.5068 384
35.5324 2304
35.5717 65536
35.5777 50176
35.6871 29184
35.7128 479232
35.7378 6144
35.8891 110592
35.9076 237568
35.9192 589824
35.9728 48896
35.9985 1536
36 69632
36.0438 3072
36.0822 43008
36.0912 128
36.1916 288
36.252 49152
36.2891 24576
36.4389 216832
36.4838 196608
36.5483 135168
36.5951 172032
36.632 384
36.6576 384
36.6818 262144
36.6863 16384
36.7504 7168
36.7649 32768
36.7846 626688
36.8341 256
36.905 118144
36.9766 98304
37.0144 43008
37.0292 32768
37.0981 10752
37.1174 75264
37.1237 128
37.1464 36864
37.2164 4096
37.2825 16384
37.3001 50176
37.362 36864
37.3711 2688
37.4095 36864
37.4523 98304
37.5641 39296
37.7153 65536
37.7662 162816
37.8339 172032
37.8564 881664
37.8756 73728
37.9593 4096
38.0302 10752
38.1398 73728
38.2274 36864
38.2323 50176
38.3417 12288
38.4253 110592
38.4779 524288
38.4963 384
38.5214 98304
38.5347 4096
38.6274 823456
38.6912 98304
38.8254 262144
38.8914 200704
38.9029 4608
38.9282 292864
39.0008 6144
39.0265 196608
39.0935 30976
39.1581 49152
39.2029 1536
39.2866 2304
39.3375 128
39.3575 38912
39.3786 212992
39.4256 1024
39.4412 4864
39.5596 4800
39.7128 61440
39.7526 123904
39.7602 6144
39.8384 358400
39.862 6144
39.9073 7168
39.9457 48
40 230912
40.0235 49152
40.0661 98304
40.2187 162816
40.2359 6144
40.3024 3072
40.3281 4096
40.3734 2048
40.4118 2304
40.4208 256
40.4477 4096
40.6175 73728
40.6215 524288
40.6848 10752
40.7685 50176
40.7846 344064
40.8779 28800
40.9234 24576
40.9542 16384
41.0718 1024
41.0799 37888
41.1336 6144
41.1636 128
41.1701 524288
41.2346 58880
41.3049 98304
41.3439 16128
41.384 65536
41.546 28672
41.5692 458752
41.6109 1024
41.6297 12288
41.7007 7168
41.7391 1536
41.81 1824
41.8197 16384
41.8564 212992
41.9411 43008
41.9924 32768
42.0958 119808
42.1622 65536
42.2051 43008
42.3145 128
42.3147 1024
42.332 128
42.5619 86016
42.6712 18432
42.7549 6144
42.8497 98304
42.8733 64
42.9282 98304
42.9297 75264
42.957 3072
43.0195 6144
43.0279 4864
43.1802 98304
43.221 28672
43.3137 636928
43.4231 50176
43.5276 65536
43.5324 15744
43.6161 1024
43.6871 16384
43.707 75264
43.7128 801664
43.8891 22528
43.9985 2304
44.0822 28672
44.0885 36864
44.1916 64
44.2902 73728
44.3945 36864
44.5483 110592
44.632 128
44.6576 1536
44.7258 36864
44.7504 6144
44.776 24576
44.7846 129024
44.9458 4096
45.0144 28672
45.082 4608
45.0981 2688
45.1237 384
45.2164 1024
45.2548 2432
45.3238 98304
45.4095 7168
45.5556 16384
45.5641 11456
45.6333 98304
45.8359 4096
45.8564 402944
45.8756 49152
45.9593 1024
45.9849 1024
46.0302 2688
46.0686 768
46.0863 98304
46.3208 24576
46.3417 6144
46.4253 22528
46.4338 73728
46.4963 128
46.5219 4608
46.5347 6144
46.6274 114688
46.7666 16384
46.8914 50176
46.9282 53248
47.0008 12288
47.0265 98304
47.1781 6144
47.2029 6144
47.2866 2624
47.3575 8192
47.5596 32768
47.632 36864
47.7128 4096
47.7526 30976
47.862 1536
47.8656 4096
47.8824 32768
48 120576
48.2187 48896
48.2299 98304
48.3281 6144
48.4118 1536
48.4169 1024
48.4374 8
48.6848 2688
48.7421 2048
48.7846 98304
48.8779 14848
49.0799 3072
49.1044 24576
49.2429 22400
49.2742 2048
49.3439 10752
49.4281 4096
49.546 7168
49.6554 768
49.7391 6144
49.7919 6144
49.81 1024
49.8564 24576
49.9411 24576
49.9616 16384
50.026 32768
50.2051 28672
50.3402 12288
50.5382 16384
50.641 16384
50.6491 32768
50.6712 16384
50.7549 2048
50.8733 288
51.0307 6144
51.221 7168
51.3137 49152
51.5324 2304
51.6871 4864
51.7128 43008
51.8879 4096
51.9985 1536
52.0822 7168
52.1916 1728
52.3343 32768
52.4838 32768
52.5483 22528
52.5754 16384
52.6576 2304
52.7846 17408
53.0144 7168
53.1237 768
53.4095 6144
53.6948 32768
53.8564 41984
53.8756 12288
54.3417 2048
54.5017 2048
54.5347 4096
54.6274 56064
54.9282 1024
55.0008 6144
55.0265 32768
55.2029 256
55.2405 4096
55.4256 14336
55.7128 4096
55.8384 32768
55.862 6144
55.9457 8
56.1711 1024
56.2163 4608
56.3281 4096
56.4118 384
56.7846 16384
56.8779 4800
56.9038 6144
57.0366 6144
57.3439 2688
57.5692 32768
57.5913 2048
57.7391 256
57.81 304
57.9411 6144
58.1466 4608
58.2051 7168
58.3145 768
58.6712 3072
59.3137 16384
59.5324 2624
59.7128 23552
59.9427 6144
59.9985 384
60.1916 64
60.6576 1536
60.7846 6144
61.1237 384
61.2548 768
61.7388 2048
61.8564 2048
61.9849 1024
62.0686 128
62.5347 1024
63.0008 2048
63.0993 2048
63.1584 2048
63.862 256
64 1408
64.3281 1024
64.4374 48
65.2429 2048
65.6554 128
65.9411 2048
66.3402 2048
67.5512 2048
67.7128 2048
68.1916 288
68.6576 384
69.1237 128
70.1006 128
70.6274 1024
71.4256 1024
74.3145 128
75.7128 128
76.9557 128
77.2548 64
80.4374 8
