-60.424 10
-59.2155 30
-58.007 44
-56.7985 28
-55.59 59
-54.3816 76
-53.1731 65
-51.9646 214
-50.7561 293
-49.5477 346
-48.3392 723
-47.1307 892
-45.9222 1044
-44.7137 1429
-43.5053 2088
-42.2968 2450
-41.0883 3735
-39.8798 5046
-38.6713 6312
-37.4629 7558
-36.2544 10241
-35.0459 12712
-33.8374 15754
-32.6289 19829
-31.4205 24562
-30.212 29886
-29.0035 35823
-27.795 42568
-26.5865 51804
-25.3781 60320
-24.1696 69416
-22.9611 83330
-21.7526 95112
-20.5441 109142
-19.3357 123987
-18.1272 140526
-16.9187 155607
-15.7102 176213
-14.5018 191076
-13.2933 212512
-12.0848 231978
-10.8763 248503
-9.66783 268460
-8.45936 290623
-7.25088 307224
-6.0424 319650
-4.83392 337459
-3.62544 348481
-2.41696 365980
-1.20848 372387
7.10543e-15 380838
1.20848 389106
2.41696 390394
3.62544 388410
4.83392 390613
6.0424 378386
7.25088 376531
8.45936 373413
9.66783 358682
10.8763 346286
12.0848 332925
13.2933 314750
14.5018 299429
15.7102 279216
16.9187 255313
18.1272 245720
19.3357 223659
20.5441 205669
21.7526 188569
22.9611 172536
24.1696 153642
25.3781 138089
26.5865 120368
27.795 106035
29.0035 93175
30.212 78867
31.4205 68676
32.6289 59259
33.8374 51454
35.0459 42889
36.2544 36964
37.4629 31270
38.6713 27013
39.8798 21943
41.0883 17456
42.2968 13950
43.5053 10943
44.7137 8206
45.9222 6342
47.1307 4655
48.3392 3812
49.5477 2942
50.7561 2431
51.9646 2035
53.1731 1594
54.3816 1412
55.59 1195
56.7985 977
58.007 641
59.2155 394
60.424 107
