-48.2246 1
-48.1281 0
-48.0317 0
-47.9352 0
-47.8388 0
-47.7424 0
-47.6459 0
-47.5495 0
-47.453 0
-47.3566 2
-47.2601 2
-47.1637 4
-47.0672 4
-46.9708 0
-46.8743 0
-46.7779 2
-46.6814 0
-46.585 0
-46.4885 0
-46.3921 0
-46.2956 0
-46.1992 0
-46.1027 0
-46.0063 0
-45.9098 0
-45.8134 0
-45.7169 0
-45.6205 1
-45.524 0
-45.4276 2
-45.3311 6
-45.2347 6
-45.1382 0
-45.0418 0
-44.9453 4
-44.8489 0
-44.7524 0
-44.656 0
-44.5595 0
-44.4631 0
-44.3666 0
-44.2702 0
-44.1737 0
-44.0773 0
-43.9808 0
-43.8844 4
-43.7879 0
-43.6915 8
-43.595 0
-43.4986 4
-43.4021 0
-43.3057 0
-43.2092 2
-43.1128 1
-43.0163 2
-42.9199 0
-42.8234 0
-42.727 0
-42.6305 0
-42.5341 4
-42.4376 0
-42.3412 0
-42.2447 0
-42.1483 4
-42.0518 0
-41.9554 12
-41.8589 2
-41.7625 0
-41.6661 12
-41.5696 2
-41.4732 0
-41.3767 4
-41.2803 0
-41.1838 0
-41.0874 0
-40.9909 0
-40.8945 0
-40.798 4
-40.7016 1
-40.6051 0
-40.5087 2
-40.4122 5
-40.3158 0
-40.2193 10
-40.1229 4
-40.0264 4
-39.93 10
-39.8335 8
-39.7371 2
-39.6406 0
-39.5442 2
-39.4477 0
-39.3513 2
-39.2548 0
-39.1584 2
-39.0619 0
-38.9655 0
-38.869 0
-38.7726 0
-38.6761 0
-38.5797 2
-38.4832 13
-38.3868 16
-38.2903 14
-38.1939 14
-38.0974 10
-38.001 13
-37.9045 16
-37.8081 4
-37.7116 6
-37.6152 4
-37.5187 4
-37.4223 2
-37.3258 0
-37.2294 0
-37.1329 12
-37.0365 2
-36.94 10
-36.8436 4
-36.7471 36
-36.6507 12
-36.5542 24
-36.4578 27
-36.3613 10
-36.2649 18
-36.1684 24
-36.072 6
-35.9755 14
-35.8791 20
-35.7827 11
-35.6862 0
-35.5898 18
-35.4933 7
-35.3969 18
-35.3004 0
-35.204 4
-35.1075 12
-35.0111 20
-34.9146 3
-34.8182 20
-34.7217 36
-34.6253 26
-34.5288 0
-34.4324 62
-34.3359 26
-34.2395 12
-34.143 24
-34.0466 6
-33.9501 8
-33.8537 37
-33.7572 4
-33.6608 23
-33.5643 6
-33.4679 4
-33.3714 6
-33.275 49
-33.1785 30
-33.0821 32
-32.9856 24
-32.8892 28
-32.7927 34
-32.6963 42
-32.5998 2
-32.5034 34
-32.4069 26
-32.3105 17
-32.214 21
-32.1176 24
-32.0211 20
-31.9247 10
-31.8282 28
-31.7318 30
-31.6353 28
-31.5389 48
-31.4424 38
-31.346 47
-31.2495 50
-31.1531 52
-31.0566 38
-30.9602 37
-30.8637 15
-30.7673 52
-30.6708 12
-30.5744 35
-30.4779 52
-30.3815 16
-30.285 32
-30.1886 32
-30.0921 23
-29.9957 12
-29.8992 26
-29.8028 88
-29.7064 34
-29.6099 110
-29.5135 44
-29.417 38
-29.3206 46
-29.2241 44
-29.1277 60
-29.0312 82
-28.9348 76
-28.8383 37
-28.7419 90
-28.6454 57
-28.549 42
-28.4525 107
-28.3561 50
-28.2596 18
-28.1632 65
-28.0667 76
-27.9703 48
-27.8738 56
-27.7774 138
-27.6809 68
-27.5845 97
-27.488 74
-27.3916 102
-27.2951 85
-27.1987 114
-27.1022 81
-27.0058 71
-26.9093 76
-26.8129 62
-26.7164 79
-26.62 42
-26.5235 54
-26.4271 116
-26.3306 84
-26.2342 77
-26.1377 224
-26.0413 75
-25.9448 104
-25.8484 78
-25.7519 87
-25.6555 65
-25.559 118
-25.4626 90
-25.3661 96
-25.2697 100
-25.1732 83
-25.0768 147
-24.9803 123
-24.8839 162
-24.7874 120
-24.691 47
-24.5945 157
-24.4981 193
-24.4016 118
-24.3052 110
-24.2087 126
-24.1123 170
-24.0158 105
-23.9194 90
-23.823 141
-23.7265 115
-23.6301 78
-23.5336 210
-23.4372 122
-23.3407 171
-23.2443 168
-23.1478 183
-23.0514 132
-22.9549 142
-22.8585 158
-22.762 102
-22.6656 264
-22.5691 198
-22.4727 120
-22.3762 179
-22.2798 148
-22.1833 230
-22.0869 212
-21.9904 200
-21.894 163
-21.7975 228
-21.7011 138
-21.6046 192
-21.5082 269
-21.4117 132
-21.3153 130
-21.2188 192
-21.1224 211
-21.0259 158
-20.9295 274
-20.833 169
-20.7366 252
-20.6401 192
-20.5437 255
-20.4472 295
-20.3508 212
-20.2543 232
-20.1579 248
-20.0614 156
-19.965 225
-19.8685 206
-19.7721 276
-19.6756 188
-19.5792 196
-19.4827 371
-19.3863 240
-19.2898 214
-19.1934 633
-19.0969 191
-19.0005 292
-18.904 213
-18.8076 259
-18.7111 290
-18.6147 317
-18.5182 256
-18.4218 228
-18.3253 217
-18.2289 324
-18.1324 436
-18.036 274
-17.9395 316
-17.8431 370
-17.7467 247
-17.6502 261
-17.5538 569
-17.4573 237
-17.3609 297
-17.2644 346
-17.168 346
-17.0715 262
-16.9751 306
-16.8786 299
-16.7822 422
-16.6857 267
-16.5893 554
-16.4928 372
-16.3964 267
-16.2999 535
-16.2035 375
-16.107 322
-16.0106 309
-15.9141 428
-15.8177 277
-15.7212 472
-15.6248 360
-15.5283 549
-15.4319 369
-15.3354 276
-15.239 711
-15.1425 447
-15.0461 354
-14.9496 394
-14.8532 465
-14.7567 319
-14.6603 545
-14.5638 472
-14.4674 376
-14.3709 382
-14.2745 441
-14.178 486
-14.0816 472
-13.9851 521
-13.8887 755
-13.7922 368
-13.6958 473
-13.5993 468
-13.5029 659
-13.4064 439
-13.31 517
-13.2135 518
-13.1171 375
-13.0206 410
-12.9242 492
-12.8277 641
-12.7313 428
-12.6348 303
-12.5384 772
-12.4419 618
-12.3455 866
-12.249 454
-12.1526 680
-12.0561 481
-11.9597 622
-11.8633 556
-11.7668 605
-11.6704 482
-11.5739 401
-11.4775 678
-11.381 398
-11.2846 763
-11.1881 824
-11.0917 511
-10.9952 517
-10.8988 928
-10.8023 524
-10.7059 400
-10.6094 881
-10.513 697
-10.4165 571
-10.3201 591
-10.2236 654
-10.1272 657
-10.0307 547
-9.93427 633
-9.83782 1107
-9.74137 378
-9.64492 1012
-9.54847 801
-9.45202 460
-9.35557 639
-9.25912 730
-9.16267 672
-9.06622 406
-8.96977 815
-8.87333 890
-8.77688 594
-8.68043 597
-8.58398 1050
-8.48753 686
-8.39108 539
-8.29463 957
-8.19818 827
-8.10173 616
-8.00528 708
-7.90883 1111
-7.81238 490
-7.71594 851
-7.61949 806
-7.52304 641
-7.42659 536
-7.33014 736
-7.23369 834
-7.13724 675
-7.04079 663
-6.94434 1800
-6.84789 613
-6.75144 712
-6.65499 904
-6.55855 896
-6.4621 743
-6.36565 624
-6.2692 814
-6.17275 596
-6.0763 807
-5.97985 913
-5.8834 1021
-5.78695 983
-5.6905 1292
-5.59405 661
-5.4976 742
-5.40115 972
-5.30471 921
-5.20826 648
-5.11181 899
-5.01536 1087
-4.91891 761
-4.82246 1036
-4.72601 717
-4.62956 1192
-4.53311 765
-4.43666 593
-4.34021 1034
-4.24376 1029
-4.14732 851
-4.05087 747
-3.95442 1414
-3.85797 814
-3.76152 1060
-3.66507 771
-3.56862 975
-3.47217 825
-3.37572 780
-3.27927 962
-3.18282 844
-3.08637 810
-2.98992 607
-2.89348 2137
-2.79703 679
-2.70058 1420
-2.60413 937
-2.50768 852
-2.41123 702
-2.31478 946
-2.21833 989
-2.12188 736
-2.02543 908
-1.92898 1090
-1.83253 1173
-1.73609 724
-1.63964 1627
-1.54319 1034
-1.44674 793
-1.35029 1013
-1.25384 1045
-1.15739 997
-1.06094 1162
-0.964492 1110
-0.868043 926
-0.771594 919
-0.675144 1148
-0.578695 1169
-0.482246 709
-0.385797 874
-0.289348 1174
-0.192898 876
-0.0964492 704
0 2447
0.0964492 984
0.192898 746
0.289348 1050
0.385797 1028
0.482246 881
0.578695 837
0.675144 1136
0.771594 933
0.868043 794
0.964492 1052
1.06094 1992
1.15739 785
1.25384 1243
1.35029 1069
1.44674 857
1.54319 828
1.63964 1113
1.73609 1192
1.83253 727
1.92898 1174
2.02543 1090
2.12188 1266
2.21833 763
2.31478 1478
2.41123 858
2.50768 892
2.60413 1033
2.70058 1520
2.79703 801
2.89348 1615
2.98992 909
3.08637 824
3.18282 1218
3.27927 986
3.37572 1196
3.47217 801
3.56862 1017
3.66507 1023
3.76152 1058
3.85797 670
3.95442 2438
4.05087 923
4.14732 933
4.24376 1037
4.34021 972
4.43666 887
4.53311 707
4.62956 1110
4.72601 897
4.82246 1172
4.91891 825
5.01536 1001
5.11181 1719
5.20826 802
5.30471 1445
5.40115 1086
5.4976 830
5.59405 785
5.6905 1554
5.78695 795
5.8834 1031
5.97985 963
6.0763 1119
6.17275 758
6.2692 982
6.36565 1258
6.4621 757
6.55855 860
6.65499 1006
6.75144 1424
6.84789 567
6.94434 2002
7.04079 997
7.13724 943
7.23369 884
7.33014 1040
7.42659 750
7.52304 759
7.61949 938
7.71594 999
7.81238 754
7.90883 1065
8.00528 2382
8.10173 620
8.19818 935
8.29463 1071
8.39108 927
8.48753 634
8.58398 964
8.68043 1133
8.77688 852
8.87333 998
8.96977 1195
9.06622 1068
9.16267 914
9.25912 1100
9.35557 1053
9.45202 770
9.54847 695
9.64492 1692
9.74137 548
9.83782 1069
9.93427 963
10.0307 887
10.1272 831
10.2236 812
10.3201 1087
10.4165 693
10.513 715
10.6094 1263
10.7059 1224
10.8023 542
10.8988 1864
10.9952 685
11.0917 783
11.1881 908
11.2846 743
11.381 762
11.4775 780
11.5739 885
11.6704 600
11.7668 1043
11.8633 880
11.9597 1686
12.0561 747
12.1526 818
12.249 748
12.3455 1226
12.4419 632
12.5384 1060
12.6348 625
12.7313 770
12.8277 961
12.9242 684
13.0206 948
13.1171 779
13.2135 670
13.31 1063
13.4064 849
13.5029 751
13.5993 614
13.6958 1103
13.7922 804
13.8887 1065
13.9851 793
14.0816 822
14.178 610
14.2745 725
14.3709 666
14.4674 526
14.5638 844
14.6603 937
14.7567 751
14.8532 577
14.9496 1642
15.0461 568
15.1425 569
15.239 735
15.3354 592
15.4319 573
15.5283 645
15.6248 830
15.7212 852
15.8177 481
15.9141 918
16.0106 989
16.107 492
16.2035 735
16.2999 889
16.3964 413
16.4928 532
16.5893 1052
16.6857 565
16.7822 594
16.8786 567
16.9751 856
17.0715 394
17.168 530
17.2644 750
17.3609 711
17.4573 339
17.5538 899
17.6502 823
17.7467 347
17.8431 930
17.9395 612
18.036 420
18.1324 494
18.2289 516
18.3253 571
18.4218 418
18.5182 520
18.6147 829
18.7111 442
18.8076 439
18.904 999
19.0005 314
19.0969 467
19.1934 803
19.2898 608
19.3863 306
19.4827 569
19.5792 448
19.6756 436
19.7721 500
19.8685 404
19.965 653
20.0614 458
20.1579 466
20.2543 442
20.3508 642
20.4472 455
20.5437 845
20.6401 238
20.7366 478
20.833 417
20.9295 470
21.0259 388
21.1224 295
21.2188 486
21.3153 356
21.4117 344
21.5082 529
21.6046 400
21.7011 554
21.7975 396
21.894 635
21.9904 532
22.0869 304
22.1833 366
22.2798 358
22.3762 311
22.4727 312
22.5691 426
22.6656 542
22.762 272
22.8585 358
22.9549 570
23.0514 300
23.1478 355
23.2443 570
23.3407 427
23.4372 278
23.5336 438
23.6301 284
23.7265 339
23.823 257
23.9194 344
24.0158 291
24.1123 316
24.2087 352
24.3052 462
24.4016 232
24.4981 373
24.5945 663
24.691 181
24.7874 354
24.8839 350
24.9803 251
25.0768 199
25.1732 281
25.2697 332
25.3661 318
25.4626 160
25.559 510
25.6555 309
25.7519 177
25.8484 452
25.9448 434
26.0413 177
26.1377 360
26.2342 335
26.3306 188
26.4271 262
26.5235 226
26.62 302
26.7164 219
26.8129 244
26.9093 348
27.0058 267
27.1022 169
27.1987 538
27.2951 277
27.3916 124
27.488 320
27.5845 169
27.6809 184
27.7774 234
27.8738 206
27.9703 192
28.0667 186
28.1632 245
28.2596 148
28.3561 246
28.4525 263
28.549 344
28.6454 169
28.7419 256
28.8383 149
28.9348 280
29.0312 124
29.1277 152
29.2241 166
29.3206 114
29.417 196
29.5135 202
29.6099 288
29.7064 122
29.8028 202
29.8992 288
29.9957 192
30.0921 133
30.1886 186
30.285 140
30.3815 84
30.4779 118
30.5744 137
30.6708 188
30.7673 114
30.8637 149
30.9602 133
31.0566 106
31.1531 174
31.2495 202
31.346 155
31.4424 70
31.5389 220
31.6353 56
31.7318 96
31.8282 104
31.9247 62
32.0211 104
32.1176 148
32.214 137
32.3105 111
32.4069 148
32.5034 96
32.5998 128
32.6963 76
32.7927 108
32.8892 134
32.9856 64
33.0821 82
33.1785 100
33.275 87
33.3714 92
33.4679 62
33.5643 92
33.6608 47
33.7572 36
33.8537 109
33.9501 96
34.0466 44
34.143 138
34.2395 76
34.3359 56
34.4324 70
34.5288 42
34.6253 40
34.7217 70
34.8182 44
34.9146 55
35.0111 68
35.1075 44
35.204 118
35.3004 36
35.3969 72
35.4933 91
35.5898 46
35.6862 68
35.7827 63
35.8791 66
35.9755 40
36.072 38
36.1684 56
36.2649 20
36.3613 12
36.4578 81
36.5542 66
36.6507 52
36.7471 64
36.8436 26
36.94 78
37.0365 22
37.1329 52
37.2294 36
37.3258 44
37.4223 8
37.5187 38
37.6152 46
37.7116 6
37.8081 74
37.9045 30
38.001 39
38.0974 50
38.1939 78
38.2903 26
38.3868 14
38.4832 57
38.5797 44
38.6761 18
38.7726 34
38.869 16
38.9655 18
39.0619 40
39.1584 40
39.2548 46
39.3513 44
39.4477 24
39.5442 60
39.6406 20
39.7371 12
39.8335 38
39.93 42
40.0264 16
40.1229 24
40.2193 30
40.3158 14
40.4122 45
40.5087 14
40.6051 22
40.7016 25
40.798 46
40.8945 50
40.9909 26
41.0874 20
41.1838 46
41.2803 20
41.3767 16
41.4732 12
41.5696 32
41.6661 20
41.7625 14
41.8589 30
41.9554 36
42.0518 12
42.1483 56
42.2447 28
42.3412 12
42.4376 34
42.5341 24
42.6305 16
42.727 32
42.8234 20
42.9199 10
43.0163 28
43.1128 9
43.2092 10
43.3057 32
43.4021 30
43.4986 40
43.595 24
43.6915 16
43.7879 36
43.8844 20
43.9808 8
44.0773 14
44.1737 32
44.2702 10
44.3666 14
44.4631 18
44.5595 24
44.656 28
44.7524 30
44.8489 16
44.9453 8
45.0418 8
45.1382 20
45.2347 18
45.3311 22
45.4276 2
45.524 14
45.6205 9
45.7169 6
45.8134 8
45.9098 8
46.0063 18
46.1027 22
46.1992 8
46.2956 8
46.3921 16
46.4885 10
46.585 10
46.6814 4
46.7779 14
46.8743 0
46.9708 4
47.0672 8
47.1637 10
47.2601 14
47.3566 8
47.453 0
47.5495 2
47.6459 0
47.7424 2
47.8388 4
47.9352 6
48.0317 0
48.1281 0
48.2246 1
