-40.2103 2
-40.1313 2
-39.8712 2
-38.4779 2
-38.3098 2
-38.0575 2
-36.9322 2
-36.7641 8
-36.5415 4
-36.0421 2
-35.6236 2
-35.0503 2
-34.9959 4
-34.7488 4
-34.738 2
-34.7309 2
-34.641 2
-33.2681 2
-33.0953 4
-32.943 2
-32.6127 1
-32.4356 2
-31.5497 8
-31.4927 4
-31.4811 2
-31.3816 8
-31.3676 2
-31.3483 4
-31.2702 4
-31.2057 2
-31.1114 2
-31.0692 4
-31.0503 2
-30.9959 4
-30.7488 4
-30.7268 2
-30.2411 4
-30.1602 2
-29.9257 2
-29.8359 4
-29.8219 8
-29.6345 4
-29.6133 8
-29.5657 4
-29.5235 4
-29.5164 2
-29.4912 1
-29.4775 4
-29.3697 2
-29.3387 2
-29.3112 4
-29.2612 2
-29.1139 2
-29.0953 4
-29.0733 4
-29.0308 4
-28.9505 2
-28.943 4
-28.9339 4
-28.8958 8
-28.6529 2
-28.6215 4
-28.6065 2
-28.4533 8
-28.438 4
-28.2231 2
-28.1442 2
-28.1082 4
-28.0394 2
-27.937 4
-27.824 8
-27.8206 2
-27.7958 2
-27.7128 6
-27.701 2
-27.5497 8
-27.5276 4
-27.5133 8
-27.5064 4
-27.501 2
-27.4852 8
-27.3816 8
-27.3595 8
-27.2164 2
-27.182 8
-27.0387 2
-26.9734 2
-26.7433 2
-26.7034 2
-26.6851 8
-26.4897 1
-26.3949 2
-26.3913 8
-26.383 8
-26.3539 2
-26.2783 4
-26.2569 4
-26.2411 4
-26.2191 2
-26.1671 16
-26.1102 8
-26.0986 4
-26.0678 4
-26.0148 2
-25.9658 4
-25.9214 4
-25.8891 2
-25.8359 8
-25.8005 2
-25.7979 4
-25.7467 4
-25.6133 8
-25.5913 4
-25.5838 8
-25.5772 2
-25.5235 4
-25.5074 2
-25.4322 2
-25.4036 4
-25.3263 2
-25.2604 2
-25.2254 4
-25.1701 4
-25.1139 4
-25.0827 2
-24.9697 4
-24.9144 2
-24.9109 2
-24.8222 4
-24.7846 8
-24.7113 4
-24.6215 10
-24.6114 2
-24.5544 4
-24.5506 4
-24.5033 2
-24.4533 16
-24.4394 8
-24.4201 4
-24.342 4
-24.3285 4
-24.2942 2
-24.2584 4
-24.2548 8
-24.2187 1
-24.2011 2
-24.1832 6
-24.1549 2
-24.141 8
-24.1082 4
-24.0399 2
-23.9951 4
-23.9878 2
-23.9406 2
-23.8926 4
-23.8206 4
-23.7236 1
-23.7128 4
-23.6908 4
-23.6819 2
-23.5497 2
-23.5459 2
-23.5316 2
-23.5208 4
-23.5133 16
-23.5116 4
-23.501 2
-23.3934 2
-23.3816 4
-23.3683 1
-23.3683 4
-23.3129 2
-23.261 4
-23.2389 24
-23.1731 4
-22.9927 4
-22.9835 2
-22.9077 8
-22.8937 4
-22.8744 2
-22.8406 4
-22.8276 2
-22.7829 8
-22.7109 2
-22.6924 4
-22.6851 18
-22.6819 4
-22.6674 4
-22.665 2
-22.6568 4
-22.6556 8
-22.5526 4
-22.541 4
-22.5348 4
-22.4928 4
-22.4874 2
-22.4503 4
-22.4415 8
-22.383 2
-22.35 4
-22.333 2
-22.3166 2
-22.2783 4
-22.2419 12
-22.2286 2
-22.1857 2
-22.1671 16
-22.1451 16
-22.1389 2
-22.1253 2
-22.1238 8
-22.1102 8
-22.1026 12
-22.0986 4
-22.0882 4
-22.0765 2
-22.0057 4
-21.9676 8
-21.9658 4
-21.9477 2
-21.9437 4
-21.9214 4
-21.8575 4
-21.8417 4
-21.8359 4
-21.8256 2
-21.7662 4
-21.7349 8
-21.7153 4
-21.7068 2
-21.6783 2
-21.6278 4
-21.6133 8
-21.5913 4
-21.5908 4
-21.5595 2
-21.5472 8
-21.5251 20
-21.5112 8
-21.5074 4
-21.4471 8
-21.3819 2
-21.3112 4
-21.299 1
-21.2711 2
-21.2618 4
-21.255 4
-21.25 4
-21.2128 8
-21.166 2
-21.1652 8
-21.1395 4
-21.1117 4
-21.0934 2
-21.0819 2
-21.0695 2
-21.0088 12
-20.9922 4
-20.9856 4
-20.9505 2
-20.8958 16
-20.8924 4
-20.8815 2
-20.8745 2
-20.8389 4
-20.8295 8
-20.8272 4
-20.8222 4
-20.798 2
-20.7846 26
-20.7588 2
-20.7316 4
-20.7113 4
-20.6981 4
-20.6944 8
-20.6215 4
-20.6204 2
-20.6106 4
-20.6021 1
-20.5851 4
-20.5588 2
-20.4578 2
-20.4533 16
-20.4496 2
-20.4394 8
-20.4313 4
-20.4201 8
-20.4174 8
-20.4067 2
-20.342 8
-20.3285 4
-20.3125 4
-20.272 2
-20.2669 4
-20.2613 4
-20.2584 4
-20.2399 8
-20.2293 4
-20.1947 4
-20.1892 8
-20.1832 8
-20.179 4
-20.1749 4
-20.1612 8
-20.1588 2
-20.141 8
-20.119 4
-20.1094 2
-20.0406 4
-20.0346 4
-19.9951 4
-19.9565 4
-19.9406 2
-19.927 8
-19.9192 4
-19.8988 2
-19.892 2
-19.8465 4
-19.8428 4
-19.8206 4
-19.7865 2
-19.779 4
-19.7752 2
-19.7133 4
-19.7128 6
-19.6908 4
-19.6687 2
-19.6594 2
-19.6263 4
-19.6035 2
-19.5878 4
-19.5435 2
-19.5392 4
-19.514 2
-19.5133 24
-19.4912 8
-19.4548 4
-19.4538 4
-19.4514 4
-19.4117 2
-19.3891 2
-19.3523 2
-19.3287 8
-19.3137 4
-19.3129 4
-19.3092 1
-19.2679 2
-19.2551 2
-19.2426 4
-19.2389 74
-19.2169 8
-19.182 4
-19.1744 8
-19.1719 8
-19.1704 2
-19.1681 8
-19.1396 4
-19.1391 2
-19.0376 8
-19.0039 2
-18.9987 8
-18.9834 4
-18.981 2
-18.9793 4
-18.9119 4
-18.9117 4
-18.8937 8
-18.8722 8
-18.8697 4
-18.8583 2
-18.8465 2
-18.8185 4
-18.8171 4
-18.7829 8
-18.7433 2
-18.7236 2
-18.6851 4
-18.6568 4
-18.6556 12
-18.6348 2
-18.6322 4
-18.6036 4
-18.5877 4
-18.5792 2
-18.5675 4
-18.541 4
-18.504 2
-18.498 4
-18.4708 4
-18.4615 4
-18.4549 2
-18.4503 4
-18.4415 8
-18.4194 8
-18.383 4
-18.3567 4
-18.333 4
-18.3208 4
-18.2972 4
-18.2559 4
-18.2419 22
-18.2027 2
-18.1775 1
-18.1671 18
-18.1638 4
-18.1578 2
-18.1496 2
-18.1491 4
-18.1451 16
-18.1383 4
-18.1261 4
-18.1238 8
-18.1231 4
-18.1026 16
-18.1018 4
-18.0958 2
-18.0806 24
-18.056 2
-18.0541 4
-18.025 2
-18.0057 8
-17.9975 4
-17.9966 2
-17.9827 2
-17.9676 32
-17.9234 4
-17.9022 2
-17.8891 2
-17.8784 4
-17.8693 2
-17.8564 32
-17.8542 2
-17.8306 1
-17.7988 4
-17.7905 4
-17.6933 8
-17.6783 4
-17.6766 2
-17.6693 2
-17.6006 1
-17.5908 4
-17.5838 8
-17.5821 8
-17.5756 8
-17.5688 2
-17.5251 52
-17.5112 16
-17.4919 4
-17.4753 2
-17.4649 4
-17.453 8
-17.4164 2
-17.4138 8
-17.4003 12
-17.3963 2
-17.3855 4
-17.3843 4
-17.3363 2
-17.3339 4
-17.3266 4
-17.3163 4
-17.3126 8
-17.2993 8
-17.2618 8
-17.255 6
-17.2299 4
-17.2279 4
-17.2128 18
-17.1701 8
-17.166 2
-17.1552 4
-17.1395 4
-17.1252 4
-17.0596 2
-17.0479 4
-17.013 4
-17.0092 2
-17.0088 16
-16.9988 8
-16.9985 2
-16.9868 8
-16.9706 4
-16.9644 4
-16.927 2
-16.9201 1
-16.9025 4
-16.8958 16
-16.8924 4
-16.8738 8
-16.8567 2
-16.8525 8
-16.8313 8
-16.8305 2
-16.8075 4
-16.7846 12
-16.7844 4
-16.7626 16
-16.6981 4
-16.6359 4
-16.6215 8
-16.5926 4
-16.5926 8
-16.5851 36
-16.5694 4
-16.5662 4
-16.5588 2
-16.5523 2
-16.5477 8
-16.542 2
-16.5103 8
-16.5033 2
-16.4821 2
-16.4685 2
-16.4635 8
-16.4591 8
-16.459 4
-16.4571 4
-16.4533 12
-16.4401 4
-16.4394 4
-16.4313 8
-16.4236 2
-16.4005 8
-16.3847 4
-16.3328 16
-16.3195 4
-16.3107 20
-16.2908 4
-16.2758 4
-16.2642 2
-16.2116 4
-16.1996 8
-16.1957 4
-16.1947 4
-16.1936 2
-16.1892 8
-16.1877 1
-16.1832 2
-16.1727 2
-16.1549 2
-16.141 8
-16.1314 4
-16.1273 8
-16.119 4
-16.1094 12
-16.1029 4
-16.0935 2
-16.0866 4
-16.0693 2
-16.0645 12
-16.0399 2
-16.0024 2
-15.9655 8
-15.9462 2
-15.9456 4
-15.944 8
-15.9192 8
-15.9124 4
-15.9042 4
-15.9027 2
-15.8945 2
-15.8939 4
-15.8683 8
-15.8428 4
-15.8208 4
-15.8146 2
-15.7859 8
-15.7827 8
-15.779 4
-15.7752 4
-15.7688 2
-15.7661 4
-15.7569 16
-15.7374 8
-15.7286 2
-15.7274 4
-15.7253 4
-15.725 2
-15.687 4
-15.6822 4
-15.6819 2
-15.6671 4
-15.6621 2
-15.647 2
-15.6439 2
-15.6433 4
-15.6373 2
-15.6244 4
-15.6142 2
-15.6066 4
-15.6022 2
-15.5988 8
-15.5646 12
-15.5133 26
-15.5099 2
-15.4548 16
-15.4514 4
-15.4388 2
-15.4366 2
-15.4266 4
-15.4231 2
-15.4218 4
-15.4048 2
-15.3843 4
-15.3497 4
-15.3335 2
-15.3287 8
-15.3137 4
-15.3129 4
-15.3123 4
-15.3067 4
-15.2865 2
-15.2739 2
-15.2705 4
-15.2426 4
-15.2389 48
-15.2281 8
-15.2169 20
-15.1956 4
-15.182 8
-15.176 1
-15.1744 12
-15.1719 8
-15.1704 4
-15.1681 8
-15.1499 4
-15.146 4
-15.1442 4
-15.1396 8
-15.0993 4
-15.0963 4
-15.0812 2
-15.0775 4
-15.0693 8
-15.0532 2
-15.0469 8
-15.0394 8
-15.0376 12
-15.0155 4
-15.0072 4
-14.9917 2
-14.9793 4
-14.9646 4
-14.9282 16
-14.9234 4
-14.9119 4
-14.9117 4
-14.8974 2
-14.8937 4
-14.8896 2
-14.8844 4
-14.8814 2
-14.8722 8
-14.8699 4
-14.8697 8
-14.8524 4
-14.8502 8
-14.8468 8
-14.8463 4
-14.8407 2
-14.8276 2
-14.8067 16
-14.7965 8
-14.7965 2
-14.7928 2
-14.789 4
-14.7786 6
-14.7501 2
-14.7479 2
-14.7343 2
-14.7092 1
-14.6996 4
-14.6851 4
-14.6727 8
-14.665 2
-14.6626 2
-14.6556 28
-14.6521 4
-14.619 4
-14.605 8
-14.5969 8
-14.583 20
-14.5816 4
-14.5715 8
-14.5675 4
-14.5646 4
-14.5587 4
-14.5567 2
-14.5409 8
-14.5367 8
-14.504 4
-14.4874 2
-14.4842 4
-14.4792 1
-14.4782 4
-14.4721 8
-14.4676 2
-14.4525 2
-14.4415 4
-14.4083 4
-14.404 4
-14.383 4
-14.3667 2
-14.3488 8
-14.3349 2
-14.3268 2
-14.3218 4
-14.3066 4
-14.3009 2
-14.2972 8
-14.2749 2
-14.2491 4
-14.2419 8
-14.2392 4
-14.237 4
-14.2231 8
-14.2053 8
-14.1687 2
-14.1685 2
-14.1671 8
-14.1537 2
-14.1491 4
-14.1477 4
-14.1451 4
-14.1271 2
-14.1162 4
-14.1026 4
-14.0806 12
-14.064 4
-14.0574 4
-14.0541 4
-14.0357 4
-14.0316 4
-14.0193 4
-14.0066 4
-13.9864 2
-13.9827 4
-13.974 4
-13.9736 4
-13.9676 32
-13.9648 2
-13.9477 2
-13.9467 2
-13.9394 2
-13.9128 2
-13.9117 4
-13.9013 8
-13.9006 8
-13.8967 4
-13.8784 4
-13.8564 104
-13.8446 2
-13.8386 8
-13.8344 24
-13.8238 2
-13.8034 4
-13.7987 1
-13.769 2
-13.7666 4
-13.7662 4
-13.7559 4
-13.7352 2
-13.7274 8
-13.7257 4
-13.6933 8
-13.6789 8
-13.6569 40
-13.656 4
-13.6463 2
-13.6462 2
-13.6403 4
-13.6009 8
-13.5982 2
-13.5595 2
-13.5536 4
-13.5251 38
-13.5121 4
-13.5112 16
-13.5031 8
-13.4892 4
-13.4852 2
-13.453 8
-13.436 4
-13.4206 2
-13.4121 4
-13.407 4
-13.4046 8
-13.4003 28
-13.3843 4
-13.3819 2
-13.3783 8
-13.3779 2
-13.3621 2
-13.347 2
-13.3266 8
-13.3192 4
-13.3163 4
-13.2993 8
-13.2938 4
-13.2827 4
-13.2773 4
-13.2665 2
-13.2618 4
-13.258 2
-13.255 4
-13.2467 4
-13.2369 4
-13.2306 2
-13.2294 2
-13.2229 2
-13.2211 8
-13.2128 4
-13.1862 1
-13.1701 4
-13.1481 4
-13.1363 8
-13.1124 4
-13.1064 4
-13.0855 2
-13.0668 2
-13.0596 4
-13.0586 2
-13.0505 4
-13.0283 4
-13.013 8
-13.0088 4
-13.0062 2
-12.9988 12
-12.9985 2
-12.9879 4
-12.9742 8
-12.9706 4
-12.9644 8
-12.9553 4
-12.9522 4
-12.9461 4
-12.9308 2
-12.9146 8
-12.905 2
-12.8987 4
-12.8958 16
-12.8943 4
-12.8809 2
-12.8778 4
-12.8738 8
-12.8734 8
-12.8577 8
-12.8545 8
-12.847 2
-12.8412 2
-12.8313 8
-12.8287 8
-12.8224 2
-12.798 2
-12.7851 4
-12.7846 20
-12.7626 16
-12.7532 4
-12.7405 8
-12.7262 4
-12.7232 2
-12.7201 4
-12.7183 4
-12.6981 12
-12.6585 4
-12.6215 2
-12.6204 2
-12.611 4
-12.6071 8
-12.6051 4
-12.6007 2
-12.5856 2
-12.5851 88
-12.563 8
-12.5605 4
-12.5407 2
-12.5266 8
-12.5256 4
-12.5093 8
-12.4928 2
-12.4745 4
-12.4591 8
-12.459 4
-12.4578 2
-12.4533 12
-12.4529 4
-12.4401 8
-12.4371 4
-12.4313 4
-12.4193 2
-12.4098 1
-12.4005 18
-12.3847 4
-12.3828 4
-12.3397 2
-12.3328 16
-12.3129 4
-12.3125 4
-12.3107 104
-12.2895 4
-12.2682 8
-12.2644 2
-12.2584 4
-12.2538 8
-12.2437 4
-12.2422 4
-12.2399 4
-12.238 4
-12.2332 4
-12.2322 2
-12.2125 4
-12.2114 4
-12.2022 2
-12.1996 16
-12.1979 4
-12.197 2
-12.1957 4
-12.1525 2
-12.1426 8
-12.129 8
-12.1094 30
-12.1021 2
-12.0797 2
-12.0705 16
-12.0645 16
-12.0546 1
-12.0425 8
-12.0413 4
-12.0389 2
-12.0349 2
-12.028 8
-11.9835 2
-11.9728 1
-11.963 4
-11.9613 2
-11.9569 2
-11.9514 8
-11.9462 4
-11.9456 4
-11.944 16
-11.9415 8
-11.9317 2
-11.9301 8
-11.927 8
-11.9249 4
-11.9021 2
-11.8988 6
-11.8903 4
-11.8889 4
-11.8785 16
-11.8504 4
-11.8454 8
-11.8342 4
-11.7994 8
-11.7827 8
-11.7792 2
-11.7607 8
-11.7569 16
-11.7565 2
-11.7432 2
-11.7374 8
-11.7349 4
-11.7313 2
-11.7286 4
-11.7274 32
-11.7077 1
-11.704 4
-11.687 4
-11.6822 4
-11.6772 4
-11.6692 4
-11.6671 4
-11.6649 2
-11.6595 4
-11.6305 8
-11.6244 8
-11.6128 2
-11.6066 8
-11.6035 2
-11.5988 8
-11.5975 4
-11.5832 8
-11.5757 2
-11.5687 2
-11.5444 4
-11.5435 2
-11.5238 2
-11.5133 24
-11.5059 4
-11.4912 16
-11.4699 2
-11.4548 4
-11.4313 2
-11.425 4
-11.4218 8
-11.391 8
-11.3843 4
-11.3787 4
-11.369 4
-11.3523 2
-11.3462 2
-11.3287 8
-11.3212 8
-11.3137 28
-11.3067 4
-11.286 4
-11.2828 8
-11.2705 4
-11.2533 8
-11.2389 36
-11.2281 8
-11.2209 2
-11.2169 8
-11.2134 2
-11.2101 4
-11.206 4
-11.1998 2
-11.1979 4
-11.1956 8
-11.1878 8
-11.1837 4
-11.182 8
-11.1744 24
-11.1704 4
-11.1521 4
-11.1362 2
-11.1278 8
-11.1202 8
-11.1075 4
-11.107 2
-11.0693 2
-11.0684 2
-11.0679 4
-11.0639 4
-11.0614 8
-11.0545 2
-11.0508 2
-11.0469 8
-11.0376 12
-11.0179 4
-11.0155 8
-11.0072 8
-11.0028 2
-11.0023 4
-11.0022 2
-10.9917 2
-10.9646 4
-10.9502 16
-10.9282 104
-10.8974 4
-10.8862 2
-10.8722 4
-10.8706 4
-10.8623 12
-10.8549 4
-10.8514 2
-10.8468 8
-10.8463 4
-10.8252 2
-10.8247 4
-10.8201 2
-10.8116 2
-10.8067 16
-10.7972 1
-10.7965 8
-10.7932 8
-10.7846 8
-10.7786 8
-10.7745 4
-10.7681 4
-10.7651 2
-10.7566 4
-10.755 2
-10.7203 8
-10.7136 4
-10.7024 2
-10.6996 8
-10.6905 4
-10.6851 4
-10.6788 4
-10.6626 4
-10.6556 16
-10.6539 8
-10.6521 4
-10.6474 12
-10.646 4
-10.634 2
-10.63 4
-10.619 8
-10.5969 16
-10.5899 4
-10.583 52
-10.5471 2
-10.5367 12
-10.5298 4
-10.5216 8
-10.5146 4
-10.5145 4
-10.5114 8
-10.5 4
-10.498 4
-10.4856 4
-10.4783 2
-10.4782 4
-10.4742 2
-10.4721 20
-10.4719 2
-10.4632 2
-10.4525 8
-10.4433 4
-10.42 1
-10.4156 4
-10.404 4
-10.3984 8
-10.3844 4
-10.383 4
-10.3819 2
-10.3744 4
-10.3711 4
-10.3603 2
-10.3455 2
-10.3268 6
-10.3187 4
-10.3066 4
-10.3017 4
-10.3007 2
-10.2997 4
-10.2856 4
-10.2846 16
-10.2614 4
-10.2548 4
-10.2547 8
-10.2424 2
-10.2419 12
-10.2392 4
-10.237 8
-10.2053 8
-10.2016 2
-10.2005 4
-10.1965 2
-10.1844 4
-10.1835 2
-10.1832 4
-10.1831 4
-10.1821 4
-10.1581 4
-10.1578 2
-10.1537 4
-10.1314 2
-10.129 8
-10.1216 4
-10.1094 2
-10.0806 8
-10.0706 4
-10.0648 1
-10.064 8
-10.0574 8
-10.0569 4
-10.0409 4
-10.0362 4
-10.0317 2
-10.0193 4
-10.0085 4
-10.0066 4
-10.0053 4
-9.99751 4
-9.98642 12
-9.98453 2
-9.97584 4
-9.97433 4
-9.96759 12
-9.96719 8
-9.96481 2
-9.95735 2
-9.95671 8
-9.94531 2
-9.94102 4
-9.86933 2
-9.85641 96
-9.8562 4
-9.85422 2
-9.84291 4
-9.8386 8
-9.83448 2
-9.83437 74
-9.81234 4
-9.80936 2
-9.80476 4
-9.80338 8
-9.79796 8
-9.79429 4
-9.77972 2
-9.76985 8
-9.76662 4
-9.76621 8
-9.75594 4
-9.74009 2
-9.72572 4
-9.7153 4
-9.69327 2
-9.69171 2
-9.6766 2
-9.67187 4
-9.66436 16
-9.65685 90
-9.64668 4
-9.63802 4
-9.62405 2
-9.61947 16
-9.6009 8
-9.58208 16
-9.57959 4
-9.57887 4
-9.57543 8
-9.57457 8
-9.56489 4
-9.54881 2
-9.54677 4
-9.53532 8
-9.53092 4
-9.52887 4
-9.52515 22
-9.52409 2
-9.51685 4
-9.5135 4
-9.51186 4
-9.51121 12
-9.5073 4
-9.49885 4
-9.49436 4
-9.48918 8
-9.47923 2
-9.4624 4
-9.43664 2
-9.42758 4
-9.41396 2
-9.41209 4
-9.40456 20
-9.40034 20
-9.39632 2
-9.38426 8
-9.38253 24
-9.38071 16
-9.37831 8
-9.3671 4
-9.36147 2
-9.33753 4
-9.33634 2
-9.33369 4
-9.32658 4
-9.30013 2
-9.2884 1
-9.28339 4
-9.27175 4
-9.27135 4
-9.26866 2
-9.2665 4
-9.25501 4
-9.24665 8
-9.23057 4
-9.22331 4
-9.2128 4
-9.20319 4
-9.19905 8
-9.18384 2
-9.18206 8
-9.16526 2
-9.15835 12
-9.15101 2
-9.1423 16
-9.13632 12
-9.1359 2
-9.1326 4
-9.12712 2
-9.11244 8
-9.10638 8
-9.10335 4
-9.09103 4
-9.08548 2
-9.0773 2
-9.05684 4
-9.04789 4
-9.03787 8
-9.02827 8
-9.02757 2
-9.01797 2
-9.01584 20
-9.01304 2
-9.00341 4
-9.0019 8
-8.99876 28
-8.98792 4
-8.98415 4
-8.97752 2
-8.9742 8
-8.96631 6
-8.95827 2
-8.95434 4
-8.95217 4
-8.95175 4
-8.94149 1
-8.93922 8
-8.93391 8
-8.92615 8
-8.91463 12
-8.89981 2
-8.89865 4
-8.89259 4
-8.85765 12
-8.8545 16
-8.85133 4
-8.84273 4
-8.84057 8
-8.83793 4
-8.83541 2
-8.82872 18
-8.81076 2
-8.80041 4
-8.7992 8
-8.79565 2
-8.78734 4
-8.78511 8
-8.78461 12
-8.77602 4
-8.76386 2
-8.76258 18
-8.75878 2
-8.75252 4
-8.74054 8
-8.73522 4
-8.73146 4
-8.7295 4
-8.71851 2
-8.71729 4
-8.71411 8
-8.69806 16
-8.69642 2
-8.69624 4
-8.67843 4
-8.67602 8
-8.65957 4
-8.65789 2
-8.65671 4
-8.65593 8
-8.64907 8
-8.63642 8
-8.61136 2
-8.61102 8
-8.59167 4
-8.5915 4
-8.58623 1
-8.58506 150
-8.56302 32
-8.54205 2
-8.52912 4
-8.52661 2
-8.5188 8
-8.5186 4
-8.5106 2
-8.5093 8
-8.5072 2
-8.4984 4
-8.4936 4
-8.48207 2
-8.47448 4
-8.47388 4
-8.46847 2
-8.46233 2
-8.45607 12
-8.44722 2
-8.40053 4
-8.39625 4
-8.38551 12
-8.38408 8
-8.37224 2
-8.3418 2
-8.33965 4
-8.33277 4
-8.32957 2
-8.32955 4
-8.32835 4
-8.31473 2
-8.31286 4
-8.31073 108
-8.3039 4
-8.29986 4
-8.29084 4
-8.2887 16
-8.27391 4
-8.26742 8
-8.25841 4
-8.25599 2
-8.2538 8
-8.24621 12
-8.2437 8
-8.24215 4
-8.23986 8
-8.20709 4
-8.19955 24
-8.17752 8
-8.17108 8
-8.17107 4
-8.1411 4
-8.12899 16
-8.12004 2
-8.10936 16
-8.10271 4
-8.08732 4
-8.07836 2
-8.0705 16
-8.06452 4
-8.04954 2
-8.04847 8
-8.04554 2
-8.04407 2
-8.03482 4
-8.03099 1
-8.02887 4
-8.02203 24
-8.0093 4
-8 36
-7.99546 1
-7.98932 2
-7.98561 4
-7.98347 4
-7.96923 2
-7.96754 2
-7.95618 20
-7.9514 8
-7.94404 16
-7.94241 4
-7.94167 4
-7.94138 2
-7.93011 8
-7.92937 4
-7.92201 4
-7.91857 4
-7.91411 2
-7.91272 4
-7.91029 4
-7.90807 8
-7.90214 2
-7.88885 8
-7.88291 2
-7.87846 28
-7.86829 4
-7.85435 8
-7.85337 2
-7.85044 6
-7.84684 4
-7.83424 4
-7.82446 4
-7.79942 8
-7.78991 2
-7.78585 8
-7.7827 4
-7.77582 4
-7.77143 4
-7.75692 16
-7.752 4
-7.74127 4
-7.73489 4
-7.73443 4
-7.73056 8
-7.72862 4
-7.72741 24
-7.72385 8
-7.70528 2
-7.70402 8
-7.70285 8
-7.70086 2
-7.69449 2
-7.69077 8
-7.69017 2
-7.67684 4
-7.67574 1
-7.66972 4
-7.66214 2
-7.65946 8
-7.6548 8
-7.64703 2
-7.64328 4
-7.63049 12
-7.62365 2
-7.6142 2
-7.60845 24
-7.59815 4
-7.5863 4
-7.56972 8
-7.56597 8
-7.56384 4
-7.55595 4
-7.54445 4
-7.5361 4
-7.53576 4
-7.53448 2
-7.52242 2
-7.51326 20
-7.50589 8
-7.49123 16
-7.48493 4
-7.48013 4
-7.47575 2
-7.47107 8
-7.46919 4
-7.46495 4
-7.45481 8
-7.43657 2
-7.43134 2
-7.42671 8
-7.4099 2
-7.40172 4
-7.39355 4
-7.38974 4
-7.38468 2
-7.37274 2
-7.35685 2
-7.3564 8
-7.34862 4
-7.33574 4
-7.31371 36
-7.30883 8
-7.2986 1
-7.29702 4
-7.29489 4
-7.28754 4
-7.28599 4
-7.27706 4
-7.27593 4
-7.27395 2
-7.26073 4
-7.25333 8
-7.24257 8
-7.23894 24
-7.2313 4
-7.22661 2
-7.22545 2
-7.22409 2
-7.2209 4
-7.21951 4
-7.2169 16
-7.20775 4
-7.2008 8
-7.19792 8
-7.19563 8
-7.18883 4
-7.18804 4
-7.18369 4
-7.17442 8
-7.16843 8
-7.16166 4
-7.15238 12
-7.14119 2
-7.1358 4
-7.13504 2
-7.12918 8
-7.12776 8
-7.10572 8
-7.09632 4
-7.09352 4
-7.07836 2
-7.06931 4
-7.0686 4
-7.06838 4
-7.06147 8
-7.06142 8
-7.04541 4
-7.03939 16
-7.03756 4
-7.03673 4
-7.02267 2
-7.00717 4
-6.99103 2
-6.98414 4
-6.98345 4
-6.97313 8
-6.95024 16
-6.94382 2
-6.94214 8
-6.9282 268
-6.92552 2
-6.90617 20
-6.90242 2
-6.88384 4
-6.87517 4
-6.87127 4
-6.87059 8
-6.86537 2
-6.85962 2
-6.85485 4
-6.83801 8
-6.8359 2
-6.81968 4
-6.80787 2
-6.80667 16
-6.79916 8
-6.79317 8
-6.79276 2
-6.7871 8
-6.78463 8
-6.78358 4
-6.78207 4
-6.77865 2
-6.77301 2
-6.76809 4
-6.75068 8
-6.74789 2
-6.73616 16
-6.73327 4
-6.72865 4
-6.72683 4
-6.72034 8
-6.71808 2
-6.71364 4
-6.7133 4
-6.71304 2
-6.69831 4
-6.68199 4
-6.68005 8
-6.67882 12
-6.6727 4
-6.66758 4
-6.66264 4
-6.65876 8
-6.65561 20
-6.65388 32
-6.6298 2
-6.62742 1
-6.62475 4
-6.61897 4
-6.59694 16
-6.59539 4
-6.58845 2
-6.58387 4
-6.58301 38
-6.58048 8
-6.56097 8
-6.55563 2
-6.54713 4
-6.53666 16
-6.52165 8
-6.5169 1
-6.51462 8
-6.51136 8
-6.50779 4
-6.49962 4
-6.49839 4
-6.48994 2
-6.48932 4
-6.48558 8
-6.47214 20
-6.47172 2
-6.46995 4
-6.46666 4
-6.45606 4
-6.4525 2
-6.44966 2
-6.43276 2
-6.4155 4
-6.38444 8
-6.38302 2
-6.37439 4
-6.37148 4
-6.37112 8
-6.36558 12
-6.35448 4
-6.3383 4
-6.33485 2
-6.3268 8
-6.31845 4
-6.30237 2
-6.30166 8
-6.3 2
-6.29467 6
-6.29288 8
-6.29257 4
-6.28691 1
-6.28669 8
-6.2846 16
-6.28257 4
-6.27488 2
-6.2731 4
-6.26474 4
-6.26257 4
-6.26142 4
-6.25513 2
-6.25465 8
-6.24191 16
-6.24002 2
-6.23939 2
-6.23703 4
-6.23276 2
-6.23015 24
-6.21988 4
-6.21983 4
-6.2072 4
-6.18424 4
-6.17818 4
-6.16847 2
-6.16405 2
-6.16006 4
-6.14334 2
-6.12233 4
-6.10007 8
-6.08059 8
-6.07176 4
-6.07055 32
-6.046 4
-6.04236 2
-6.0381 4
-6.03194 4
-6.03168 2
-6.02957 2
-6.02715 4
-6.01597 2
-5.98642 30
-5.98198 8
-5.97794 8
-5.97584 4
-5.97433 8
-5.96759 12
-5.95651 4
-5.95216 4
-5.95157 2
-5.94833 8
-5.94516 20
-5.94229 2
-5.94102 4
-5.92945 4
-5.9263 20
-5.92255 4
-5.91236 8
-5.91234 8
-5.86694 2
-5.85691 4
-5.85641 86
-5.8562 8
-5.85261 2
-5.8489 8
-5.84711 4
-5.84291 4
-5.83834 2
-5.83437 48
-5.82004 1
-5.81234 10
-5.81149 4
-5.80295 2
-5.795 2
-5.79189 12
-5.76985 12
-5.76621 4
-5.7537 4
-5.73418 4
-5.69546 2
-5.68931 2
-5.68533 4
-5.68281 4
-5.67889 16
-5.67687 4
-5.67572 2
-5.66754 2
-5.66436 16
-5.66298 4
-5.65756 2
-5.65685 104
-5.64931 4
-5.64233 8
-5.63802 8
-5.63482 8
-5.63231 4
-5.62405 4
-5.60641 1
-5.59823 2
-5.59744 4
-5.58208 16
-5.57959 12
-5.57849 2
-5.57457 8
-5.56716 4
-5.56005 8
-5.54477 4
-5.54296 2
-5.53877 8
-5.53532 16
-5.53092 8
-5.52887 8
-5.52786 8
-5.52515 6
-5.51756 8
-5.51685 4
-5.51121 12
-5.5073 4
-5.49885 4
-5.49436 4
-5.48991 2
-5.48918 4
-5.47681 2
-5.47232 16
-5.4624 4
-5.45588 8
-5.44899 8
-5.44573 2
-5.4407 4
-5.42758 4
-5.4206 2
-5.41145 2
-5.407 4
-5.40456 8
-5.40086 2
-5.40034 4
-5.39369 4
-5.38575 2
-5.38426 4
-5.38253 74
-5.34703 2
-5.3376 8
-5.33621 2
-5.32729 2
-5.31627 4
-5.31549 8
-5.31166 8
-5.30498 4
-5.28339 8
-5.2827 2
-5.27135 36
-5.2665 4
-5.26531 8
-5.26491 8
-5.25798 2
-5.25572 4
-5.25501 2
-5.25251 4
-5.2503 8
-5.24001 4
-5.23237 2
-5.22938 2
-5.22866 4
-5.22331 4
-5.21441 4
-5.2128 4
-5.20733 8
-5.20319 8
-5.20047 8
-5.19851 2
-5.19453 4
-5.18206 8
-5.18115 8
-5.16526 4
-5.16003 4
-5.15998 2
-5.15835 16
-5.15412 4
-5.14981 8
-5.1423 28
-5.13632 24
-5.12494 4
-5.12462 2
-5.1099 2
-5.10548 2
-5.09923 4
-5.08038 4
-5.06675 2
-5.06076 4
-5.05857 2
-5.05526 4
-5.05001 4
-5.03368 4
-5.03134 4
-5.02769 4
-5.0232 4
-5.01584 52
-5.01368 4
-5.01325 4
-5.0124 4
-5.00578 4
-5.00341 4
-5.0019 16
-4.99876 16
-4.99668 4
-4.99007 4
-4.97229 8
-4.97056 2
-4.96631 8
-4.96212 4
-4.96211 4
-4.96065 4
-4.96 2
-4.95434 4
-4.94427 16
-4.92785 2
-4.91719 16
-4.91463 12
-4.90955 1
-4.90207 4
-4.89259 8
-4.87991 2
-4.87401 1
-4.85765 28
-4.8545 16
-4.85427 2
-4.8461 2
-4.84449 4
-4.84118 2
-4.84057 8
-4.83793 8
-4.83499 2
-4.83247 4
-4.82884 2
-4.82872 4
-4.82707 4
-4.82144 2
-4.81853 8
-4.81768 4
-4.81496 2
-4.80041 4
-4.7992 12
-4.79565 12
-4.78734 4
-4.78461 8
-4.77581 4
-4.76258 8
-4.76147 2
-4.75878 4
-4.75705 2
-4.75305 4
-4.75252 8
-4.74054 2
-4.73125 4
-4.72616 4
-4.71832 4
-4.70228 24
-4.69806 4
-4.68868 2
-4.67434 8
-4.66935 4
-4.66246 4
-4.65957 4
-4.65671 4
-4.64907 8
-4.64101 8
-4.62959 4
-4.62704 4
-4.61625 2
-4.59167 4
-4.58556 2
-4.58506 108
-4.58018 4
-4.57942 2
-4.56958 2
-4.56946 4
-4.56582 2
-4.56375 4
-4.56302 32
-4.54069 2
-4.52912 4
-4.5271 1
-4.52661 4
-4.5106 4
-4.50709 4
-4.50093 2
-4.4984 8
-4.49275 2
-4.48931 4
-4.4892 2
-4.47388 4
-4.47301 2
-4.45899 4
-4.45607 28
-4.45184 4
-4.44395 2
-4.44245 2
-4.43403 8
-4.43227 8
-4.42373 8
-4.40053 4
-4.39625 4
-4.39302 8
-4.39216 4
-4.38551 22
-4.38408 8
-4.37089 4
-4.36205 4
-4.35756 4
-4.35456 12
-4.34843 2
-4.3418 2
-4.34025 2
-4.32957 8
-4.32835 4
-4.32513 4
-4.31073 78
-4.30759 2
-4.29986 8
-4.29711 1
-4.29269 4
-4.29151 4
-4.2887 16
-4.28845 2
-4.28187 4
-4.27432 8
-4.27391 4
-4.26971 4
-4.26742 8
-4.26332 4
-4.25549 8
-4.24621 16
-4.2437 8
-4.23986 8
-4.23694 8
-4.2275 4
-4.22389 4
-4.21248 4
-4.19955 26
-4.19204 16
-4.17933 4
-4.17763 2
-4.17219 2
-4.17107 8
-4.1525 2
-4.1411 16
-4.14018 2
-4.12899 8
-4.10936 10
-4.10271 4
-4.08967 4
-4.08068 2
-4.0705 16
-4.06696 4
-4.06212 4
-4.06012 4
-4.04954 2
-4.04847 8
-4.03485 2
-4.03482 8
-4.02203 74
-4.01974 2
-4.01088 4
-4 212
-3.98347 4
-3.96128 2
-3.94555 4
-3.94404 12
-3.94238 4
-3.94167 8
-3.93414 8
-3.93011 4
-3.92201 8
-3.91857 8
-3.91071 8
-3.89188 2
-3.88921 4
-3.887 8
-3.87846 8
-3.86829 8
-3.86405 4
-3.85435 8
-3.8526 2
-3.85044 4
-3.83232 4
-3.82237 2
-3.8183 2
-3.81288 2
-3.79214 4
-3.7715 4
-3.76653 4
-3.76234 4
-3.747 2
-3.73947 2
-3.73668 4
-3.73479 4
-3.73443 4
-3.73129 2
-3.72741 48
-3.72568 8
-3.72385 12
-3.71924 4
-3.71779 4
-3.71155 2
-3.70182 4
-3.69496 4
-3.68642 2
-3.67684 8
-3.67431 8
-3.67282 2
-3.67196 4
-3.66874 8
-3.65975 2
-3.65588 4
-3.6548 16
-3.65157 2
-3.64328 8
-3.63049 16
-3.61893 2
-3.6166 1
-3.60964 4
-3.60845 28
-3.60162 4
-3.59815 4
-3.59499 4
-3.59344 4
-3.5863 4
-3.58315 4
-3.5718 8
-3.56972 8
-3.56922 8
-3.56866 2
-3.56597 8
-3.55996 2
-3.55737 4
-3.55595 8
-3.55196 2
-3.54769 4
-3.54393 12
-3.54369 2
-3.53872 4
-3.53775 4
-3.5361 4
-3.52699 2
-3.51508 4
-3.51326 20
-3.50589 4
-3.49123 16
-3.48201 4
-3.48013 8
-3.47575 4
-3.47107 8
-3.46919 4
-3.45941 4
-3.45623 8
-3.44292 8
-3.44276 8
-3.43625 4
-3.43418 2
-3.42671 8
-3.42058 2
-3.41788 2
-3.3986 2
-3.39546 1
-3.39104 8
-3.39046 4
-3.38458 4
-3.38451 2
-3.38218 2
-3.37772 8
-3.37345 4
-3.37274 4
-3.36646 4
-3.35899 8
-3.3564 18
-3.3419 4
-3.33476 8
-3.33321 2
-3.32659 4
-3.31371 54
-3.31132 2
-3.29702 4
-3.29489 8
-3.27706 8
-3.2734 8
-3.27233 4
-3.25946 2
-3.25777 16
-3.25624 4
-3.25389 20
-3.24295 2
-3.24257 8
-3.23894 14
-3.23853 2
-3.2209 4
-3.21951 8
-3.2169 4
-3.216 4
-3.21341 2
-3.21042 4
-3.20775 12
-3.20253 8
-3.2008 12
-3.19981 2
-3.19341 4
-3.18472 8
-3.17856 2
-3.17442 4
-3.17293 4
-3.16843 8
-3.16586 4
-3.16547 1
-3.1539 2
-3.15238 16
-3.14573 2
-3.14235 8
-3.13983 4
-3.13607 8
-3.12776 4
-3.12009 2
-3.11274 4
-3.11168 4
-3.10964 2
-3.107 2
-3.08954 4
-3.08025 4
-3.07836 4
-3.07215 2
-3.06931 4
-3.05078 2
-3.04612 4
-3.04541 8
-3.04261 2
-3.03939 16
-3.03899 12
-3.03673 4
-3.03632 2
-3.02267 2
-3.0147 2
-2.98345 8
-2.96866 4
-2.95024 18
-2.94214 8
-2.9282 248
-2.92799 4
-2.90617 104
-2.90077 4
-2.89452 2
-2.8901 2
-2.88489 4
-2.86609 4
-2.86368 24
-2.86262 4
-2.85138 2
-2.84632 4
-2.83853 4
-2.83136 4
-2.81968 4
-2.81855 1
-2.80547 4
-2.79916 16
-2.79764 2
-2.7871 2
-2.78358 4
-2.77982 4
-2.76233 2
-2.75068 32
-2.74888 4
-2.74367 4
-2.73616 28
-2.73327 4
-2.72865 36
-2.72195 4
-2.71808 4
-2.70982 4
-2.70454 4
-2.70432 4
-2.69585 2
-2.69127 16
-2.67882 8
-2.67271 2
-2.6727 8
-2.65876 8
-2.65561 4
-2.65388 32
-2.64634 4
-2.63673 4
-2.63669 4
-2.63399 2
-2.62061 2
-2.61425 2
-2.60711 8
-2.60308 8
-2.60271 8
-2.60066 4
-2.59914 2
-2.59694 12
-2.58684 8
-2.58387 8
-2.58301 22
-2.57364 4
-2.57064 2
-2.55427 2
-2.54412 8
-2.5427 4
-2.53666 4
-2.51451 4
-2.51113 2
-2.51009 2
-2.48496 1
-2.47636 16
-2.47214 16
-2.46995 4
-2.46319 2
-2.45704 2
-2.45523 4
-2.4525 8
-2.44966 4
-2.4389 4
-2.43143 4
-2.42151 2
-2.4155 4
-2.41365 8
-2.38444 4
-2.37112 8
-2.36518 8
-2.35914 8
-2.35519 4
-2.35448 8
-2.3519 2
-2.34554 2
-2.34315 40
-2.34313 4
-2.3383 4
-2.33702 4
-2.33246 2
-2.3268 2
-2.32661 4
-2.32428 2
-2.31196 4
-2.31069 2
-2.29837 8
-2.29467 8
-2.28719 8
-2.28669 8
-2.28556 4
-2.2846 16
-2.28257 8
-2.27968 4
-2.27498 4
-2.27263 8
-2.27085 8
-2.26582 4
-2.26465 4
-2.26257 4
-2.25886 4
-2.25386 4
-2.24795 4
-2.24191 14
-2.23706 2
-2.23613 8
-2.23015 12
-2.22592 8
-2.21988 8
-2.21983 4
-2.20811 12
-2.19651 2
-2.18346 2
-2.17515 4
-2.16166 2
-2.14334 2
-2.13804 1
-2.13306 2
-2.129 8
-2.12233 8
-2.11703 4
-2.11324 2
-2.10967 4
-2.09936 2
-2.09573 8
-2.08764 8
-2.08059 4
-2.0737 20
-2.07055 24
-2.05594 4
-2.04843 2
-2.046 8
-2.04349 4
-2.0381 6
-2.02715 8
-2.01926 8
-2.01102 16
-2.00528 4
-1.99711 2
-1.98642 16
-1.98403 2
-1.97043 2
-1.96759 12
-1.96439 4
-1.95651 4
-1.94531 2
-1.93961 4
-1.93153 4
-1.92945 32
-1.9263 52
-1.92255 4
-1.91453 4
-1.91236 16
-1.90973 4
-1.90806 1
-1.90501 8
-1.90052 8
-1.87252 1
-1.85641 36
-1.84782 4
-1.83437 36
-1.83058 4
-1.81752 2
-1.81234 4
-1.80326 4
-1.79611 4
-1.795 4
-1.7928 4
-1.79189 16
-1.78736 4
-1.7859 16
-1.78091 2
-1.78017 4
-1.76985 24
-1.76538 4
-1.75998 2
-1.75428 2
-1.7537 4
-1.74487 2
-1.73166 2
-1.72969 2
-1.72773 4
-1.72087 4
-1.71743 4
-1.7153 4
-1.71379 8
-1.71008 2
-1.7 2
-1.67889 16
-1.67687 8
-1.66436 16
-1.66329 20
-1.66298 8
-1.65944 2
-1.65685 168
-1.64233 8
-1.63231 8
-1.62322 4
-1.61709 2
-1.60092 8
-1.59841 4
-1.59199 2
-1.5913 1
-1.5906 8
-1.5824 2
-1.58208 16
-1.57959 8
-1.57019 4
-1.56724 2
-1.56716 4
-1.56404 4
-1.56005 8
-1.54833 4
-1.54567 16
-1.54477 4
-1.53092 8
-1.53005 4
-1.52786 20
-1.52635 4
-1.52515 4
-1.52409 2
-1.51756 8
-1.51575 4
-1.47232 16
-1.45588 18
-1.45551 2
-1.45029 4
-1.44839 4
-1.44437 2
-1.43946 4
-1.4301 2
-1.41896 4
-1.41245 2
-1.41155 2
-1.40565 1
-1.40461 4
-1.40456 16
-1.39966 2
-1.38741 4
-1.38426 4
-1.38253 48
-1.37569 4
-1.37165 8
-1.36147 2
-1.3605 4
-1.34932 4
-1.33621 4
-1.33077 4
-1.32729 12
-1.31801 4
-1.3166 2
-1.31627 4
-1.31557 4
-1.31549 8
-1.31166 8
-1.30498 8
-1.29589 4
-1.29338 8
-1.28696 2
-1.27889 4
-1.27135 88
-1.26866 2
-1.26673 4
-1.26531 8
-1.26384 16
-1.25133 4
-1.25124 4
-1.24932 8
-1.24288 12
-1.24286 4
-1.22699 2
-1.21642 4
-1.21441 8
-1.2129 8
-1.20733 8
-1.1853 4
-1.18384 2
-1.18115 12
-1.17566 1
-1.17451 2
-1.1641 2
-1.15835 4
-1.15101 2
-1.1423 8
-1.13632 8
-1.1332 2
-1.11616 4
-1.11586 8
-1.10067 4
-1.09923 4
-1.09383 20
-1.09103 4
-1.08984 2
-1.0811 4
-1.0718 16
-1.06076 4
-1.05618 2
-1.05526 4
-1.03872 4
-1.03134 4
-1.02797 8
-1.02332 4
-1.0232 8
-1.01584 38
-1.01534 8
-1.01347 4
-1.01325 8
-1.0019 16
-0.998756 20
-0.996675 8
-0.993808 8
-0.990368 8
-0.987918 8
-0.985911 2
-0.983045 4
-0.979872 4
-0.972292 8
-0.970582 4
-0.970563 4
-0.966305 2
-0.959995 2
-0.955765 2
-0.950259 16
-0.940088 8
-0.938533 8
-0.926151 4
-0.922239 6
-0.914626 4
-0.910351 4
-0.902071 4
-0.901058 4
-0.899808 2
-0.896259 4
-0.885966 4
-0.882207 8
-0.864957 2
-0.861205 4
-0.857651 16
-0.854502 12
-0.850226 2
-0.847615 12
-0.840565 4
-0.832469 8
-0.828721 4
-0.827068 4
-0.815282 8
-0.814962 4
-0.810759 2
-0.809863 4
-0.805873 4
-0.802582 2
-0.799203 28
-0.795649 30
-0.792249 4
-0.775908 2
-0.758778 4
-0.752522 4
-0.748632 8
-0.737803 4
-0.727581 4
-0.715074 8
-0.714269 8
-0.706595 8
-0.702984 4
-0.702282 28
-0.687275 4
-0.680249 8
-0.676983 4
-0.674343 8
-0.669346 8
-0.659138 2
-0.65231 4
-0.643601 8
-0.643148 2
-0.641516 4
-0.640994 2
-0.635636 4
-0.635322 8
-0.627748 8
-0.618021 2
-0.616246 4
-0.603892 4
-0.59828 4
-0.590102 2
-0.585057 46
-0.576176 2
-0.573728 4
-0.563749 8
-0.563024 12
-0.562628 8
-0.556725 4
-0.551927 4
-0.551378 2
-0.547544 4
-0.52893 8
-0.52661 4
-0.520538 8
-0.507197 2
-0.495158 1
-0.489203 2
-0.482348 4
-0.478544 2
-0.474484 4
-0.470418 2
-0.46552 2
-0.465344 4
-0.462329 2
-0.461541 4
-0.458988 4
-0.456067 20
-0.450228 4
-0.447219 2
-0.444538 2
-0.434034 8
-0.432272 8
-0.427045 2
-0.423734 8
-0.420417 4
-0.413698 4
-0.407538 4
-0.400526 4
-0.393966 1
-0.393015 16
-0.385505 8
-0.384084 8
-0.36669 8
-0.362051 4
-0.357559 4
-0.348853 8
-0.347723 12
-0.345198 8
-0.344332 4
-0.335526 2
-0.329569 2
-0.327266 2
-0.325127 8
-0.31234 2
-0.310734 42
-0.309827 2
-0.299857 8
-0.299137 2
-0.294717 2
-0.292694 4
-0.291303 4
-0.288701 4
-0.272593 4
-0.271102 2
-0.269444 8
-0.263319 4
-0.260623 4
-0.255993 2
-0.255489 12
-0.246215 4
-0.233456 4
-0.224182 4
-0.223886 8
-0.214905 4
-0.210121 2
-0.210088 2
-0.200973 4
-0.199552 24
-0.192042 16
-0.179326 8
-0.177519 16
-0.170009 8
-0.150162 4
-0.141105 4
-0.12646 4
-0.117209 4
-0.117089 2
-0.111182 8
-0.109358 4
-0.108525 2
-0.0897914 4
-0.089674 8
-0.0783646 2
-0.0726939 4
-0.0670361 4
-0.0628293 2
-0.0627423 4
-0.058623 2
-0.0552455 4
-0.0455354 2
-0.0348193 4
-0.0324597 2
-0.0220331 48
-0.0106841 2
-0.00751013 8
0 449
0.0106841 2
0.0220331 24
0.0348193 4
0.0455354 2
0.0544457 4
0.0559554 12
0.0628293 2
0.0640158 8
0.0670361 4
0.0708747 4
0.0726939 4
0.0747711 4
0.0779885 4
0.0783646 2
0.0814285 8
0.0897914 4
0.10812 4
0.108525 2
0.113 8
0.117089 2
0.117209 4
0.121538 8
0.125938 8
0.12646 4
0.129048 8
0.130017 4
0.131709 8
0.141105 4
0.147403 2
0.149558 4
0.150162 4
0.170009 8
0.177519 8
0.199552 8
0.201376 4
0.207864 8
0.210121 2
0.210592 8
0.214905 4
0.2285 4
0.237655 8
0.243663 4
0.246215 12
0.249849 4
0.25229 8
0.255508 8
0.255993 2
0.260623 4
0.263319 12
0.269444 4
0.272593 24
0.276147 12
0.282215 8
0.291303 4
0.294717 2
0.29818 8
0.302895 1
0.305044 4
0.311444 4
0.31234 2
0.323165 4
0.327266 2
0.328353 4
0.329569 2
0.331261 8
0.335526 2
0.344332 4
0.345198 16
0.347723 12
0.348853 8
0.356723 4
0.359114 2
0.36669 8
0.369515 4
0.372713 2
0.385505 12
0.391548 8
0.396246 4
0.405012 4
0.406555 8
0.413698 8
0.416847 8
0.420417 4
0.427045 2
0.427478 2
0.428195 8
0.430784 8
0.438259 6
0.444538 2
0.447219 2
0.450228 4
0.450692 2
0.452817 4
0.456067 28
0.456309 4
0.461541 4
0.462329 2
0.465344 4
0.470418 2
0.478544 2
0.484915 8
0.486739 2
0.507197 2
0.516526 1
0.517987 4
0.520538 8
0.524253 4
0.547544 4
0.550341 4
0.551927 4
0.556725 4
0.55708 8
0.562628 8
0.563749 4
0.573728 4
0.591672 4
0.597006 8
0.59828 4
0.607168 2
0.609544 8
0.611355 2
0.633538 6
0.635322 8
0.635636 4
0.641516 4
0.643601 4
0.65231 4
0.659565 4
0.665242 8
0.666785 4
0.675061 4
0.676024 8
0.680249 8
0.686292 20
0.687275 4
0.705107 4
0.708325 4
0.722944 8
0.726599 8
0.727675 8
0.743756 8
0.746416 4
0.748632 8
0.752522 4
0.775908 2
0.792249 8
0.795649 2
0.799203 28
0.802353 8
0.805873 4
0.806585 8
0.809863 4
0.810759 2
0.815282 16
0.827068 4
0.828133 4
0.835411 2
0.847615 4
0.850226 2
0.857651 12
0.861205 4
0.863933 8
0.864957 2
0.868068 4
0.870421 4
0.882207 8
0.885966 4
0.887265 8
0.890357 2
0.893664 1
0.896259 4
0.898076 4
0.899808 2
0.901058 4
0.910351 4
0.910457 4
0.91379 4
0.919747 8
0.921635 4
0.926151 8
0.930692 4
0.938533 8
0.94178 8
0.950259 16
0.955765 2
0.958274 2
0.960615 16
0.979872 4
0.983045 4
0.983401 1
0.985911 2
0.990368 8
0.993808 8
0.998756 8
1.0019 8
1.00341 4
1.01304 2
1.01347 4
1.01584 20
1.01586 4
1.02797 8
1.03134 4
1.04976 8
1.05618 2
1.07129 2
1.0718 242
1.07931 8
1.0811 4
1.08984 2
1.09103 4
1.09383 108
1.09923 4
1.10067 4
1.11586 8
1.11616 4
1.1206 4
1.13024 4
1.13065 4
1.1332 2
1.13391 8
1.1359 2
1.13632 12
1.1423 16
1.15101 2
1.15368 4
1.15835 12
1.17451 2
1.18384 2
1.1853 4
1.1885 4
1.2129 4
1.21339 1
1.22331 4
1.22699 2
1.24286 4
1.24288 12
1.24892 1
1.24932 32
1.25133 4
1.25633 8
1.26384 8
1.26866 2
1.27135 88
1.27277 4
1.27889 4
1.29589 4
1.30525 4
1.31557 4
1.32729 12
1.3273 8
1.33077 4
1.34612 12
1.357 8
1.3605 4
1.36147 2
1.36331 8
1.37165 8
1.37569 4
1.37831 8
1.37939 4
1.38253 24
1.39692 8
1.39729 8
1.40306 12
1.40461 4
1.41699 6
1.41896 4
1.42758 4
1.42936 4
1.4301 2
1.44437 2
1.44839 4
1.45029 4
1.45588 18
1.47923 2
1.50435 2
1.51575 4
1.51685 4
1.52364 16
1.52409 2
1.52786 12
1.54394 4
1.54477 4
1.54567 16
1.5475 16
1.5611 8
1.57019 4
1.57959 4
1.5824 2
1.5906 8
1.59199 2
1.59584 1
1.59841 4
1.622 2
1.62322 4
1.63404 2
1.64086 8
1.65685 90
1.65944 2
1.66298 4
1.66329 20
1.67569 4
1.67636 4
1.68804 4
1.69954 4
1.7 2
1.70213 4
1.70533 2
1.71008 2
1.71281 8
1.71379 8
1.71743 4
1.72087 4
1.72773 4
1.72969 2
1.73166 2
1.73484 4
1.73828 8
1.74487 2
1.74614 8
1.74705 4
1.75428 2
1.75809 4
1.75998 2
1.76387 8
1.76985 8
1.77408 12
1.77839 8
1.77972 2
1.78091 2
1.7859 16
1.78856 4
1.79189 16
1.7928 4
1.79566 4
1.79611 4
1.80326 4
1.80641 4
1.81234 4
1.81752 2
1.82485 8
1.83058 4
1.83448 2
1.8386 8
1.84291 4
1.84782 4
1.86745 8
1.87707 4
1.89033 8
1.90052 8
1.90064 4
1.90501 8
1.90973 4
1.91236 16
1.91453 4
1.91495 4
1.9263 52
1.92945 48
1.93153 4
1.933 8
1.93659 8
1.93961 4
1.94102 4
1.94531 2
1.954 8
1.95651 4
1.95735 2
1.95764 6
1.9619 4
1.97043 2
1.98002 4
1.98074 8
1.98403 2
1.99404 2
1.99795 8
2.00528 4
2.01102 16
2.01358 10
2.05594 4
2.06882 4
2.07055 24
2.0737 38
2.08059 8
2.08547 8
2.08764 16
2.09499 8
2.09573 8
2.09936 2
2.09948 8
2.10967 4
2.11052 4
2.11324 2
2.11703 4
2.129 8
2.13306 2
2.13528 8
2.14359 18
2.15218 8
2.16166 2
2.16563 24
2.16942 4
2.17515 4
2.18111 4
2.18766 8
2.19651 2
2.19674 8
2.20389 8
2.20811 4
2.2141 16
2.21983 12
2.22592 8
2.23015 8
2.23613 8
2.23706 2
2.25386 4
2.25465 8
2.25886 4
2.26465 4
2.26582 4
2.27031 4
2.27085 8
2.27227 8
2.27913 8
2.27968 4
2.28257 4
2.28556 4
2.30067 2
2.3091 4
2.31069 2
2.31196 4
2.32111 16
2.32428 2
2.33702 4
2.34315 180
2.34554 2
2.3519 2
2.35519 4
2.36196 4
2.36518 16
2.37222 1
2.3798 8
2.39908 12
2.42112 4
2.43143 4
2.4389 4
2.45433 16
2.46319 2
2.46995 4
2.47214 20
2.47636 16
2.4783 2
2.48315 4
2.50633 1
2.51337 2
2.52768 16
2.53519 8
2.5427 4
2.54412 4
2.54449 2
2.54971 4
2.54985 2
2.55427 2
2.57064 2
2.57364 4
2.57849 4
2.58421 4
2.59544 4
2.60034 2
2.60066 4
2.60271 8
2.60308 8
2.61425 2
2.61747 36
2.62061 2
2.62835 8
2.63399 2
2.63669 4
2.64634 4
2.65388 8
2.66827 8
2.67271 30
2.67882 4
2.69127 16
2.69585 2
2.70235 2
2.70432 4
2.70454 4
2.72111 8
2.72748 1
2.72865 150
2.73327 12
2.73616 28
2.74876 4
2.74888 4
2.75068 32
2.76809 4
2.77982 4
2.78358 4
2.78559 4
2.7871 2
2.79764 2
2.80547 4
2.80923 2
2.81162 2
2.81885 12
2.82522 2
2.82549 4
2.83853 4
2.85034 2
2.85138 2
2.8577 8
2.86262 4
2.86368 4
2.86609 4
2.88414 8
2.88489 4
2.89452 2
2.90617 104
2.9189 8
2.92799 4
2.9282 104
2.95939 4
2.97668 4
2.9768 8
2.98416 22
2.99659 4
2.9981 12
3.00124 4
3.00284 2
3.00963 8
3.01208 8
3.01409 4
3.0147 2
3.02013 8
3.02944 2
3.03632 2
3.03899 12
3.04612 4
3.0469 4
3.04974 16
3.05078 2
3.05991 8
3.07215 2
3.07385 8
3.07776 8
3.08954 4
3.10374 8
3.107 2
3.1099 6
3.11168 4
3.11779 8
3.13607 8
3.13983 4
3.14235 20
3.1455 12
3.14573 2
3.15238 16
3.16586 4
3.16753 4
3.17128 4
3.17442 24
3.17561 4
3.17856 2
3.18472 16
3.19341 4
3.19367 2
3.19981 2
3.2008 16
3.20435 16
3.20775 4
3.21042 4
3.21341 2
3.216 4
3.22638 4
3.23853 2
3.25389 20
3.25624 4
3.25946 2
3.2622 4
3.27233 4
3.2734 8
3.28272 1
3.28599 4
3.29702 4
3.29772 8
3.31371 4
3.31975 12
3.32659 4
3.33321 2
3.33476 8
3.34043 4
3.3419 4
3.34505 8
3.34617 2
3.3564 18
3.35848 8
3.35899 4
3.36436 8
3.36634 8
3.36646 4
3.37129 4
3.37345 4
3.38218 2
3.38375 4
3.38427 4
3.38451 2
3.39046 4
3.39104 8
3.40099 4
3.40342 4
3.40833 4
3.41312 4
3.41494 20
3.41788 2
3.42382 2
3.43418 2
3.43625 4
3.43698 12
3.44292 8
3.44327 8
3.45246 4
3.45623 8
3.45941 4
3.46034 2
3.47107 8
3.47339 4
3.47946 8
3.48201 4
3.48545 8
3.49416 2
3.50589 4
3.5238 2
3.52552 4
3.53775 4
3.53846 8
3.53971 8
3.54369 2
3.54393 4
3.54769 4
3.54977 4
3.55196 2
3.55605 2
3.55756 4
3.55996 2
3.56033 4
3.56866 2
3.5718 8
3.58315 8
3.5863 4
3.59246 8
3.59344 4
3.59499 4
3.60162 4
3.61086 8
3.61181 2
3.61285 2
3.61449 12
3.61893 2
3.63797 1
3.65115 8
3.65157 2
3.6548 16
3.65588 4
3.65975 2
3.66874 8
3.67043 8
3.67196 4
3.67431 8
3.67487 8
3.68927 8
3.71779 4
3.71924 4
3.72568 16
3.72741 32
3.73129 2
3.73479 4
3.73938 8
3.74451 12
3.747 2
3.76234 4
3.7646 4
3.76654 8
3.77923 2
3.77981 4
3.79214 4
3.79903 8
3.79942 8
3.80045 20
3.80796 16
3.81288 2
3.81547 8
3.82237 2
3.82248 16
3.82999 8
3.8325 2
3.84451 4
3.84795 4
3.84984 4
3.8526 2
3.8589 8
3.87846 16
3.887 8
3.88921 4
3.89064 2
3.89147 4
3.89188 2
3.91021 4
3.93414 8
3.93717 4
3.93726 4
3.94238 4
3.95686 2
3.96128 2
3.97797 36
3.98489 1
4 418
4.01088 4
4.01511 1
4.02203 74
4.03482 4
4.03485 2
4.04249 8
4.06212 4
4.06283 4
4.06696 4
4.07972 2
4.08068 2
4.08967 4
4.08979 4
4.10853 4
4.12154 8
4.13002 4
4.14018 2
4.1411 16
4.14956 2
4.15016 4
4.15205 4
4.1525 2
4.15549 4
4.1675 2
4.17001 8
4.17219 2
4.17763 2
4.17933 4
4.18453 8
4.19204 16
4.19955 16
4.20138 8
4.20786 8
4.21248 4
4.22019 4
4.22389 4
4.2354 4
4.23694 8
4.24621 16
4.25229 8
4.25551 8
4.26062 8
4.26332 8
4.26825 8
4.26944 8
4.26971 4
4.27259 16
4.27432 16
4.27615 4
4.28187 4
4.29151 4
4.29269 4
4.30759 2
4.31286 4
4.32513 4
4.32835 4
4.32957 8
4.33126 4
4.34025 2
4.3452 12
4.34843 2
4.34885 8
4.35456 12
4.35756 4
4.36203 1
4.36205 4
4.37089 4
4.38551 22
4.38819 2
4.38914 8
4.39155 8
4.39216 4
4.39625 4
4.40656 8
4.4137 4
4.41685 8
4.42373 8
4.4282 8
4.43227 8
4.43826 8
4.43967 4
4.44244 4
4.44245 2
4.45023 4
4.45069 2
4.45184 4
4.45607 20
4.46029 8
4.46154 8
4.47448 4
4.4757 16
4.48931 4
4.49275 2
4.50584 2
4.51455 8
4.52054 8
4.52661 8
4.53164 2
4.53966 2
4.54069 2
4.54754 4
4.55673 8
4.56302 8
4.56582 2
4.56946 4
4.56958 2
4.58506 4
4.58556 2
4.58688 4
4.59167 8
4.59658 4
4.59901 4
4.60067 2
4.60717 2
4.61625 2
4.62704 4
4.62871 4
4.62959 4
4.63354 4
4.63366 8
4.63564 8
4.64101 4
4.64152 8
4.6436 4
4.65495 8
4.6581 4
4.65957 8
4.66246 4
4.66679 4
4.66935 4
4.67434 8
4.67506 4
4.68025 12
4.68629 6
4.69806 12
4.70228 24
4.71728 1
4.71832 4
4.72009 4
4.7266 4
4.73125 4
4.75252 4
4.75305 4
4.76147 2
4.77362 4
4.77581 4
4.79565 12
4.7992 16
4.80235 8
4.80633 2
4.81496 2
4.81528 8
4.81853 8
4.82144 2
4.82439 4
4.82813 8
4.82872 8
4.82884 2
4.83247 4
4.83499 2
4.84118 2
4.84449 4
4.85427 2
4.8545 8
4.85765 28
4.88095 2
4.88221 8
4.8901 6
4.89626 8
4.89865 4
4.90207 4
4.91719 16
4.92785 2
4.93069 2
4.94178 12
4.95026 16
4.9531 4
4.96065 4
4.96211 4
4.97229 8
4.97987 8
4.98591 4
4.98792 4
4.99037 8
4.99668 4
4.99876 12
5.0019 16
5.00341 8
5.0124 4
5.01368 4
5.01584 52
5.01586 8
5.0232 4
5.02769 4
5.03368 4
5.04061 4
5.05001 4
5.05526 4
5.05857 2
5.06675 2
5.0718 148
5.07931 16
5.08038 4
5.0811 8
5.09383 78
5.10548 2
5.11586 8
5.1206 4
5.12462 2
5.12494 4
5.13632 8
5.1423 28
5.14966 2
5.15835 16
5.15998 2
5.16003 4
5.17451 4
5.1885 4
5.19453 4
5.19851 2
5.20047 8
5.20733 8
5.2129 4
5.21441 4
5.22331 4
5.22938 2
5.23237 2
5.24932 12
5.25798 2
5.26384 8
5.26491 8
5.26673 8
5.27135 150
5.27252 1
5.27889 8
5.2827 2
5.30498 4
5.31549 8
5.32729 30
5.33173 8
5.33621 2
5.3376 8
5.34543 1
5.34612 12
5.34703 2
5.36214 2
5.37165 8
5.37831 8
5.38253 74
5.38575 2
5.39369 4
5.40034 12
5.40137 16
5.40456 8
5.407 4
5.41145 2
5.41209 4
5.41579 4
5.41699 4
5.4206 2
5.42151 4
5.42758 4
5.42936 4
5.4407 4
5.44573 2
5.45015 2
5.45029 4
5.45588 4
5.4573 8
5.46481 8
5.47232 16
5.47681 2
5.48194 2
5.48663 2
5.49367 1
5.51685 8
5.51756 8
5.52364 4
5.52786 4
5.54567 16
5.5475 8
5.56716 4
5.57888 4
5.57959 4
5.59744 4
5.59823 2
5.6202 8
5.62778 1
5.63231 4
5.63404 2
5.63482 16
5.63804 4
5.64233 8
5.64617 2
5.64931 4
5.65685 104
5.65756 2
5.67569 8
5.67572 2
5.67687 4
5.67889 8
5.68281 4
5.68533 4
5.68931 2
5.6909 4
5.69954 8
5.70961 4
5.72087 8
5.72572 4
5.72773 8
5.72969 4
5.73418 4
5.73522 2
5.74614 8
5.74705 4
5.7537 4
5.75594 4
5.76903 2
5.76985 8
5.77408 16
5.77839 16
5.78017 8
5.7859 16
5.79189 4
5.795 2
5.79566 4
5.79611 8
5.80295 2
5.80326 8
5.80641 4
5.81234 10
5.81889 4
5.8238 2
5.83058 4
5.83437 24
5.83834 2
5.8386 8
5.84291 4
5.84711 4
5.84782 8
5.85261 2
5.85691 4
5.86472 8
5.86694 2
5.86745 12
5.88948 4
5.89033 4
5.90052 8
5.90501 8
5.91236 16
5.91285 2
5.91453 8
5.92255 4
5.9263 38
5.92945 24
5.94102 4
5.94229 2
5.94516 20
5.94666 2
5.94833 8
5.95216 4
5.9619 4
5.97794 8
5.98642 2
5.99795 8
6.00205 8
6.00596 2
6.01358 4
6.01597 2
6.01926 4
6.01998 4
6.02715 4
6.02957 2
6.03194 4
6.0381 4
6.046 4
6.0484 8
6.06341 8
6.07055 48
6.0737 22
6.08059 12
6.08505 4
6.08764 12
6.09936 4
6.09948 8
6.10967 8
6.11052 8
6.12233 4
6.13255 8
6.14359 14
6.16006 4
6.16563 14
6.16847 2
6.17515 8
6.18424 4
6.18766 2
6.20434 4
6.2072 4
6.2141 16
6.21983 8
6.22161 8
6.22592 12
6.23015 4
6.23276 2
6.23613 8
6.23916 4
6.23939 2
6.24002 2
6.25295 4
6.25386 8
6.25465 8
6.25513 2
6.26172 8
6.26257 4
6.26474 4
6.26516 4
6.27227 4
6.27488 2
6.27913 8
6.28669 8
6.29257 4
6.29288 8
6.3 2
6.30046 4
6.30237 2
6.3091 4
6.31196 4
6.31845 4
6.32364 4
6.32431 4
6.33485 2
6.3383 4
6.34315 124
6.35448 4
6.36518 16
6.36558 12
6.36596 2
6.37148 4
6.378 2
6.39908 12
6.40159 4
6.40416 1
6.42112 8
6.4389 8
6.44966 2
6.4525 2
6.45433 18
6.45606 4
6.46666 4
6.46761 2
6.47172 2
6.47214 16
6.47636 16
6.48315 4
6.49565 2
6.49839 4
6.49962 4
6.50779 4
6.51337 2
6.52066 4
6.54088 8
6.54412 4
6.55563 2
6.55666 2
6.56097 8
6.57064 4
6.58048 8
6.58301 20
6.58387 4
6.58755 2
6.59539 4
6.59694 8
6.60271 8
6.60308 8
6.61747 24
6.62061 4
6.62475 4
6.6298 2
6.63669 8
6.643 8
6.65388 32
6.65561 8
6.66758 4
6.6727 8
6.67271 16
6.67882 4
6.69475 4
6.69831 4
6.7133 4
6.71808 2
6.72723 4
6.72865 108
6.73327 8
6.73429 2
6.73616 8
6.74789 2
6.75068 32
6.75108 1
6.76809 4
6.77301 2
6.78661 1
6.7871 4
6.79276 2
6.8115 4
6.81885 4
6.81968 4
6.82549 4
6.8407 2
6.84632 4
6.8577 8
6.85962 2
6.86537 2
6.86609 8
6.86935 4
6.86976 4
6.87517 4
6.8794 4
6.88384 4
6.88414 2
6.90242 2
6.90617 108
6.92069 8
6.9282 268
6.92871 2
6.94214 8
6.94382 2
6.97313 8
6.98414 4
6.98416 6
6.99103 2
6.99659 4
6.9981 12
7.00297 4
7.00717 4
7.0166 1
7.02013 4
7.03673 4
7.03939 8
7.04541 4
7.04543 8
7.0469 4
7.04974 16
7.05822 8
7.06147 8
7.0686 4
7.06931 8
7.07385 8
7.07776 2
7.07836 2
7.08121 2
7.08621 4
7.08954 4
7.09632 4
7.10192 4
7.10634 1
7.1099 8
7.12958 4
7.13193 4
7.13504 2
7.1358 4
7.13607 8
7.1388 4
7.14235 4
7.15238 4
7.16843 8
7.17187 4
7.17442 12
7.18472 8
7.18804 4
7.18883 4
7.19341 8
7.19765 8
7.2008 20
7.20435 10
7.21951 4
7.22409 2
7.22545 2
7.22661 2
7.2313 4
7.25358 4
7.25624 8
7.26073 4
7.2693 4
7.27049 4
7.27233 8
7.2734 8
7.27395 2
7.27593 4
7.27706 4
7.28599 4
7.28754 4
7.29489 4
7.29772 8
7.30883 8
7.31371 4
7.31975 16
7.32494 4
7.33321 4
7.33476 8
7.34043 4
7.34505 8
7.34862 4
7.3564 4
7.35848 8
7.35899 8
7.36646 6
7.37274 2
7.38427 4
7.38468 2
7.38974 4
7.39046 8
7.39283 2
7.39355 4
7.40172 4
7.40299 8
7.40833 4
7.41494 16
7.42671 8
7.43657 2
7.43698 12
7.44292 8
7.44966 4
7.46495 4
7.47339 2
7.47575 2
7.48013 4
7.48201 4
7.48347 1
7.48493 4
7.48545 16
7.50589 4
7.52242 2
7.53576 4
7.54369 4
7.54718 4
7.54931 2
7.56033 4
7.56174 6
7.56384 4
7.56972 8
7.5718 8
7.57252 2
7.5863 8
7.59344 8
7.59499 4
7.60216 2
7.60845 24
7.6142 2
7.61449 16
7.61875 4
7.62365 2
7.62729 2
7.64089 2
7.64703 2
7.6548 16
7.66214 2
7.66874 8
7.67043 16
7.67684 4
7.68224 4
7.68856 4
7.68927 6
7.69077 8
7.69449 2
7.69711 1
7.70528 2
7.71779 8
7.72502 2
7.72568 16
7.72741 24
7.73056 4
7.73443 4
7.73668 8
7.74127 4
7.74449 8
7.74451 4
7.74771 8
7.75015 4
7.752 4
7.75634 4
7.76234 8
7.7646 4
7.77143 4
7.78585 8
7.79214 8
7.79862 4
7.79942 8
7.80045 20
7.82248 16
7.82446 4
7.8325 2
7.84451 4
7.84684 4
7.8526 2
7.86829 8
7.86998 4
7.87095 8
7.87406 8
7.87846 28
7.88291 2
7.887 8
7.89147 4
7.89188 4
7.90265 2
7.90807 8
7.91411 2
7.91857 4
7.92201 4
7.92913 4
7.92937 4
7.93598 8
7.94167 4
7.94404 8
7.94406 8
7.94555 4
7.95618 20
7.96923 2
7.97797 24
7.98561 4
7.98932 2
8 342
8.00239 2
8.00751 8
8.0093 4
8.02203 48
8.02887 4
8.04407 2
8.04554 2
8.04847 8
8.05525 4
8.05594 8
8.06274 4
8.06452 12
8.07836 2
8.08655 4
8.08967 8
8.10271 4
8.10853 4
8.11118 8
8.12899 8
8.1411 4
8.15549 4
8.1675 2
8.17107 4
8.17108 8
8.17752 16
8.17933 8
8.19204 16
8.19362 2
8.19567 4
8.19955 24
8.20097 4
8.20709 4
8.22389 8
8.23346 4
8.2354 4
8.24621 4
8.25599 2
8.26742 8
8.26944 8
8.2711 2
8.27259 4
8.27432 16
8.2887 16
8.29084 4
8.29269 4
8.29986 4
8.3039 4
8.31073 20
8.31286 4
8.31473 2
8.32513 8
8.32957 2
8.3452 12
8.35756 4
8.36205 4
8.37224 2
8.38125 4
8.38408 8
8.38551 8
8.39155 4
8.39397 1
8.40053 8
8.4137 4
8.4236 2
8.42373 8
8.43227 8
8.43826 2
8.43967 4
8.44722 2
8.45607 4
8.45899 4
8.46233 2
8.46847 2
8.47388 4
8.47448 8
8.48207 2
8.48235 4
8.4936 4
8.49516 1
8.4984 4
8.5072 2
8.5106 2
8.51455 16
8.5186 4
8.5188 8
8.52661 2
8.54205 2
8.55138 2
8.56302 32
8.56375 4
8.57618 2
8.58506 36
8.5915 4
8.59167 4
8.60389 4
8.61625 4
8.61802 2
8.62775 8
8.63354 4
8.63642 8
8.64101 8
8.64152 8
8.6436 4
8.64907 8
8.65495 8
8.65593 8
8.65671 4
8.65789 2
8.65957 4
8.66935 8
8.67434 8
8.67698 4
8.67843 4
8.68025 16
8.68629 4
8.69642 2
8.69806 16
8.70228 28
8.7066 8
8.71411 8
8.71427 8
8.71729 4
8.71851 2
8.72758 4
8.7307 4
8.73146 4
8.7378 4
8.75878 2
8.77602 4
8.79565 30
8.7992 20
8.80041 4
8.80258 2
8.81076 2
8.81496 4
8.82872 18
8.8305 2
8.83247 8
8.83793 4
8.84057 8
8.84273 4
8.85133 4
8.8545 16
8.85666 2
8.85765 16
8.8612 4
8.8901 8
8.89865 4
8.89981 2
8.90207 4
8.92224 6
8.92615 4
8.93922 8
8.94009 8
8.94178 12
8.95026 16
8.95217 4
8.9531 4
8.95434 4
8.95457 8
8.97058 4
8.97229 8
8.97752 2
8.97987 4
8.98415 4
8.98676 8
8.98792 12
8.99668 8
8.99703 4
8.99876 28
9.0019 16
9.00341 4
9.01534 8
9.01584 38
9.01586 4
9.01797 2
9.0232 8
9.02757 2
9.03787 8
9.03872 4
9.04789 4
9.05526 4
9.05684 4
9.0718 72
9.0773 2
9.09103 4
9.09383 42
9.10335 4
9.11586 2
9.12712 2
9.13024 4
9.13632 8
9.1423 8
9.15101 2
9.15835 4
9.16526 2
9.17451 4
9.17566 1
9.18206 8
9.18384 2
9.19905 8
9.20733 8
9.2129 4
9.21441 8
9.24932 12
9.25124 4
9.26384 8
9.26673 8
9.26866 2
9.27135 108
9.27175 4
9.28339 4
9.29338 8
9.30498 8
9.31549 8
9.31627 4
9.3166 2
9.32729 16
9.33621 4
9.33634 2
9.33753 4
9.34612 12
9.34932 4
9.36147 2
9.3671 4
9.38253 48
9.38426 4
9.39632 2
9.39966 2
9.40034 28
9.40456 20
9.40565 1
9.41209 4
9.41245 2
9.41396 2
9.43946 4
9.45551 2
9.45588 4
9.4573 4
9.47232 16
9.47934 4
9.48663 2
9.49436 4
9.49885 4
9.51186 4
9.51685 4
9.51756 8
9.52409 2
9.52635 4
9.52887 4
9.53092 4
9.54567 18
9.54677 4
9.54833 4
9.54881 2
9.56404 4
9.56489 4
9.56716 4
9.57457 8
9.57888 8
9.58208 8
9.59841 4
9.60092 8
9.61709 2
9.61947 16
9.62405 2
9.63231 8
9.63482 16
9.64233 8
9.64668 4
9.65685 168
9.66298 4
9.66436 16
9.6766 2
9.67687 8
9.6909 4
9.70961 4
9.7153 4
9.72087 8
9.72572 4
9.72773 4
9.74009 2
9.7537 4
9.75594 4
9.76538 4
9.76985 4
9.77408 4
9.78017 8
9.7859 16
9.78736 4
9.79429 4
9.795 4
9.79796 8
9.80476 4
9.81234 4
9.83437 74
9.85422 2
9.8562 4
9.85641 32
9.86745 12
9.86933 2
9.87252 1
9.88948 8
9.90052 8
9.90216 2
9.90806 1
9.91236 12
9.92255 4
9.9263 22
9.92945 16
9.94531 2
9.9516 8
9.9619 2
9.96439 4
9.96719 8
9.97433 4
9.98453 2
9.98642 12
9.99711 2
10.0021 8
10.0053 4
10.0136 2
10.0193 12
10.025 2
10.0271 8
10.0317 2
10.0362 4
10.0381 6
10.046 8
10.0484 8
10.0541 4
10.0569 4
10.0706 24
10.0737 6
10.0806 24
10.0876 12
10.1094 2
10.1097 4
10.1216 4
10.1223 8
10.129 8
10.1314 2
10.1326 12
10.138 1
10.1436 2
10.1496 2
10.1578 2
10.1581 4
10.1821 4
10.1832 4
10.1844 4
10.1965 2
10.2005 4
10.2016 2
10.2027 2
10.2043 4
10.2216 16
10.2259 16
10.2392 4
10.248 4
10.253 4
10.2539 8
10.2548 4
10.2614 4
10.2626 4
10.2726 8
10.275 4
10.2826 4
10.2846 16
10.2856 4
10.2867 8
10.2872 8
10.2904 4
10.2984 8
10.2997 4
10.3005 8
10.3017 4
10.3187 4
10.3243 8
10.3266 4
10.3383 4
10.3431 4
10.3431 64
10.3455 2
10.3545 8
10.3603 2
10.3652 16
10.366 2
10.3711 4
10.3744 4
10.3819 2
10.3844 4
10.3984 8
10.3991 4
10.4136 8
10.4497 4
10.4525 8
10.4543 8
10.4632 2
10.4719 2
10.4721 12
10.4742 2
10.4764 4
10.485 1
10.498 4
10.5 4
10.5111 2
10.5145 4
10.5146 4
10.5216 8
10.5298 4
10.5427 8
10.5441 4
10.5471 2
10.5675 4
10.5706 4
10.583 52
10.5839 8
10.5868 8
10.5899 4
10.5969 16
10.5986 16
10.6071 8
10.6175 14
10.634 2
10.6367 4
10.646 4
10.6474 12
10.6539 32
10.6546 1
10.6556 12
10.6727 10
10.6905 4
10.7098 4
10.7181 4
10.7203 8
10.7219 4
10.7236 2
10.7287 46
10.7362 8
10.7437 4
10.7507 12
10.755 2
10.7623 2
10.7651 2
10.7829 8
10.7846 8
10.7871 4
10.7932 8
10.8115 4
10.8186 1
10.8197 4
10.8201 2
10.8247 4
10.8314 4
10.8463 8
10.8465 2
10.8514 2
10.8549 4
10.8623 12
10.8706 4
10.8794 4
10.9062 78
10.9207 16
10.9282 248
10.9421 8
10.9502 16
10.9793 4
10.9842 4
11.0022 2
11.003 8
11.0039 2
11.0072 4
11.0179 4
11.0367 4
11.0426 2
11.0454 8
11.0454 8
11.0508 2
11.0545 2
11.0582 12
11.0679 4
11.0684 2
11.0693 2
11.0784 4
11.0803 4
11.107 2
11.1075 4
11.1096 2
11.1099 2
11.1127 4
11.1202 8
11.1362 2
11.1388 8
11.1521 4
11.1655 1
11.1684 8
11.1719 8
11.1744 8
11.1976 8
11.1979 4
11.1998 2
11.2008 4
11.2025 8
11.2044 4
11.206 4
11.2078 8
11.2101 4
11.2134 2
11.2169 8
11.2195 8
11.2209 2
11.2426 4
11.2533 8
11.2551 2
11.2705 4
11.2734 4
11.2771 8
11.2828 8
11.2949 8
11.2977 4
11.3137 28
11.3198 4
11.3249 4
11.3332 4
11.3419 4
11.3523 2
11.3564 4
11.359 8
11.3665 4
11.3727 4
11.3777 8
11.3846 4
11.391 8
11.3928 2
11.3955 1
11.3986 2
11.4149 4
11.425 4
11.4267 8
11.4428 8
11.4548 4
11.4684 2
11.4699 2
11.4757 4
11.4801 8
11.4912 8
11.5133 8
11.5151 4
11.5243 16
11.5387 4
11.5435 2
11.5444 4
11.5493 2
11.5574 4
11.5617 8
11.5687 2
11.5692 8
11.5697 8
11.5718 8
11.5757 2
11.5832 4
11.5863 4
11.5934 8
11.5975 4
11.6035 2
11.6085 28
11.6096 4
11.6145 14
11.6166 1
11.6188 4
11.6263 4
11.6305 8
11.6548 12
11.6595 4
11.6649 2
11.6687 4
11.6692 4
11.6704 8
11.6728 2
11.6768 8
11.6822 4
11.6864 2
11.7018 4
11.704 4
11.7257 16
11.7274 48
11.7306 8
11.7313 2
11.7344 4
11.7349 4
11.7367 8
11.7395 2
11.7432 2
11.7445 8
11.7477 8
11.7565 2
11.7607 8
11.7665 4
11.7715 4
11.7921 8
11.7986 8
11.8004 2
11.8183 2
11.8323 4
11.8454 8
11.8504 4
11.864 4
11.87 4
11.8785 8
11.8889 4
11.8903 4
11.892 2
11.9107 8
11.9186 8
11.922 8
11.9249 4
11.927 8
11.9301 8
11.9417 8
11.944 16
11.9456 8
11.9514 8
11.9613 2
11.963 4
11.978 14
11.9835 2
12 162
12.0197 2
12.022 36
12.0348 4
12.0349 2
12.0389 2
12.0485 8
12.0601 4
12.0627 4
12.0645 16
12.0705 16
12.1021 2
12.1027 4
12.1094 2
12.129 16
12.1411 8
12.1426 8
12.1525 2
12.1711 8
12.1775 16
12.192 16
12.1957 4
12.197 2
12.1996 26
12.201 8
12.2022 2
12.2114 4
12.2125 4
12.2275 4
12.2332 4
12.2335 8
12.238 4
12.2399 8
12.2422 4
12.2437 4
12.2555 8
12.2644 2
12.2674 8
12.272 2
12.2743 16
12.2887 16
12.2895 4
12.2971 1
12.2999 8
12.3107 104
12.3251 8
12.3285 4
12.3296 8
12.3397 2
12.3812 4
12.3828 4
12.3841 8
12.3855 12
12.393 8
12.4005 18
12.4193 2
12.4371 4
12.444 2
12.4496 2
12.4529 4
12.4578 2
12.459 8
12.4739 4
12.4745 4
12.4892 2
12.4928 2
12.4984 8
12.5009 2
12.5071 4
12.5093 8
12.5106 4
12.5256 4
12.5266 4
12.5271 1
12.5407 2
12.5605 4
12.563 32
12.5637 4
12.5762 2
12.5802 4
12.5851 88
12.5856 2
12.6051 4
12.611 4
12.6162 4
12.6204 2
12.6335 2
12.641 8
12.6491 8
12.6567 4
12.6585 4
12.6802 4
12.6863 2
12.6981 4
12.6981 4
12.7023 8
12.7183 4
12.7232 2
12.7378 4
12.7405 8
12.7525 4
12.7588 4
12.7851 4
12.7956 16
12.798 2
12.7992 4
12.8004 4
12.8177 4
12.8224 2
12.8287 4
12.8325 4
12.8379 8
12.8406 8
12.8412 2
12.847 2
12.8545 16
12.8577 20
12.8612 8
12.8734 8
12.874 1
12.8901 2
12.8943 4
12.9095 1
12.9222 8
12.9262 8
12.9401 8
12.9418 4
12.9443 16
12.9461 4
12.9522 4
12.9543 4
12.9546 8
12.9553 4
12.96 2
12.9621 4
12.9742 8
12.9879 8
12.9901 4
12.997 8
12.9988 16
13.0019 12
13.0058 4
13.0062 2
13.0088 12
13.0133 4
13.0158 22
13.0232 8
13.0505 4
13.0586 2
13.0608 4
13.0668 2
13.0718 18
13.0934 2
13.0938 8
13.1124 4
13.1363 4
13.1423 8
13.1498 8
13.1541 4
13.1653 4
13.1812 8
13.1821 8
13.1908 2
13.2128 8
13.2129 2
13.2144 4
13.2211 8
13.2287 4
13.2294 2
13.2306 2
13.2467 4
13.2493 12
13.2503 8
13.2512 4
13.2525 4
13.2557 4
13.258 2
13.2618 4
13.2665 2
13.2711 2
13.2713 46
13.2773 4
13.2827 4
13.2834 8
13.2938 4
13.3117 8
13.3163 8
13.3192 4
13.3273 10
13.347 2
13.3779 2
13.3819 2
13.3825 36
13.3843 4
13.3997 2
13.4003 20
13.4046 8
13.407 4
13.4206 2
13.436 4
13.4471 8
13.449 8
13.4555 2
13.4559 4
13.4723 16
13.4852 2
13.4892 4
13.4944 4
13.4988 4
13.5031 8
13.5112 8
13.5121 4
13.5251 20
13.5289 8
13.5309 8
13.5388 8
13.5457 8
13.5536 4
13.5595 2
13.5601 8
13.5746 8
13.5796 8
13.5982 2
13.6009 12
13.6064 1
13.6241 4
13.6348 16
13.6463 2
13.6569 180
13.663 4
13.6644 16
13.6789 16
13.6955 2
13.7666 4
13.8034 4
13.8115 4
13.8123 8
13.82 1
13.8344 48
13.8446 2
13.8489 8
13.8562 8
13.8564 104
13.8674 4
13.9013 8
13.9124 12
13.9263 6
13.9294 4
13.9312 4
13.9394 2
13.9477 2
13.9516 8
13.9676 8
13.9736 4
13.974 4
13.9743 8
13.982 8
13.9864 30
14.0066 4
14.0193 8
14.0316 4
14.0317 2
14.0381 4
14.0424 2
14.046 8
14.0541 4
14.064 4
14.067 8
14.0706 16
14.0718 4
14.0737 4
14.0806 8
14.1001 8
14.1026 12
14.1162 4
14.1229 4
14.1253 2
14.1271 2
14.1326 12
14.1389 2
14.1433 2
14.1477 4
14.1537 2
14.1641 2
14.1685 2
14.1687 2
14.1782 4
14.1936 4
14.2053 8
14.2114 4
14.2231 8
14.2259 4
14.237 4
14.2419 12
14.2491 4
14.2614 4
14.2731 4
14.2749 2
14.2826 4
14.2846 16
14.2869 1
14.2872 8
14.2904 4
14.2947 6
14.2979 4
14.3009 2
14.3017 8
14.3066 4
14.3166 2
14.3218 4
14.3268 2
14.3349 2
14.3431 12
14.3667 2
14.3711 8
14.3744 4
14.3844 8
14.404 4
14.4083 4
14.4155 4
14.4503 4
14.4525 2
14.4561 4
14.4721 4
14.4874 2
14.4893 4
14.4899 2
14.5146 8
14.5169 1
14.5216 8
14.5367 8
14.5427 4
14.5471 4
14.5646 4
14.5675 4
14.5816 4
14.583 38
14.5969 16
14.605 8
14.619 4
14.6539 12
14.6556 28
14.6588 8
14.6626 2
14.665 2
14.6727 4
14.6727 4
14.6788 8
14.68 8
14.6996 4
14.7203 8
14.7268 4
14.7287 20
14.7362 8
14.7437 8
14.7479 2
14.7501 2
14.7507 12
14.7829 8
14.7846 8
14.7871 4
14.789 4
14.7928 2
14.7932 8
14.7965 2
14.7992 8
14.8067 16
14.8079 2
14.8276 2
14.8463 4
14.8468 8
14.8502 8
14.8549 4
14.8698 4
14.8699 4
14.8706 8
14.8713 4
14.8814 2
14.8844 4
14.8896 2
14.8974 2
14.9062 42
14.9255 2
14.9282 242
14.9502 16
14.9793 4
14.9834 4
14.9841 4
14.9927 4
15.0227 2
15.0394 16
15.0469 8
15.0582 12
15.0684 4
15.0693 4
15.0775 4
15.0784 4
15.0803 8
15.0935 4
15.0963 4
15.0993 4
15.1057 8
15.1096 2
15.1127 8
15.1292 8
15.1388 4
15.1412 2
15.1442 4
15.1499 4
15.1617 4
15.1744 8
15.1956 4
15.1979 8
15.2044 2
15.2078 8
15.2169 20
15.2209 4
15.2281 8
15.2389 24
15.2426 12
15.2533 8
15.2739 2
15.2771 8
15.2865 2
15.2917 4
15.2949 4
15.2986 1
15.3067 4
15.3123 4
15.3137 36
15.3497 4
15.3564 4
15.3665 4
15.3934 2
15.4048 2
15.4218 4
15.4266 4
15.4366 2
15.4388 2
15.4548 16
15.4692 4
15.4757 4
15.5059 4
15.5099 2
15.5133 16
15.5151 8
15.5361 4
15.5444 4
15.556 4
15.5617 2
15.5646 12
15.5692 8
15.5832 8
15.5863 4
15.5988 8
15.6066 4
15.6085 8
15.6142 2
15.6145 4
15.6305 12
15.6373 2
15.6433 4
15.6439 2
15.647 2
15.6548 12
15.6595 8
15.6621 2
15.6671 4
15.6697 4
15.6757 1
15.6768 4
15.6819 2
15.687 4
15.7018 8
15.7029 8
15.704 8
15.7239 8
15.7253 4
15.7274 24
15.7286 2
15.7306 8
15.7349 4
15.7374 8
15.7569 16
15.7661 4
15.7688 2
15.7715 4
15.7827 8
15.7859 8
15.7894 8
15.8504 6
15.8534 2
15.8544 8
15.8683 4
15.8785 8
15.8889 8
15.9042 4
15.9103 4
15.9124 4
15.9127 4
15.9186 8
15.922 4
15.9252 4
15.9301 8
15.9424 4
15.944 16
15.9456 4
15.9462 2
15.9514 8
15.9655 8
15.9835 4
15.9951 4
15.9955 1
16 76
16.022 24
16.031 1
16.0348 4
16.0495 2
16.0645 4
16.0693 2
16.0705 16
16.0873 4
16.0935 2
16.1029 4
16.1094 12
16.12 2
16.1273 8
16.129 8
16.1549 2
16.1727 2
16.1775 16
16.1996 24
16.2116 4
16.2422 4
16.2437 8
16.2555 12
16.2584 4
16.2642 2
16.2739 4
16.2887 4
16.2908 4
16.2999 8
16.3107 108
16.3285 4
16.3296 16
16.3328 16
16.3397 4
16.3418 2
16.3841 8
16.3847 4
16.3855 16
16.393 16
16.4005 4
16.4075 4
16.4401 4
16.4571 4
16.459 4
16.4591 8
16.4685 2
16.4821 2
16.4892 2
16.5033 2
16.5093 8
16.5266 4
16.5291 4
16.542 2
16.5477 8
16.5523 2
16.563 12
16.5851 150
16.5862 1
16.5926 8
16.5926 4
16.611 8
16.6359 4
16.6591 2
16.6981 4
16.7023 8
16.7151 8
16.7295 4
16.7352 4
16.7405 8
16.7525 4
16.7588 4
16.7626 16
16.7639 2
16.7844 4
16.7846 8
16.7851 8
16.7873 4
16.7956 10
16.8075 4
16.8222 4
16.8287 4
16.8313 8
16.8406 4
16.8545 12
16.8577 4
16.8612 4
16.8926 4
16.9025 4
16.9222 2
16.9262 8
16.927 2
16.9339 8
16.9415 1
16.9517 4
16.96 2
16.9644 4
16.9663 6
16.9706 4
16.9742 8
16.9988 20
17.0019 12
17.0088 16
17.013 4
17.0133 8
17.0158 6
17.0233 4
17.0479 4
17.0596 2
17.0608 4
17.0718 8
17.0827 2
17.0938 6
17.1124 8
17.1326 4
17.1423 8
17.1552 4
17.1812 12
17.2032 4
17.2128 18
17.2279 4
17.2299 4
17.2306 4
17.2467 8
17.2604 2
17.2618 4
17.2665 4
17.2713 20
17.2884 1
17.2993 8
17.3117 8
17.3126 8
17.3163 4
17.3266 4
17.3273 4
17.3337 4
17.3339 4
17.3363 2
17.3825 24
17.3843 8
17.3874 4
17.3963 2
17.4003 4
17.4046 16
17.4125 2
17.4164 2
17.453 8
17.4624 4
17.4753 2
17.4892 8
17.5112 16
17.5135 4
17.5251 52
17.5309 8
17.5353 8
17.5601 8
17.5688 2
17.5754 8
17.5756 8
17.5789 4
17.5796 8
17.5821 16
17.5838 8
17.5913 1
17.6009 12
17.638 4
17.6569 124
17.6644 16
17.6693 2
17.6719 4
17.6766 2
17.6789 16
17.6917 2
17.6933 8
17.7153 4
17.7666 4
17.7905 4
17.7988 4
17.8034 8
17.8094 2
17.8123 2
17.8344 36
17.8542 2
17.8564 96
17.8693 2
17.8784 4
17.8891 2
17.9214 4
17.9234 4
17.9263 4
17.9567 8
17.9676 32
17.9758 4
17.9827 2
17.9864 16
17.9966 2
17.9975 4
18.0066 4
18.0085 4
18.0381 4
18.0409 4
18.064 8
18.0648 1
18.0706 4
18.0806 4
18.1018 4
18.1026 16
18.1231 4
18.1261 4
18.1326 4
18.1383 4
18.1433 2
18.1491 4
18.1537 4
18.1578 2
18.1831 4
18.1835 2
18.1936 4
18.2053 8
18.237 8
18.2419 22
18.2424 2
18.2559 4
18.2846 16
18.2947 8
18.3066 4
18.3268 6
18.3431 4
18.3567 4
18.3591 8
18.3711 8
18.383 8
18.3844 4
18.3913 8
18.3949 2
18.404 4
18.4155 4
18.4156 4
18.42 1
18.4433 4
18.4503 4
18.4525 8
18.4615 4
18.4708 4
18.4856 4
18.498 4
18.504 2
18.5114 8
18.5145 4
18.5181 2
18.5367 12
18.5792 2
18.583 22
18.5877 4
18.5969 12
18.6036 4
18.619 8
18.63 4
18.6322 4
18.6348 2
18.6539 12
18.6556 16
18.6588 8
18.6626 4
18.6727 8
18.6727 2
18.6788 8
18.6851 8
18.6996 8
18.7136 4
18.7287 16
18.7433 2
18.7507 12
18.7566 4
18.7745 4
18.7871 2
18.7972 1
18.7992 16
18.8067 16
18.8171 4
18.8185 4
18.8468 8
18.8583 2
18.8722 8
18.8862 2
18.8974 4
18.9062 8
18.9117 4
18.9282 148
18.9502 18
18.981 2
18.9834 8
18.9841 8
18.9987 8
19.0023 4
19.0072 4
19.0227 2
19.0387 2
19.0394 16
19.0469 8
19.0582 4
19.0614 8
19.0639 4
19.0693 4
19.1278 8
19.1391 2
19.1396 4
19.1704 2
19.1719 8
19.1744 4
19.182 8
19.1837 4
19.1878 8
19.1956 8
19.2164 2
19.2169 8
19.2209 4
19.2281 8
19.2389 74
19.2426 8
19.2578 16
19.2679 2
19.3067 4
19.3137 54
19.3212 8
19.3287 8
19.3523 2
19.3665 2
19.369 4
19.3787 4
19.3891 2
19.4117 2
19.4218 8
19.4313 2
19.4514 4
19.4538 4
19.4548 4
19.4692 4
19.4852 8
19.4912 16
19.5059 4
19.5133 24
19.514 2
19.5361 4
19.5392 4
19.5435 2
19.556 8
19.5832 8
19.5878 4
19.5988 8
19.6035 2
19.6066 8
19.6085 8
19.6305 16
19.6594 2
19.6671 4
19.6687 2
19.6772 4
19.687 4
19.695 4
19.7077 1
19.7133 4
19.7239 12
19.7274 16
19.7286 4
19.7374 8
19.7569 16
19.7752 2
19.779 4
19.7827 8
19.7865 2
19.8342 4
19.8465 4
19.8504 4
19.8544 8
19.8683 8
19.8785 8
19.9021 2
19.9192 4
19.927 8
19.9301 4
19.9317 2
19.937 4
19.9415 8
19.944 12
19.9462 4
19.9835 4
19.9951 4
20 42
20.022 14
20.028 8
20.0406 4
20.0413 4
20.0495 2
20.0546 1
20.0705 16
20.1094 30
20.119 4
20.1442 2
20.1588 2
20.1749 4
20.1892 8
20.1947 4
20.1979 4
20.1996 20
20.2293 4
20.2322 2
20.2399 4
20.2437 8
20.2538 8
20.2555 12
20.2584 8
20.2613 4
20.2669 4
20.2739 4
20.3107 78
20.3125 4
20.3296 8
20.3328 16
20.3418 2
20.3847 4
20.3855 14
20.4005 4
20.4067 2
20.4075 8
20.4098 1
20.4174 8
20.4313 4
20.4401 8
20.444 2
20.4533 8
20.4578 2
20.4591 8
20.5266 4
20.5291 4
20.563 12
20.5851 108
20.6071 8
20.6106 4
20.6204 2
20.6215 4
20.7023 4
20.7262 4
20.7316 4
20.7405 2
20.7532 4
20.7588 2
20.7626 16
20.7846 26
20.7873 4
20.7956 4
20.798 2
20.8222 4
20.8287 4
20.8295 8
20.8313 8
20.8545 12
20.8745 2
20.8778 4
20.8815 2
20.8924 4
20.8926 8
20.8958 8
20.9146 8
20.9308 2
20.9505 2
20.9644 8
20.9663 8
20.9706 4
20.9922 4
20.9988 4
21.0088 4
21.013 8
21.0158 4
21.0233 4
21.0283 4
21.0308 4
21.0596 4
21.0695 2
21.0718 2
21.0819 2
21.0855 2
21.1064 4
21.1117 4
21.1395 4
21.1652 8
21.166 2
21.1812 12
21.1862 1
21.2032 8
21.2128 4
21.2229 2
21.2369 4
21.24 4
21.25 4
21.255 4
21.2653 8
21.2665 4
21.2713 16
21.2993 8
21.3266 8
21.3273 2
21.3387 2
21.3819 2
21.3825 14
21.3843 4
21.4046 4
21.453 8
21.4624 4
21.4892 4
21.5112 16
21.5164 2
21.5251 38
21.5353 16
21.5472 8
21.5595 2
21.5821 16
21.5908 4
21.6009 8
21.6009 4
21.6278 4
21.638 8
21.6403 4
21.656 4
21.6569 64
21.6783 2
21.6789 16
21.6933 8
21.7153 4
21.7274 8
21.7349 8
21.7662 4
21.7987 1
21.8256 2
21.8344 24
21.8417 4
21.8564 86
21.8575 4
21.8784 4
21.9006 8
21.9117 4
21.9123 8
21.9214 4
21.9477 2
21.9648 2
21.9676 32
21.9758 4
21.9827 4
21.9864 10
22.0057 4
22.0357 4
22.0381 2
22.0424 6
22.0574 4
22.0765 2
22.1026 4
22.1238 8
22.1451 16
22.1491 4
22.1602 2
22.1857 2
22.2199 4
22.2286 2
22.237 4
22.2419 8
22.2947 2
22.3268 8
22.333 2
22.3431 2
22.3488 8
22.35 4
22.3591 8
22.383 2
22.4525 16
22.4782 4
22.4792 1
22.4842 4
22.4856 8
22.4874 2
22.4928 4
22.504 4
22.5114 8
22.5348 4
22.5367 16
22.541 4
22.5587 4
22.583 6
22.5969 12
22.619 4
22.6521 4
22.6539 12
22.6556 20
22.6568 4
22.6626 4
22.665 2
22.6674 4
22.6727 8
22.6819 4
22.6851 18
22.7092 1
22.7109 2
22.7136 4
22.7287 4
22.7786 6
22.7821 4
22.7965 8
22.8067 16
22.8276 2
22.838 8
22.8406 4
22.8524 4
22.8722 8
22.8744 2
22.8937 4
22.9062 6
22.9077 8
22.9117 4
22.9234 4
22.9282 72
22.9502 8
22.9646 4
22.9835 2
22.9841 4
22.9917 2
23.0072 4
23.0155 4
23.0394 16
23.0532 2
23.0614 8
23.0693 4
23.1278 8
23.1396 8
23.146 4
23.1704 4
23.1719 8
23.1731 4
23.176 1
23.1837 4
23.1956 8
23.2057 2
23.2169 16
23.2389 48
23.261 4
23.3129 2
23.3137 20
23.3287 8
23.3335 2
23.3357 4
23.3683 4
23.4313 2
23.4514 4
23.4548 8
23.4912 16
23.5133 26
23.5208 4
23.5316 2
23.5982 4
23.6085 4
23.6305 4
23.6433 4
23.6819 2
23.6908 4
23.695 4
23.7239 12
23.7274 4
23.7286 4
23.7569 16
23.7752 4
23.779 4
23.7827 4
23.8146 2
23.8208 4
23.8342 4
23.8504 4
23.8683 8
23.8926 4
23.8939 4
23.8945 2
23.9021 2
23.9192 8
23.944 12
23.9878 2
24 10
24.1094 16
24.119 4
24.1314 4
24.141 8
24.1549 2
24.1877 1
24.1892 8
24.1947 4
24.1996 20
24.2011 2
24.2399 8
24.2538 8
24.2548 8
24.2555 4
24.2584 4
24.2758 4
24.2942 2
24.3107 42
24.3195 4
24.3295 4
24.3328 4
24.3855 4
24.4005 4
24.4313 8
24.4394 8
24.4533 16
24.4635 8
24.5033 2
24.5103 8
24.5266 2
24.5544 4
24.563 12
24.5662 4
24.5694 4
24.5851 46
24.6114 2
24.6215 10
24.641 2
24.6962 4
24.7113 4
24.7626 18
24.7846 12
24.7956 2
24.8525 8
24.8738 8
24.8924 4
24.9109 2
24.9144 2
24.9146 12
24.9201 1
24.9663 2
24.9985 2
25.0092 2
25.0283 8
25.0855 2
25.1064 8
25.1252 4
25.1395 4
25.166 2
25.1701 4
25.1812 4
25.2128 4
25.255 6
25.2618 4
25.2653 8
25.2713 4
25.3263 2
25.3266 4
25.3807 16
25.3843 4
25.3855 4
25.4036 4
25.4138 8
25.4322 2
25.4366 2
25.4649 4
25.4919 4
25.5073 4
25.5074 2
25.5112 12
25.5251 22
25.5772 2
25.5821 16
25.5838 8
25.5908 4
25.5913 4
25.6006 1
25.6009 8
25.6569 12
25.6783 4
25.6933 2
25.7467 4
25.8005 2
25.8306 1
25.8344 14
25.8564 36
25.8891 2
25.9648 2
25.9676 12
25.9864 4
25.9975 4
26.0057 8
26.0148 2
26.056 2
26.0574 8
26.0678 4
26.0986 4
26.1238 8
26.1451 16
26.1638 4
26.1671 16
26.1775 1
26.1835 2
26.2191 2
26.2199 8
26.2419 12
26.2569 4
26.2972 4
26.3208 4
26.3268 2
26.333 4
26.3539 2
26.383 4
26.4194 8
26.4525 8
26.4549 2
26.4782 4
26.5367 4
26.541 4
26.583 4
26.6521 4
26.6556 4
26.6568 4
26.6851 4
26.7034 2
26.7433 2
26.7786 8
26.7965 8
26.8697 4
26.8722 4
26.8937 8
26.9282 18
26.9646 4
26.9734 2
26.9834 4
26.9917 2
27.0155 8
27.0376 8
27.0693 2
27.1278 4
27.1681 8
27.1704 4
27.182 4
27.2169 4
27.2389 36
27.3092 1
27.3129 4
27.3137 6
27.3287 8
27.3595 8
27.4912 16
27.5064 4
27.5133 24
27.5276 4
27.5982 4
27.6433 8
27.6908 4
27.701 2
27.7128 6
27.7239 4
27.7958 2
27.8206 2
27.8428 4
27.8504 2
27.8988 2
27.9565 4
27.9728 1
28 2
28.0346 4
28.0394 2
28.1082 4
28.1094 10
28.141 8
28.1612 8
28.179 4
28.1996 2
28.2231 2
28.2399 8
28.3107 8
28.3125 4
28.4313 4
28.438 4
28.4394 8
28.4533 16
28.5588 2
28.5851 20
28.6021 1
28.6065 2
28.6215 4
28.6529 2
28.7113 4
28.7262 4
28.7626 8
28.7846 20
28.8272 4
28.8738 8
28.8958 16
28.905 2
28.9146 12
28.9339 4
28.9505 2
28.9706 2
28.9856 4
28.9985 2
29.0733 4
29.1139 2
29.1481 4
29.2128 4
29.255 4
29.2612 2
29.2618 4
29.299 1
29.3112 4
29.5073 4
29.5074 4
29.5112 12
29.5235 4
29.5251 6
29.5913 4
29.6133 8
29.6569 4
29.7068 2
29.7662 4
29.8219 8
29.8359 4
29.8564 18
29.8967 4
29.9257 2
29.9437 4
29.9676 12
29.9864 2
30.0882 4
30.0986 4
30.1451 4
30.1671 16
30.2411 4
30.2419 16
30.2972 8
30.383 4
30.4415 8
30.5715 8
30.6851 4
30.6924 4
30.7268 2
30.7786 2
30.8697 8
30.8937 4
30.9282 8
31.0376 12
31.0692 4
31.1681 8
31.182 8
31.2389 24
31.3129 4
31.3137 4
31.3676 2
31.3683 1
31.3816 8
31.4811 2
31.5116 4
31.5133 20
31.5459 2
31.5497 8
31.6244 4
31.6433 4
31.7128 4
31.7236 1
31.8206 4
31.8428 4
31.9406 2
32 1
32.0399 2
32.1082 4
32.1094 4
32.141 8
32.1832 6
32.3107 6
32.342 4
32.4201 4
32.4356 2
32.4394 4
32.4533 12
32.5506 4
32.5588 2
32.5851 16
32.6215 8
32.7846 12
32.8958 16
32.9146 4
32.943 2
32.9697 4
32.9706 4
33.0953 4
33.1139 4
33.1701 8
33.2254 4
33.255 4
33.2681 2
33.3001 2
33.5235 4
33.5251 4
33.6133 8
33.6569 2
33.7662 8
33.7979 4
33.8359 8
33.8564 14
33.9658 4
33.9676 12
34.0958 2
34.1102 8
34.1671 18
34.2411 4
34.2419 14
34.2783 4
34.383 4
34.4415 8
34.4897 1
34.641 2
34.6851 4
34.7309 2
34.738 2
34.7488 4
34.9119 4
34.9282 2
34.9959 4
35.0376 12
35.0503 2
35.182 8
35.2389 14
35.3137 2
35.3816 8
35.501 2
35.5133 20
35.5497 8
35.6236 2
35.6244 8
35.7128 6
35.8206 4
35.824 8
35.8988 6
35.9406 2
36.0421 2
36.1094 2
36.1832 8
36.342 8
36.4201 8
36.4533 12
36.5415 4
36.5851 4
36.6215 2
36.6944 8
36.7641 8
36.7846 8
36.8389 4
36.8958 16
36.9322 2
36.943 4
36.9706 2
37.0953 4
37.1701 4
37.255 2
37.3112 4
37.3697 2
37.4775 4
37.4912 1
37.5657 4
37.6133 8
37.6345 4
37.7662 4
37.8359 4
37.8564 2
37.9658 4
38.0575 2
38.1102 8
38.1671 8
38.2419 4
38.2783 4
38.3098 2
38.383 2
38.4415 4
38.4779 2
38.5526 4
38.6274 1
38.7488 4
38.9119 4
38.9959 4
39.0376 4
39.0503 2
39.1114 2
39.2702 4
39.3483 4
39.3816 4
39.4231 2
39.4927 4
39.501 2
39.5133 2
39.5497 2
39.8712 2
40.0399 2
40.1313 2
40.1832 2
40.2103 2
40.2187 1
40.6127 1
