-81.1442 2
-80.9819 0
-80.8196 0
-80.6574 0
-80.4951 12
-80.3328 16
-80.1705 0
-80.0082 8
-79.8459 0
-79.6836 8
-79.5213 0
-79.359 0
-79.1968 0
-79.0345 72
-78.8722 16
-78.7099 64
-78.5476 32
-78.3853 0
-78.223 16
-78.0607 88
-77.8985 32
-77.7362 0
-77.5739 32
-77.4116 0
-77.2493 8
-77.087 64
-76.9247 96
-76.7624 16
-76.6001 88
-76.4379 64
-76.2756 256
-76.1133 8
-75.951 128
-75.7887 64
-75.6264 64
-75.4641 128
-75.3018 128
-75.1395 40
-74.9773 74
-74.815 32
-74.6527 32
-74.4904 24
-74.3281 160
-74.1658 96
-74.0035 48
-73.8412 440
-73.679 64
-73.5167 352
-73.3544 192
-73.1921 144
-73.0298 320
-72.8675 512
-72.7052 256
-72.5429 256
-72.3806 200
-72.2184 96
-72.0561 232
-71.8938 328
-71.7315 104
-71.5692 352
-71.4069 192
-71.2446 264
-71.0823 1296
-70.92 64
-70.7578 416
-70.5955 64
-70.4332 904
-70.2709 0
-70.1086 768
-69.9463 72
-69.784 776
-69.6217 512
-69.4595 392
-69.2972 776
-69.1349 240
-68.9726 74
-68.8103 1544
-68.648 416
-68.4857 1456
-68.3234 1680
-68.1611 488
-67.9989 936
-67.8366 32
-67.6743 2096
-67.512 768
-67.3497 1008
-67.1874 2336
-67.0251 400
-66.8628 688
-66.7005 1184
-66.5383 1368
-66.376 1032
-66.2137 832
-66.0514 568
-65.8891 1440
-65.7268 2624
-65.5645 2696
-65.4022 480
-65.24 3042
-65.0777 696
-64.9154 4080
-64.7531 1056
-64.5908 2368
-64.4285 2176
-64.2662 2144
-64.1039 1928
-63.9416 3072
-63.7794 4144
-63.6171 720
-63.4548 3650
-63.2925 1648
-63.1302 3572
-62.9679 9048
-62.8056 3002
-62.6433 3728
-62.481 7212
-62.3188 4096
-62.1565 2792
-61.9942 5536
-61.8319 6536
-61.6696 4424
-61.5073 4096
-61.345 7568
-61.1827 3328
-61.0205 4976
-60.8582 4472
-60.6959 5600
-60.5336 8040
-60.3713 10972
-60.209 3600
-60.0467 4744
-59.8844 9032
-59.7221 15184
-59.5599 5344
-59.3976 10048
-59.2353 8072
-59.073 11332
-58.9107 9410
-58.7484 12548
-58.5861 11602
-58.4238 6336
-58.2615 12856
-58.0993 9672
-57.937 24272
-57.7747 13928
-57.6124 19896
-57.4501 10832
-57.2878 15408
-57.1255 33874
-56.9632 21280
-56.801 20880
-56.6387 17856
-56.4764 9080
-56.3141 20388
-56.1518 19360
-55.9895 23860
-55.8272 30360
-55.6649 10984
-55.5026 23256
-55.3404 22008
-55.1781 20528
-55.0158 42360
-54.8535 14016
-54.6912 31162
-54.5289 44752
-54.3666 22612
-54.2043 19856
-54.042 41644
-53.8798 34168
-53.7175 32368
-53.5552 32120
-53.3929 34008
-53.2306 36888
-53.0683 50608
-52.906 37998
-52.7437 31140
-52.5815 40944
-52.4192 61106
-52.2569 39224
-52.0946 57528
-51.9323 53448
-51.77 109928
-51.6077 47338
-51.4454 56512
-51.2831 68344
-51.1209 68170
-50.9586 77808
-50.7963 65552
-50.634 48576
-50.4717 67412
-50.3094 60544
-50.1471 73012
-49.9848 87036
-49.8226 74162
-49.6603 60816
-49.498 81560
-49.3357 75984
-49.1734 156416
-49.0111 81784
-48.8488 103136
-48.6865 116640
-48.5242 56336
-48.362 93310
-48.1997 103856
-48.0374 109520
-47.8751 144712
-47.7128 83432
-47.5505 81468
-47.3882 147866
-47.2259 152408
-47.0636 138276
-46.9014 99232
-46.7391 102066
-46.5768 195216
-46.4145 188430
-46.2522 134160
-46.0899 135628
-45.9276 300576
-45.7653 155016
-45.6031 157456
-45.4408 189178
-45.2785 169440
-45.1162 255208
-44.9539 177922
-44.7916 202544
-44.6293 217444
-44.467 234648
-44.3047 158388
-44.1425 229312
-43.9802 209696
-43.8179 187720
-43.6556 425034
-43.4933 295680
-43.331 303384
-43.1687 233616
-43.0064 320884
-42.8441 261424
-42.6819 246148
-42.5196 310070
-42.3573 275130
-42.195 275924
-42.0327 416048
-41.8704 260588
-41.7081 289152
-41.5458 336976
-41.3836 348840
-41.2213 511426
-41.059 335640
-40.8967 273294
-40.7344 452776
-40.5721 443028
-40.4098 380100
-40.2475 475880
-40.0852 461538
-39.923 478124
-39.7607 384444
-39.5984 427808
-39.4361 533618
-39.2738 703248
-39.1115 377552
-38.9492 461584
-38.7869 525696
-38.6246 605154
-38.4624 662464
-38.3001 509144
-38.1378 485132
-37.9755 577020
-37.8132 1251764
-37.6509 625966
-37.4886 707972
-37.3263 616360
-37.1641 461432
-37.0018 819224
-36.8395 801674
-36.6772 779920
-36.5149 715748
-36.3526 610954
-36.1903 531994
-36.028 864948
-35.8657 786876
-35.7035 1150450
-35.5412 815132
-35.3789 1227916
-35.2166 778910
-35.0543 802560
-34.892 1012144
-34.7297 840352
-34.5674 990622
-34.4051 916176
-34.2429 887412
-34.0806 1060492
-33.9183 971756
-33.756 887484
-33.5937 1163248
-33.4314 1196976
-33.2691 854040
-33.1068 1539610
-32.9446 875472
-32.7823 1407572
-32.62 1442536
-32.4577 1126484
-32.2954 1353814
-32.1331 1356786
-31.9708 1669702
-31.8085 1185268
-31.6462 1555264
-31.484 1184756
-31.3217 1632242
-31.1594 1804420
-30.9971 1421256
-30.8348 1741900
-30.6725 1280638
-30.5102 1713216
-30.3479 1194798
-30.1856 1576240
-30.0234 1433560
-29.8611 3507836
-29.6988 2081460
-29.5365 1796144
-29.3742 1577058
-29.2119 1460528
-29.0496 1967782
-28.8873 1584062
-28.7251 2175256
-28.5628 1783758
-28.4005 1939412
-28.2382 1808456
-28.0759 1913800
-27.9136 2238112
-27.7513 2339972
-27.589 2190100
-27.4267 1739320
-27.2645 3392502
-27.1022 1866408
-26.9399 3044904
-26.7776 1862596
-26.6153 2484084
-26.453 2764922
-26.2907 2127824
-26.1284 2597692
-25.9662 2140192
-25.8039 2391220
-25.6416 2174368
-25.4793 3854432
-25.317 2323800
-25.1547 2901292
-24.9924 2695134
-24.8301 2714790
-24.6678 3005178
-24.5056 2735848
-24.3433 2769864
-24.181 3268346
-24.0187 4767200
-23.8564 2869644
-23.6941 3041928
-23.5318 4117680
-23.3695 2405282
-23.2072 4723246
-23.045 2508164
-22.8827 3897872
-22.7204 3766454
-22.5581 3315044
-22.3958 2615658
-22.2335 3080368
-22.0712 3334956
-21.9089 7844144
-21.7467 3443040
-21.5844 3699264
-21.4221 3695248
-21.2598 3045852
-21.0975 3583644
-20.9352 3664126
-20.7729 4632202
-20.6106 3131764
-20.4483 4128784
-20.2861 4629782
-20.1238 3803382
-19.9615 4467808
-19.7992 3405992
-19.6369 4237924
-19.4746 4249960
-19.3123 6319040
-19.15 3597888
-18.9877 6663788
-18.8255 4193066
-18.6632 4330236
-18.5009 5841554
-18.3386 4001086
-18.1763 4551472
-18.014 4459532
-17.8517 4864390
-17.6894 4249588
-17.5272 5520092
-17.3649 6570840
-17.2026 4785434
-17.0403 4790750
-16.878 4036020
-16.7157 5361458
-16.5534 4695836
-16.3911 4690852
-16.2288 4056124
-16.0666 13795912
-15.9043 4916744
-15.742 4968480
-15.5797 8119148
-15.4174 4112992
-15.2551 7252620
-15.0928 3991560
-14.9305 7225858
-14.7682 5918184
-14.606 6025370
-14.4437 4588984
-14.2814 5843702
-14.1191 6608372
-13.9568 3935370
-13.7945 11993448
-13.6322 6410614
-13.4699 5379258
-13.3077 5481392
-13.1454 6478864
-12.9831 6075602
-12.8208 5929042
-12.6585 7574992
-12.4962 6482338
-12.3339 7822964
-12.1716 5385760
-12.0093 7428260
-11.8471 5448676
-11.6848 6740598
-11.5225 6602976
-11.3602 8577604
-11.1979 6749336
-11.0356 4726634
-10.8733 11990808
-10.711 6183124
-10.5487 7930378
-10.3865 7384816
-10.2242 7308040
-10.0619 6568760
-9.89959 7110714
-9.73731 7903070
-9.57502 6959208
-9.41273 9418870
-9.25044 5812540
-9.08815 7644494
-8.92586 6681528
-8.76358 6878854
-8.60129 6375918
-8.439 6945016
-8.27671 6274808
-8.11442 5729736
-7.95213 25526664
-7.78985 7072824
-7.62756 9825396
-7.46527 5411680
-7.30298 6022492
-7.14069 8301536
-6.9784 10416088
-6.81611 6551750
-6.65383 8496616
-6.49154 7291638
-6.32925 6424378
-6.16696 8687284
-6.00467 8129952
-5.84238 11267636
-5.6801 8331806
-5.51781 7706406
-5.35552 6216160
-5.19323 8856036
-5.03094 10190668
-4.86865 7836824
-4.70636 10457718
-4.54408 7472068
-4.38179 9748176
-4.2195 7463146
-4.05721 9587544
-3.89492 5962150
-3.73263 9652950
-3.57035 7153308
-3.40806 7484168
-3.24577 12275878
-3.08348 6073400
-2.92119 14373844
-2.7589 7357966
-2.59662 7501488
-2.43433 8504404
-2.27204 8904234
-2.10975 8745700
-1.94746 9409050
-1.78517 9474666
-1.62288 7174252
-1.4606 8929896
-1.29831 8606892
-1.13602 9543520
-0.973731 7482320
-0.811442 7556330
-0.649154 7454918
-0.486865 6916784
-0.324577 8750560
-0.162288 7296732
0 31092440
0.162288 7296732
0.324577 8750560
0.486865 6916784
0.649154 7454918
0.811442 7556330
0.973731 7482320
1.13602 9543520
1.29831 8606892
1.4606 8929896
1.62288 7174252
1.78517 9474666
1.94746 9409050
2.10975 8745700
2.27204 8904234
2.43433 8504404
2.59662 7501488
2.7589 7357966
2.92119 14373844
3.08348 6073400
3.24577 12275878
3.40806 7484168
3.57035 7153308
3.73263 9652950
3.89492 5962150
4.05721 9587544
4.2195 7463146
4.38179 9748176
4.54408 7472068
4.70636 10457718
4.86865 7836824
5.03094 10190668
5.19323 8856036
5.35552 6216160
5.51781 7706406
5.6801 8331806
5.84238 11267636
6.00467 8129952
6.16696 8687284
6.32925 6424378
6.49154 7291638
6.65383 8496616
6.81611 6551750
6.9784 10416088
7.14069 8301536
7.30298 6022492
7.46527 5411680
7.62756 9825396
7.78985 7072824
7.95213 25526664
8.11442 5729736
8.27671 6274808
8.439 6945016
8.60129 6375918
8.76358 6878854
8.92586 6681528
9.08815 7644494
9.25044 5812540
9.41273 9418870
9.57502 6959208
9.73731 7903070
9.89959 7110714
10.0619 6568760
10.2242 7308040
10.3865 7384816
10.5487 7930378
10.711 6183124
10.8733 11990808
11.0356 4726634
11.1979 6749336
11.3602 8577604
11.5225 6602976
11.6848 6740598
11.8471 5448676
12.0093 7428260
12.1716 5385760
12.3339 7822964
12.4962 6482338
12.6585 7574992
12.8208 5929042
12.9831 6075602
13.1454 6478864
13.3077 5481392
13.4699 5379258
13.6322 6410614
13.7945 11993448
13.9568 3935370
14.1191 6608372
14.2814 5843702
14.4437 4588984
14.606 6025370
14.7682 5918184
14.9305 7225858
15.0928 3991560
15.2551 7252620
15.4174 4112992
15.5797 8119148
15.742 4968480
15.9043 4916744
16.0666 13795912
16.2288 4056124
16.3911 4690852
16.5534 4695836
16.7157 5361458
16.878 4036020
17.0403 4790750
17.2026 4785434
17.3649 6570840
17.5272 5520092
17.6894 4249588
17.8517 4864390
18.014 4459532
18.1763 4551472
18.3386 4001086
18.5009 5841554
18.6632 4330236
18.8255 4193066
18.9877 6663788
19.15 3597888
19.3123 6319040
19.4746 4249960
19.6369 4237924
19.7992 3405992
19.9615 4467808
20.1238 3803382
20.2861 4629782
20.4483 4128784
20.6106 3131764
20.7729 4632202
20.9352 3664126
21.0975 3583644
21.2598 3045852
21.4221 3695248
21.5844 3699264
21.7467 3443040
21.9089 7844144
22.0712 3334956
22.2335 3080368
22.3958 2615658
22.5581 3315044
22.7204 3766454
22.8827 3897872
23.045 2508164
23.2072 4723246
23.3695 2405282
23.5318 4117680
23.6941 3041928
23.8564 2869644
24.0187 4767200
24.181 3268346
24.3433 2769864
24.5056 2735848
24.6678 3005178
24.8301 2714790
24.9924 2695134
25.1547 2901292
25.317 2323800
25.4793 3854432
25.6416 2174368
25.8039 2391220
25.9662 2140192
26.1284 2597692
26.2907 2127824
26.453 2764922
26.6153 2484084
26.7776 1862596
26.9399 3044904
27.1022 1866408
27.2645 3392502
27.4267 1739320
27.589 2190100
27.7513 2339972
27.9136 2238112
28.0759 1913800
28.2382 1808456
28.4005 1939412
28.5628 1783758
28.7251 2175256
28.8873 1584062
29.0496 1967782
29.2119 1460528
29.3742 1577058
29.5365 1796144
29.6988 2081460
29.8611 3507836
30.0234 1433560
30.1856 1576240
30.3479 1194798
30.5102 1713216
30.6725 1280638
30.8348 1741900
30.9971 1421256
31.1594 1804420
31.3217 1632242
31.484 1184756
31.6462 1555264
31.8085 1185268
31.9708 1669702
32.1331 1356786
32.2954 1353814
32.4577 1126484
32.62 1442536
32.7823 1407572
32.9446 875472
33.1068 1539610
33.2691 854040
33.4314 1196976
33.5937 1163248
33.756 887484
33.9183 971756
34.0806 1060492
34.2429 887412
34.4051 916176
34.5674 990622
34.7297 840352
34.892 1012144
35.0543 802560
35.2166 778910
35.3789 1227916
35.5412 815132
35.7035 1150450
35.8657 786876
36.028 864948
36.1903 531994
36.3526 610954
36.5149 715748
36.6772 779920
36.8395 801674
37.0018 819224
37.1641 461432
37.3263 616360
37.4886 707972
37.6509 625966
37.8132 1251764
37.9755 577020
38.1378 485132
38.3001 509144
38.4624 662464
38.6246 605154
38.7869 525696
38.9492 461584
39.1115 377552
39.2738 703248
39.4361 533618
39.5984 427808
39.7607 384444
39.923 478124
40.0852 461538
40.2475 475880
40.4098 380100
40.5721 443028
40.7344 452776
40.8967 273294
41.059 335640
41.2213 511426
41.3836 348840
41.5458 336976
41.7081 289152
41.8704 260588
42.0327 416048
42.195 275924
42.3573 275130
42.5196 310070
42.6819 246148
42.8441 261424
43.0064 320884
43.1687 233616
43.331 303384
43.4933 295680
43.6556 425034
43.8179 187720
43.9802 209696
44.1425 229312
44.3047 158388
44.467 234648
44.6293 217444
44.7916 202544
44.9539 177922
45.1162 255208
45.2785 169440
45.4408 189178
45.6031 157456
45.7653 155016
45.9276 300576
46.0899 135628
46.2522 134160
46.4145 188430
46.5768 195216
46.7391 102066
46.9014 99232
47.0636 138276
47.2259 152408
47.3882 147866
47.5505 81468
47.7128 83432
47.8751 144712
48.0374 109520
48.1997 103856
48.362 93310
48.5242 56336
48.6865 116640
48.8488 103136
49.0111 81784
49.1734 156416
49.3357 75984
49.498 81560
49.6603 60816
49.8226 74162
49.9848 87036
50.1471 73012
50.3094 60544
50.4717 67412
50.634 48576
50.7963 65552
50.9586 77808
51.1209 68170
51.2831 68344
51.4454 56512
51.6077 47338
51.77 109928
51.9323 53448
52.0946 57528
52.2569 39224
52.4192 61106
52.5815 40944
52.7437 31140
52.906 37998
53.0683 50608
53.2306 36888
53.3929 34008
53.5552 32120
53.7175 32368
53.8798 34168
54.042 41644
54.2043 19856
54.3666 22612
54.5289 44752
54.6912 31162
54.8535 14016
55.0158 42360
55.1781 20528
55.3404 22008
55.5026 23256
55.6649 10984
55.8272 30360
55.9895 23860
56.1518 19360
56.3141 20388
56.4764 9080
56.6387 17856
56.801 20880
56.9632 21280
57.1255 33874
57.2878 15408
57.4501 10832
57.6124 19896
57.7747 13928
57.937 24272
58.0993 9672
58.2615 12856
58.4238 6336
58.5861 11602
58.7484 12548
58.9107 9410
59.073 11332
59.2353 8072
59.3976 10048
59.5599 5344
59.7221 15184
59.8844 9032
60.0467 4744
60.209 3600
60.3713 10972
60.5336 8040
60.6959 5600
60.8582 4472
61.0205 4976
61.1827 3328
61.345 7568
61.5073 4096
61.6696 4424
61.8319 6536
61.9942 5536
62.1565 2792
62.3188 4096
62.481 7212
62.6433 3728
62.8056 3002
62.9679 9048
63.1302 3572
63.2925 1648
63.4548 3650
63.6171 720
63.7794 4144
63.9416 3072
64.1039 1928
64.2662 2144
64.4285 2176
64.5908 2368
64.7531 1056
64.9154 4080
65.0777 696
65.24 3042
65.4022 480
65.5645 2696
65.7268 2624
65.8891 1440
66.0514 568
66.2137 832
66.376 1032
66.5383 1368
66.7005 1184
66.8628 688
67.0251 400
67.1874 2336
67.3497 1008
67.512 768
67.6743 2096
67.8366 32
67.9989 936
68.1611 488
68.3234 1680
68.4857 1456
68.648 416
68.8103 1544
68.9726 74
69.1349 240
69.2972 776
69.4595 392
69.6217 512
69.784 776
69.9463 72
70.1086 768
70.2709 0
70.4332 904
70.5955 64
70.7578 416
70.92 64
71.0823 1296
71.2446 264
71.4069 192
71.5692 352
71.7315 104
71.8938 328
72.0561 232
72.2184 96
72.3806 200
72.5429 256
72.7052 256
72.8675 512
73.0298 320
73.1921 144
73.3544 192
73.5167 352
73.679 64
73.8412 440
74.0035 48
74.1658 96
74.3281 160
74.4904 24
74.6527 32
74.815 32
74.9773 74
75.1395 40
75.3018 128
75.4641 128
75.6264 64
75.7887 64
75.951 128
76.1133 8
76.2756 256
76.4379 64
76.6001 88
76.7624 16
76.9247 96
77.087 64
77.2493 8
77.4116 0
77.5739 32
77.7362 0
77.8985 32
78.0607 88
78.223 16
78.3853 0
78.5476 32
78.7099 64
78.8722 16
79.0345 72
79.1968 0
79.359 0
79.5213 0
79.6836 8
79.8459 0
80.0082 8
80.1705 0
80.3328 16
80.4951 12
80.6574 0
80.8196 0
80.9819 0
81.1442 2
