-35.0396
-34.9161
-34.8004
-34.5502
-34.122
-32.9322
-32.7367
-32.6172
-32.4799
-31.4845
-31.3981
-31.3689
-31.2842
-31.1844
-31.103
-30.9353
-30.8636
-30.3299
-30.1988
-29.7234
-29.7158
-29.6326
-29.6115
-29.5371
-29.4994
-29.4087
-29.3016
-29.1843
-29.1318
-28.9143
-28.7402
-28.3658
-28.206
-27.4675
-27.4091
-27.3899
-27.3717
-27.2734
-26.8286
-26.6136
-26.4148
-26.388
-26.2677
-26.1583
-26.1417
-26.1268
-26.0806
-25.9864
-25.9636
-25.9185
-25.9141
-25.9015
-25.8326
-25.8177
-25.8069
-25.7737
-25.7513
-25.7465
-25.7346
-25.7113
-25.6821
-25.668
-25.6606
-25.5595
-25.5454
-25.4971
-25.4141
-25.3218
-25.102
-25.0384
-25.0133
-24.8031
-24.7539
-24.7083
-24.6698
-24.6033
-24.5723
-24.5002
-24.4909
-24.4774
-24.4607
-24.459
-24.4093
-24.373
-24.3588
-24.3564
-24.3063
-24.2875
-24.2839
-24.2652
-24.2634
-24.213
-24.2072
-24.1736
-24.1593
-24.1443
-24.1393
-24.1181
-24.1104
-24.0723
-24.0512
-24.0414
-24.0321
-24.0199
-24.0057
-24.0009
-23.9735
-23.9107
-23.8975
-23.875
-23.8005
-23.7985
-23.698
-23.6827
-23.6155
-23.5993
-23.5799
-23.5597
-23.5233
-23.5187
-23.4967
-23.4417
-23.4248
-23.4003
-23.3698
-23.2719
-23.2593
-23.2115
-23.1908
-23.1843
-23.1078
-23.0482
-23.0155
-22.9643
-22.8594
-22.8328
-22.7875
-22.7636
-22.7463
-22.7146
-22.6857
-22.6655
-22.6448
-22.6219
-22.6035
-22.5639
-22.5582
-22.5136
-22.5038
-22.446
-22.3911
-22.388
-22.3643
-22.3542
-22.3101
-22.3072
-22.2878
-22.2795
-22.2686
-22.2518
-22.2362
-22.2227
-22.2041
-22.1877
-22.154
-22.1512
-22.1179
-22.1059
-22.1027
-22.08
-22.0628
-22.0586
-22.04
-22.0253
-22.0011
-21.9872
-21.9527
-21.9378
-21.8852
-21.8757
-21.8637
-21.8473
-21.8358
-21.796
-21.7615
-21.7493
-21.7184
-21.684
-21.6685
-21.6446
-21.604
-21.5999
-21.5827
-21.5803
-21.5727
-21.5516
-21.5443
-21.5295
-21.5186
-21.4984
-21.4558
-21.3307
-21.2805
-21.2481
-21.2382
-21.2176
-21.1858
-21.1421
-21.1275
-21.1129
-21.097
-21.0483
-21.0159
-21.0098
-20.9957
-20.9814
-20.9414
-20.9332
-20.8894
-20.875
-20.8445
-20.7606
-20.756
-20.7481
-20.7354
-20.724
-20.7065
-20.6656
-20.6609
-20.6391
-20.6074
-20.5802
-20.5677
-20.5595
-20.5485
-20.5453
-20.5342
-20.5234
-20.4968
-20.4883
-20.4638
-20.4348
-20.4172
-20.4136
-20.4083
-20.3768
-20.3716
-20.3489
-20.3326
-20.3282
-20.3099
-20.3044
-20.2757
-20.2607
-20.2461
-20.2051
-20.1987
-20.175
-20.1632
-20.1406
-20.137
-20.105
-20.0838
-20.0738
-20.052
-20.0344
-20.0237
-19.9878
-19.9543
-19.9459
-19.9268
-19.9068
-19.8688
-19.8091
-19.7917
-19.7094
-19.6386
-19.6132
-19.5912
-19.5876
-19.5696
-19.5227
-19.5092
-19.4994
-19.486
-19.4826
-19.4708
-19.4585
-19.4231
-19.4118
-19.4097
-19.3813
-19.3599
-19.3483
-19.3409
-19.3333
-19.3144
-19.2989
-19.2821
-19.2797
-19.2713
-19.2437
-19.2311
-19.2281
-19.2249
-19.2088
-19.1885
-19.169
-19.1488
-19.1262
-19.1054
-19.0964
-19.0748
-19.0708
-19.061
-19.0508
-19.0449
-19.0398
-19.0355
-19.0288
-18.9983
-18.9926
-18.9687
-18.9647
-18.9576
-18.948
-18.9437
-18.9363
-18.9333
-18.9189
-18.8986
-18.8878
-18.88
-18.8617
-18.8598
-18.8535
-18.8352
-18.8229
-18.8155
-18.8049
-18.8008
-18.7424
-18.7296
-18.7203
-18.7101
-18.7032
-18.6988
-18.6767
-18.6659
-18.6502
-18.6434
-18.6375
-18.6348
-18.6267
-18.6082
-18.5916
-18.5878
-18.5761
-18.56
-18.5295
-18.5085
-18.5033
-18.4866
-18.4785
-18.4328
-18.4301
-18.4216
-18.4037
-18.3831
-18.3749
-18.3656
-18.3473
-18.3387
-18.2925
-18.2523
-18.2349
-18.224
-18.2112
-18.1932
-18.142
-18.1285
-18.1209
-18.1137
-18.1014
-18.0783
-18.0672
-18.0276
-18.0261
-17.9829
-17.9754
-17.972
-17.9359
-17.912
-17.8981
-17.8694
-17.8548
-17.8517
-17.8454
-17.8313
-17.813
-17.8073
-17.7849
-17.7715
-17.7626
-17.7368
-17.7303
-17.7233
-17.7081
-17.7044
-17.6866
-17.6808
-17.664
-17.6521
-17.6468
-17.6418
-17.6368
-17.6284
-17.5956
-17.5823
-17.5793
-17.5626
-17.5569
-17.5248
-17.5152
-17.4995
-17.4878
-17.4868
-17.4508
-17.4407
-17.424
-17.4182
-17.4013
-17.3946
-17.3753
-17.3722
-17.3619
-17.3488
-17.3418
-17.3268
-17.3056
-17.3005
-17.2842
-17.2666
-17.257
-17.2486
-17.2419
-17.2262
-17.2226
-17.2172
-17.2128
-17.1946
-17.1815
-17.1747
-17.1723
-17.153
-17.1424
-17.1325
-17.1237
-17.1152
-17.1072
-17.0928
-17.0898
-17.0735
-17.062
-17.0366
-17.0327
-17.0261
-17.0057
-16.9765
-16.9654
-16.9559
-16.9458
-16.9321
-16.9193
-16.9086
-16.9015
-16.8942
-16.863
-16.8603
-16.8499
-16.8433
-16.8284
-16.8166
-16.8082
-16.8038
-16.7975
-16.7913
-16.7712
-16.7603
-16.7552
-16.7519
-16.7381
-16.7375
-16.7177
-16.7119
-16.7002
-16.6951
-16.6904
-16.6756
-16.6717
-16.6662
-16.6578
-16.6529
-16.6445
-16.6423
-16.6345
-16.6203
-16.6178
-16.6132
-16.6082
-16.6012
-16.6005
-16.5968
-16.5922
-16.5776
-16.5725
-16.5685
-16.5595
-16.5479
-16.5388
-16.5307
-16.523
-16.5176
-16.5118
-16.5021
-16.4915
-16.4846
-16.4787
-16.4707
-16.4609
-16.4339
-16.4285
-16.4244
-16.4206
-16.4139
-16.4062
-16.3995
-16.395
-16.3884
-16.3784
-16.3564
-16.3516
-16.3445
-16.3402
-16.3356
-16.3284
-16.3191
-16.3157
-16.3099
-16.3092
-16.3018
-16.265
-16.2575
-16.2516
-16.2484
-16.2413
-16.2387
-16.2238
-16.2012
-16.1986
-16.1921
-16.1829
-16.1793
-16.1656
-16.1541
-16.1452
-16.1418
-16.1353
-16.1216
-16.1114
-16.1031
-16.0967
-16.0903
-16.069
-16.0646
-16.0472
-16.0394
-16.0374
-16.0253
-16.0161
-16.0017
-15.9869
-15.9749
-15.9576
-15.9487
-15.9431
-15.9257
-15.9024
-15.89
-15.878
-15.8709
-15.8615
-15.8557
-15.8393
-15.8326
-15.8094
-15.8046
-15.8008
-15.7919
-15.7746
-15.7664
-15.7636
-15.7561
-15.7442
-15.7303
-15.727
-15.7171
-15.6974
-15.6862
-15.6794
-15.6719
-15.6615
-15.6559
-15.6537
-15.6407
-15.6154
-15.6022
-15.5934
-15.5787
-15.5746
-15.5561
-15.5527
-15.5459
-15.5409
-15.5338
-15.5267
-15.511
-15.5076
-15.4954
-15.4911
-15.4814
-15.4688
-15.4658
-15.4594
-15.4481
-15.443
-15.4387
-15.4272
-15.4232
-15.4082
-15.4071
-15.4017
-15.3975
-15.3921
-15.3853
-15.3818
-15.3724
-15.3654
-15.3618
-15.3534
-15.3375
-15.3315
-15.3258
-15.318
-15.3107
-15.2949
-15.2881
-15.2836
-15.2698
-15.2632
-15.2591
-15.2514
-15.2361
-15.2289
-15.2249
-15.2041
-15.2005
-15.1934
-15.1921
-15.1801
-15.1719
-15.1649
-15.1606
-15.1572
-15.1465
-15.1431
-15.135
-15.1251
-15.1186
-15.1099
-15.1013
-15.1006
-15.0859
-15.0817
-15.0779
-15.0698
-15.0617
-15.058
-15.0536
-15.051
-15.0406
-15.0356
-15.0262
-15.0208
-15.0083
-15.0058
-14.9909
-14.9871
-14.9828
-14.98
-14.9768
-14.9751
-14.9678
-14.9649
-14.9551
-14.9462
-14.938
-14.9349
-14.9304
-14.9273
-14.9166
-14.911
-14.9077
-14.9009
-14.8967
-14.8858
-14.8834
-14.8808
-14.8747
-14.8685
-14.8611
-14.8575
-14.8465
-14.8454
-14.8392
-14.828
-14.8211
-14.8113
-14.8092
-14.7993
-14.7948
-14.7811
-14.776
-14.7589
-14.7574
-14.7548
-14.7419
-14.7339
-14.7239
-14.7159
-14.7109
-14.7076
-14.7029
-14.6959
-14.6928
-14.6819
-14.6754
-14.6725
-14.6598
-14.6535
-14.6432
-14.6369
-14.6264
-14.623
-14.615
-14.6034
-14.5968
-14.5875
-14.5775
-14.567
-14.5619
-14.5499
-14.5448
-14.5391
-14.5346
-14.529
-14.524
-14.5157
-14.5072
-14.5031
-14.5017
-14.4833
-14.4801
-14.4724
-14.4655
-14.4596
-14.4542
-14.4401
-14.4366
-14.4326
-14.4206
-14.4126
-14.4023
-14.3997
-14.3964
-14.3863
-14.3789
-14.3754
-14.3565
-14.3496
-14.3467
-14.3378
-14.3318
-14.3214
-14.3116
-14.3077
-14.2989
-14.2766
-14.273
-14.2685
-14.2642
-14.2561
-14.2526
-14.2413
-14.229
-14.2271
-14.2133
-14.208
-14.1997
-14.1899
-14.1806
-14.1673
-14.1598
-14.1538
-14.1333
-14.1232
-14.1178
-14.1029
-14.1008
-14.0917
-14.0855
-14.0816
-14.0697
-14.0608
-14.0566
-14.0481
-14.0398
-14.0236
-14.0111
-14.0043
-13.9985
-13.9956
-13.9903
-13.9776
-13.9734
-13.9705
-13.9608
-13.9536
-13.9418
-13.9353
-13.9243
-13.9185
-13.8965
-13.8812
-13.8723
-13.8622
-13.8581
-13.8569
-13.846
-13.8431
-13.8311
-13.8219
-13.8088
-13.7963
-13.7891
-13.7857
-13.7764
-13.7699
-13.7657
-13.7558
-13.7451
-13.7393
-13.7353
-13.7331
-13.7258
-13.7142
-13.711
-13.7056
-13.7015
-13.6958
-13.694
-13.6872
-13.6805
-13.6729
-13.6674
-13.6584
-13.6546
-13.6495
-13.6483
-13.6382
-13.6314
-13.6284
-13.6173
-13.6168
-13.6105
-13.6006
-13.5923
-13.5863
-13.5815
-13.5742
-13.5606
-13.5571
-13.5471
-13.5391
-13.537
-13.5308
-13.5212
-13.5163
-13.5128
-13.506
-13.4951
-13.4909
-13.4806
-13.4764
-13.474
-13.4655
-13.4591
-13.4431
-13.4306
-13.4269
-13.4211
-13.4082
-13.402
-13.3991
-13.394
-13.3939
-13.386
-13.3756
-13.373
-13.3683
-13.3597
-13.3553
-13.3461
-13.3369
-13.3344
-13.3257
-13.3134
-13.309
-13.3069
-13.3027
-13.2958
-13.2806
-13.2769
-13.2609
-13.2533
-13.2473
-13.2436
-13.2347
-13.2192
-13.2169
-13.2153
-13.1969
-13.1911
-13.1836
-13.1778
-13.1755
-13.1628
-13.1601
-13.1521
-13.1496
-13.1413
-13.1379
-13.1316
-13.1293
-13.1208
-13.1148
-13.1066
-13.1014
-13.0971
-13.0946
-13.0821
-13.0764
-13.0735
-13.065
-13.0596
-13.0537
-13.0408
-13.0309
-13.025
-13.0184
-13.0092
-13.0024
-12.9905
-12.9895
-12.9827
-12.9712
-12.9698
-12.9566
-12.948
-12.9416
-12.9363
-12.9302
-12.9205
-12.9163
-12.9096
-12.9
-12.8961
-12.8938
-12.8865
-12.8839
-12.8669
-12.8657
-12.8622
-12.8508
-12.8426
-12.8383
-12.8328
-12.8279
-12.8238
-12.8128
-12.8008
-12.7958
-12.7832
-12.7778
-12.7693
-12.762
-12.7553
-12.747
-12.7439
-12.7354
-12.7274
-12.7168
-12.7147
-12.7047
-12.7037
-12.6946
-12.6866
-12.6845
-12.6793
-12.668
-12.6586
-12.6571
-12.6552
-12.6483
-12.6399
-12.6341
-12.6241
-12.6187
-12.6104
-12.6093
-12.6028
-12.5987
-12.5921
-12.591
-12.5866
-12.5773
-12.5712
-12.5643
-12.5589
-12.5557
-12.5516
-12.5434
-12.5378
-12.5308
-12.5305
-12.5256
-12.523
-12.517
-12.5057
-12.5043
-12.5018
-12.4992
-12.4881
-12.4842
-12.4761
-12.4758
-12.4718
-12.469
-12.4632
-12.4583
-12.453
-12.4516
-12.4418
-12.4342
-12.4291
-12.4254
-12.4225
-12.4202
-12.4167
-12.4127
-12.4075
-12.4015
-12.3942
-12.3924
-12.3887
-12.3842
-12.3748
-12.3665
-12.3608
-12.3602
-12.3561
-12.3506
-12.3462
-12.3451
-12.3369
-12.3334
-12.3275
-12.3246
-12.3165
-12.3118
-12.3072
-12.2986
-12.2935
-12.2842
-12.2838
-12.2715
-12.2694
-12.2675
-12.2625
-12.2535
-12.2504
-12.247
-12.2421
-12.2374
-12.2349
-12.2279
-12.2255
-12.2174
-12.2129
-12.2032
-12.1979
-12.1929
-12.188
-12.1776
-12.1741
-12.1711
-12.1679
-12.1624
-12.1566
-12.1556
-12.1515
-12.1417
-12.1356
-12.1305
-12.1262
-12.121
-12.1146
-12.1113
-12.1069
-12.0963
-12.0943
-12.0869
-12.0854
-12.08
-12.0727
-12.0693
-12.0651
-12.0624
-12.0493
-12.0477
-12.04
-12.0337
-12.0266
-12.0247
-12.0182
-12.0142
-12.0134
-12.0064
-12.0056
-12.0018
-11.9993
-11.9927
-11.9849
-11.978
-11.974
-11.9676
-11.965
-11.9587
-11.9537
-11.9407
-11.9397
-11.9336
-11.9282
-11.9233
-11.9188
-11.9097
-11.9018
-11.8965
-11.8952
-11.894
-11.8889
-11.8831
-11.8806
-11.8695
-11.869
-11.8642
-11.8564
-11.8527
-11.8372
-11.8318
-11.8306
-11.8245
-11.8157
-11.8106
-11.803
-11.8001
-11.7918
-11.7894
-11.7812
-11.7733
-11.7695
-11.7544
-11.749
-11.7449
-11.744
-11.7331
-11.7299
-11.7196
-11.7114
-11.7078
-11.7027
-11.7001
-11.695
-11.6913
-11.6806
-11.6755
-11.6691
-11.6483
-11.6476
-11.6446
-11.6368
-11.6344
-11.6266
-11.6177
-11.6158
-11.6084
-11.602
-11.6
-11.5865
-11.5846
-11.5811
-11.5735
-11.5685
-11.5586
-11.5503
-11.5424
-11.5287
-11.5181
-11.5144
-11.5098
-11.5092
-11.4952
-11.4886
-11.4855
-11.4806
-11.4715
-11.4686
-11.4559
-11.4512
-11.4475
-11.4435
-11.4381
-11.4274
-11.4202
-11.4116
-11.4043
-11.392
-11.3897
-11.3862
-11.3818
-11.3756
-11.3672
-11.3597
-11.355
-11.351
-11.3418
-11.3379
-11.3266
-11.3219
-11.3181
-11.3123
-11.3061
-11.3027
-11.298
-11.2936
-11.2884
-11.2848
-11.2794
-11.2726
-11.2695
-11.2624
-11.2547
-11.2518
-11.2505
-11.2453
-11.2371
-11.2328
-11.2287
-11.2233
-11.2204
-11.2125
-11.2116
-11.2104
-11.2027
-11.1957
-11.192
-11.1886
-11.1852
-11.1829
-11.173
-11.1691
-11.167
-11.158
-11.154
-11.1532
-11.1452
-11.1433
-11.1356
-11.1298
-11.1257
-11.1198
-11.111
-11.1013
-11.0988
-11.0977
-11.0917
-11.0881
-11.0853
-11.0733
-11.0698
-11.0598
-11.0585
-11.0533
-11.0505
-11.0389
-11.0373
-11.0356
-11.0292
-11.0244
-11.0197
-11.0135
-11.0103
-11.0082
-11.0044
-10.9986
-10.9959
-10.9876
-10.986
-10.9801
-10.9762
-10.9744
-10.9729
-10.9666
-10.9611
-10.9598
-10.9535
-10.9495
-10.9467
-10.9443
-10.9394
-10.9356
-10.9312
-10.9259
-10.9214
-10.9178
-10.9131
-10.9109
-10.9051
-10.9012
-10.8981
-10.8944
-10.8891
-10.8854
-10.8782
-10.8742
-10.8703
-10.8685
-10.8608
-10.8534
-10.8467
-10.8457
-10.8415
-10.8357
-10.8325
-10.8308
-10.8279
-10.8247
-10.8227
-10.8141
-10.8072
-10.7992
-10.7918
-10.7867
-10.7859
-10.7834
-10.7778
-10.7731
-10.7676
-10.7651
-10.7558
-10.7537
-10.7523
-10.7436
-10.7417
-10.7328
-10.7288
-10.723
-10.7158
-10.7081
-10.7066
-10.7035
-10.6995
-10.6965
-10.687
-10.6836
-10.6768
-10.6757
-10.6709
-10.6667
-10.6614
-10.6596
-10.6524
-10.6466
-10.6376
-10.6315
-10.6297
-10.6272
-10.6208
-10.6203
-10.6082
-10.6052
-10.6035
-10.5957
-10.5932
-10.5866
-10.5842
-10.5783
-10.5745
-10.5656
-10.565
-10.5608
-10.5576
-10.5542
-10.5504
-10.5461
-10.5369
-10.5351
-10.531
-10.5212
-10.5181
-10.5113
-10.5074
-10.5036
-10.4994
-10.4925
-10.4897
-10.4865
-10.485
-10.4758
-10.4734
-10.4694
-10.4605
-10.4525
-10.445
-10.4435
-10.4384
-10.4323
-10.428
-10.4226
-10.4164
-10.4126
-10.4081
-10.404
-10.3929
-10.3919
-10.387
-10.3838
-10.3769
-10.3661
-10.3622
-10.3534
-10.3518
-10.3475
-10.3452
-10.3407
-10.3388
-10.3279
-10.3259
-10.324
-10.3206
-10.3159
-10.3112
-10.3046
-10.3001
-10.2936
-10.2895
-10.2857
-10.2804
-10.2702
-10.2695
-10.2631
-10.256
-10.2552
-10.2518
-10.2464
-10.2413
-10.2368
-10.2311
-10.224
-10.2216
-10.2196
-10.2121
-10.2093
-10.2076
-10.2031
-10.2012
-10.1962
-10.1893
-10.1879
-10.1822
-10.1769
-10.1738
-10.1713
-10.1671
-10.1613
-10.1585
-10.1546
-10.1475
-10.1428
-10.1376
-10.1292
-10.1258
-10.1187
-10.1151
-10.1109
-10.1014
-10.0966
-10.0888
-10.086
-10.0808
-10.075
-10.0706
-10.0692
-10.0596
-10.0587
-10.0526
-10.0514
-10.0495
-10.0459
-10.0436
-10.0362
-10.0254
-10.0214
-10.0172
-10.0105
-10.0081
-10.0024
-9.99457
-9.99021
-9.98791
-9.97962
-9.97687
-9.97197
-9.96238
-9.96132
-9.95892
-9.95088
-9.94706
-9.93995
-9.9336
-9.93232
-9.92718
-9.92213
-9.91615
-9.91168
-9.90219
-9.89807
-9.89752
-9.89169
-9.88652
-9.88302
-9.87915
-9.87538
-9.87083
-9.86415
-9.86117
-9.85489
-9.85005
-9.84529
-9.84075
-9.83493
-9.83157
-9.82862
-9.81999
-9.81658
-9.81328
-9.81083
-9.80785
-9.80584
-9.8003
-9.79587
-9.79227
-9.78953
-9.78247
-9.77622
-9.77441
-9.77027
-9.76799
-9.76649
-9.75965
-9.75794
-9.7543
-9.74679
-9.74182
-9.74168
-9.73424
-9.73082
-9.72831
-9.72315
-9.71852
-9.71558
-9.71115
-9.70961
-9.70218
-9.70129
-9.69808
-9.69232
-9.68994
-9.68476
-9.67914
-9.67695
-9.67536
-9.66667
-9.66193
-9.66006
-9.65517
-9.65141
-9.64912
-9.64567
-9.64259
-9.63878
-9.6349
-9.62873
-9.62826
-9.62448
-9.61998
-9.61654
-9.61073
-9.60779
-9.6039
-9.59567
-9.59216
-9.58839
-9.58433
-9.5769
-9.57366
-9.57104
-9.56912
-9.56818
-9.56264
-9.55891
-9.55365
-9.54471
-9.54022
-9.53728
-9.53393
-9.53022
-9.52722
-9.52116
-9.51775
-9.51585
-9.51336
-9.50618
-9.50508
-9.49985
-9.49472
-9.48989
-9.48608
-9.48263
-9.47812
-9.47592
-9.47106
-9.46803
-9.46423
-9.45941
-9.45699
-9.44573
-9.44038
-9.43677
-9.43102
-9.42528
-9.42002
-9.41704
-9.41407
-9.41069
-9.40803
-9.39446
-9.39329
-9.38834
-9.37865
-9.37797
-9.37304
-9.36627
-9.36388
-9.35949
-9.35158
-9.34914
-9.3459
-9.3431
-9.33923
-9.33218
-9.33158
-9.32224
-9.31961
-9.31764
-9.31421
-9.31165
-9.30784
-9.30699
-9.30088
-9.29721
-9.2953
-9.28839
-9.28337
-9.28043
-9.27623
-9.27205
-9.26827
-9.26754
-9.26505
-9.257
-9.25429
-9.24598
-9.24548
-9.23978
-9.23833
-9.23143
-9.2294
-9.22616
-9.22063
-9.21647
-9.21456
-9.21122
-9.20732
-9.20334
-9.19551
-9.18621
-9.18521
-9.17715
-9.17311
-9.16949
-9.16696
-9.16568
-9.16108
-9.1603
-9.15762
-9.15268
-9.14573
-9.13783
-9.13536
-9.13165
-9.12414
-9.11743
-9.11468
-9.11002
-9.10725
-9.1058
-9.09839
-9.09675
-9.09537
-9.08292
-9.07985
-9.07623
-9.07355
-9.07004
-9.06096
-9.05702
-9.05499
-9.04815
-9.04431
-9.04079
-9.03443
-9.02969
-9.02596
-9.02374
-9.02198
-9.01476
-9.0126
-9.00554
-9.00196
-8.99596
-8.98979
-8.9878
-8.97995
-8.97937
-8.97429
-8.97343
-8.97169
-8.96352
-8.9616
-8.95678
-8.9555
-8.94977
-8.949
-8.94438
-8.9406
-8.93624
-8.93568
-8.92548
-8.9204
-8.91909
-8.91237
-8.91069
-8.90636
-8.89423
-8.89165
-8.88808
-8.88497
-8.88298
-8.87798
-8.87307
-8.86809
-8.86312
-8.85914
-8.85524
-8.84923
-8.84372
-8.8399
-8.83443
-8.83141
-8.82767
-8.82185
-8.81612
-8.81408
-8.80776
-8.80059
-8.79807
-8.79738
-8.79224
-8.79049
-8.78249
-8.77957
-8.77391
-8.77098
-8.7696
-8.76384
-8.75989
-8.75011
-8.74413
-8.74091
-8.73774
-8.73498
-8.72818
-8.72607
-8.71693
-8.71376
-8.71315
-8.7021
-8.69924
-8.69457
-8.68938
-8.68464
-8.67763
-8.67615
-8.67193
-8.66835
-8.66219
-8.65979
-8.65637
-8.65166
-8.64971
-8.64249
-8.63842
-8.63372
-8.62638
-8.62218
-8.61863
-8.61622
-8.61396
-8.61001
-8.60443
-8.60108
-8.5997
-8.59185
-8.59128
-8.58641
-8.58137
-8.57989
-8.5716
-8.56587
-8.56464
-8.56015
-8.55523
-8.55145
-8.54962
-8.54343
-8.54078
-8.5341
-8.53074
-8.528
-8.52669
-8.52023
-8.51643
-8.51229
-8.50804
-8.50445
-8.50156
-8.49843
-8.49381
-8.48915
-8.47953
-8.47655
-8.47359
-8.46782
-8.46637
-8.46299
-8.45893
-8.4549
-8.45426
-8.45151
-8.44653
-8.43994
-8.43921
-8.4336
-8.42935
-8.42412
-8.42182
-8.41923
-8.41815
-8.413
-8.40742
-8.40689
-8.40276
-8.39704
-8.39498
-8.39318
-8.39123
-8.38773
-8.38689
-8.3791
-8.37725
-8.37476
-8.37176
-8.36956
-8.36647
-8.3641
-8.35502
-8.35404
-8.34941
-8.34679
-8.34396
-8.33794
-8.33578
-8.33236
-8.32987
-8.32609
-8.32279
-8.32036
-8.31521
-8.31344
-8.30455
-8.29745
-8.29622
-8.29541
-8.29238
-8.28742
-8.28262
-8.27867
-8.27783
-8.27552
-8.27328
-8.26302
-8.25994
-8.25675
-8.25366
-8.25136
-8.24578
-8.24332
-8.2393
-8.23608
-8.23586
-8.23102
-8.22698
-8.2239
-8.22307
-8.21866
-8.21242
-8.21099
-8.20652
-8.20484
-8.19382
-8.19332
-8.19112
-8.19051
-8.18666
-8.17543
-8.17284
-8.16714
-8.16609
-8.1607
-8.15968
-8.15684
-8.15006
-8.14678
-8.14418
-8.13956
-8.13756
-8.13069
-8.12665
-8.12171
-8.1183
-8.11682
-8.114
-8.11014
-8.10469
-8.09856
-8.09333
-8.09093
-8.0856
-8.0809
-8.07791
-8.0754
-8.06895
-8.06702
-8.0649
-8.06125
-8.05909
-8.05274
-8.04833
-8.04688
-8.04157
-8.04139
-8.03789
-8.03133
-8.02527
-8.02353
-8.02043
-8.01757
-8.0157
-8.01442
-8.00358
-8.00075
-7.99782
-7.99436
-7.98857
-7.98505
-7.98179
-7.97708
-7.97392
-7.97051
-7.96623
-7.95976
-7.95827
-7.9551
-7.95399
-7.95045
-7.94407
-7.93845
-7.93596
-7.9329
-7.93063
-7.92654
-7.92294
-7.92118
-7.91727
-7.91171
-7.90875
-7.90653
-7.90336
-7.89865
-7.89779
-7.89476
-7.8874
-7.88376
-7.87822
-7.87466
-7.86863
-7.86465
-7.864
-7.86271
-7.85914
-7.85664
-7.85407
-7.84878
-7.8446
-7.83931
-7.83651
-7.83398
-7.83208
-7.82872
-7.82675
-7.82178
-7.81919
-7.81841
-7.814
-7.81166
-7.80594
-7.8013
-7.79576
-7.78607
-7.7851
-7.77784
-7.77637
-7.77052
-7.77023
-7.76716
-7.75938
-7.75748
-7.75078
-7.7476
-7.74152
-7.73672
-7.73466
-7.73161
-7.7274
-7.72267
-7.72138
-7.719
-7.715
-7.71243
-7.71019
-7.70312
-7.70144
-7.69855
-7.6942
-7.68868
-7.68438
-7.67882
-7.67862
-7.66837
-7.66696
-7.66492
-7.66049
-7.65767
-7.65588
-7.65309
-7.64648
-7.64535
-7.64128
-7.636
-7.63398
-7.63303
-7.62605
-7.62369
-7.62005
-7.61251
-7.60847
-7.60721
-7.60301
-7.60224
-7.59841
-7.59295
-7.58854
-7.58368
-7.58208
-7.57716
-7.57633
-7.57188
-7.56838
-7.56626
-7.56018
-7.55853
-7.5549
-7.55084
-7.54346
-7.54084
-7.53398
-7.53139
-7.52912
-7.52657
-7.5231
-7.52127
-7.51315
-7.5113
-7.50262
-7.49916
-7.49479
-7.49244
-7.48442
-7.48079
-7.478
-7.47264
-7.47129
-7.46329
-7.4618
-7.45748
-7.45557
-7.45412
-7.45075
-7.44971
-7.44527
-7.44188
-7.43511
-7.43381
-7.42841
-7.42219
-7.42068
-7.41865
-7.4122
-7.41172
-7.40837
-7.40439
-7.39914
-7.39819
-7.39599
-7.39436
-7.38581
-7.38524
-7.37981
-7.37473
-7.37171
-7.36793
-7.36353
-7.35941
-7.35638
-7.3522
-7.34704
-7.34304
-7.33698
-7.33555
-7.32595
-7.32482
-7.32117
-7.31958
-7.31616
-7.31279
-7.30686
-7.3025
-7.30054
-7.29751
-7.29584
-7.29513
-7.28626
-7.28606
-7.27758
-7.27316
-7.27046
-7.26655
-7.26267
-7.26009
-7.25669
-7.25134
-7.24856
-7.24748
-7.24281
-7.24029
-7.23945
-7.23469
-7.22906
-7.22613
-7.22227
-7.21673
-7.21322
-7.20895
-7.20604
-7.2028
-7.20029
-7.19428
-7.19124
-7.18377
-7.17927
-7.17685
-7.17581
-7.17037
-7.16857
-7.16615
-7.16157
-7.15935
-7.15683
-7.15507
-7.15034
-7.14915
-7.14436
-7.13937
-7.13797
-7.13489
-7.13
-7.12839
-7.1273
-7.12257
-7.12027
-7.11897
-7.11217
-7.10845
-7.10526
-7.09975
-7.09742
-7.09291
-7.09058
-7.08817
-7.08508
-7.0801
-7.0794
-7.07476
-7.07302
-7.0724
-7.06726
-7.06465
-7.06182
-7.06029
-7.05409
-7.05375
-7.04858
-7.0481
-7.04406
-7.04266
-7.03792
-7.03559
-7.03437
-7.03136
-7.02736
-7.02243
-7.01792
-7.01664
-7.01506
-7.00875
-7.00593
-7.00134
-6.99491
-6.994
-6.99238
-6.99022
-6.98393
-6.98049
-6.97935
-6.97785
-6.97544
-6.97283
-6.9688
-6.96423
-6.96035
-6.95911
-6.95597
-6.95287
-6.94682
-6.94476
-6.94182
-6.94012
-6.93828
-6.93284
-6.9316
-6.92661
-6.9253
-6.92271
-6.91817
-6.91599
-6.9121
-6.90855
-6.90414
-6.90269
-6.89652
-6.89322
-6.89094
-6.88919
-6.88424
-6.88235
-6.88106
-6.87552
-6.87319
-6.8726
-6.86693
-6.86449
-6.8625
-6.85857
-6.85545
-6.85383
-6.85245
-6.84637
-6.84059
-6.83687
-6.83377
-6.83151
-6.82938
-6.82433
-6.81958
-6.81764
-6.81492
-6.80977
-6.80872
-6.80419
-6.80052
-6.80007
-6.79749
-6.79414
-6.78897
-6.78792
-6.77902
-6.77789
-6.77602
-6.76949
-6.76724
-6.76236
-6.75853
-6.75397
-6.75209
-6.74731
-6.74345
-6.74253
-6.73418
-6.73294
-6.73175
-6.7289
-6.72525
-6.72096
-6.71487
-6.71422
-6.71157
-6.70791
-6.70253
-6.69979
-6.69604
-6.68997
-6.68653
-6.68481
-6.68259
-6.67998
-6.67914
-6.67471
-6.67265
-6.6717
-6.66493
-6.65988
-6.65328
-6.65033
-6.64679
-6.6437
-6.64032
-6.63776
-6.63326
-6.63118
-6.62593
-6.62252
-6.61726
-6.61431
-6.61016
-6.60881
-6.60732
-6.60018
-6.59411
-6.59379
-6.59268
-6.58828
-6.58331
-6.58051
-6.57586
-6.56975
-6.56513
-6.56034
-6.55758
-6.55429
-6.54817
-6.5453
-6.53943
-6.53722
-6.53323
-6.52913
-6.52513
-6.52397
-6.52048
-6.51523
-6.51418
-6.51326
-6.50817
-6.50335
-6.50113
-6.49512
-6.49273
-6.48857
-6.48633
-6.48254
-6.47824
-6.47498
-6.47179
-6.46187
-6.46104
-6.45544
-6.44947
-6.44857
-6.44561
-6.44103
-6.44014
-6.43208
-6.42991
-6.42668
-6.42147
-6.41833
-6.41635
-6.40922
-6.40411
-6.39961
-6.39751
-6.3929
-6.38866
-6.38398
-6.38266
-6.3805
-6.37423
-6.3701
-6.36642
-6.36061
-6.35901
-6.35381
-6.35202
-6.34728
-6.34364
-6.34063
-6.33936
-6.33354
-6.33247
-6.32923
-6.32473
-6.32209
-6.32121
-6.31624
-6.31006
-6.3079
-6.30459
-6.30104
-6.2962
-6.29274
-6.29055
-6.28799
-6.28685
-6.28243
-6.27628
-6.27346
-6.26788
-6.262
-6.26057
-6.25906
-6.25388
-6.25092
-6.2495
-6.24759
-6.23809
-6.23697
-6.23291
-6.22736
-6.22043
-6.21971
-6.2188
-6.21239
-6.21054
-6.20443
-6.20249
-6.19947
-6.19087
-6.18784
-6.18138
-6.17993
-6.17304
-6.17164
-6.16878
-6.16293
-6.16018
-6.1564
-6.15317
-6.1516
-6.14882
-6.14029
-6.13784
-6.13517
-6.12797
-6.12612
-6.12162
-6.11949
-6.11276
-6.1117
-6.10621
-6.10402
-6.09985
-6.09541
-6.09016
-6.08565
-6.08009
-6.07388
-6.06937
-6.06805
-6.06742
-6.06225
-6.05723
-6.05585
-6.05036
-6.04456
-6.04186
-6.03762
-6.03489
-6.03299
-6.02323
-6.0196
-6.01843
-6.01237
-6.01022
-6.00704
-6.00667
-6.00218
-5.99695
-5.99512
-5.99161
-5.98843
-5.98189
-5.97662
-5.97547
-5.97286
-5.96851
-5.96595
-5.96158
-5.95359
-5.95233
-5.94973
-5.94485
-5.94208
-5.93453
-5.93202
-5.92832
-5.92544
-5.92309
-5.91713
-5.91495
-5.91215
-5.90825
-5.90512
-5.90469
-5.89602
-5.8945
-5.89288
-5.88921
-5.88627
-5.88292
-5.87905
-5.87639
-5.87514
-5.87302
-5.86789
-5.86573
-5.8648
-5.86327
-5.85938
-5.85199
-5.8507
-5.84783
-5.83974
-5.83618
-5.83435
-5.83311
-5.83065
-5.82498
-5.82072
-5.81946
-5.81678
-5.81409
-5.80961
-5.80931
-5.80464
-5.80274
-5.79883
-5.79614
-5.79055
-5.78988
-5.78828
-5.78211
-5.78151
-5.77477
-5.77264
-5.76997
-5.76867
-5.76311
-5.75828
-5.75629
-5.75088
-5.7489
-5.74608
-5.73992
-5.73916
-5.73561
-5.73187
-5.72991
-5.72638
-5.72043
-5.71808
-5.71579
-5.71397
-5.70921
-5.70275
-5.7012
-5.69825
-5.69377
-5.69203
-5.6867
-5.6856
-5.68333
-5.68132
-5.67734
-5.67278
-5.66983
-5.66889
-5.66358
-5.66104
-5.6599
-5.65422
-5.65113
-5.64925
-5.64127
-5.63902
-5.63423
-5.63206
-5.62163
-5.62027
-5.61717
-5.61443
-5.61022
-5.60927
-5.59959
-5.59877
-5.5953
-5.59078
-5.58746
-5.58083
-5.57743
-5.57634
-5.57147
-5.56803
-5.56376
-5.56083
-5.55878
-5.55062
-5.5473
-5.54511
-5.54214
-5.53692
-5.53391
-5.53075
-5.5284
-5.52538
-5.52412
-5.52043
-5.51621
-5.51529
-5.51306
-5.5083
-5.5027
-5.49753
-5.49543
-5.49382
-5.49061
-5.48376
-5.47925
-5.47695
-5.47203
-5.46597
-5.46558
-5.46185
-5.45915
-5.45432
-5.45107
-5.44763
-5.44424
-5.44357
-5.44117
-5.43762
-5.43309
-5.42868
-5.42726
-5.42595
-5.41692
-5.41451
-5.41331
-5.41118
-5.40514
-5.39995
-5.39783
-5.39335
-5.3907
-5.38332
-5.38246
-5.37873
-5.3753
-5.37223
-5.36617
-5.36285
-5.36144
-5.35723
-5.35517
-5.3545
-5.35099
-5.34828
-5.34505
-5.33678
-5.33356
-5.33213
-5.32719
-5.32328
-5.31519
-5.31372
-5.31193
-5.30924
-5.3062
-5.30155
-5.29992
-5.29795
-5.29348
-5.29142
-5.2881
-5.28658
-5.28122
-5.27827
-5.27765
-5.27253
-5.27049
-5.26667
-5.26436
-5.26213
-5.25688
-5.2551
-5.24933
-5.24707
-5.24488
-5.24061
-5.23917
-5.23558
-5.23384
-5.22935
-5.22881
-5.2257
-5.22338
-5.22059
-5.21547
-5.21238
-5.21074
-5.20782
-5.20141
-5.20076
-5.1972
-5.19456
-5.18982
-5.1894
-5.18347
-5.18221
-5.1785
-5.17376
-5.17245
-5.16486
-5.16104
-5.15908
-5.15413
-5.15195
-5.14596
-5.14538
-5.14215
-5.13855
-5.13685
-5.13553
-5.13242
-5.12788
-5.12457
-5.12189
-5.11444
-5.11271
-5.10999
-5.10631
-5.10463
-5.10341
-5.09783
-5.09496
-5.09176
-5.08911
-5.0845
-5.08064
-5.0789
-5.07724
-5.07278
-5.06949
-5.06459
-5.06127
-5.05579
-5.05549
-5.05236
-5.05017
-5.0449
-5.04181
-5.03751
-5.03549
-5.03055
-5.02592
-5.02496
-5.01816
-5.01708
-5.01406
-5.01075
-5.00602
-5.00236
-4.99993
-4.99744
-4.99565
-4.988
-4.98702
-4.98434
-4.98003
-4.97653
-4.97427
-4.97311
-4.96465
-4.96122
-4.9599
-4.95638
-4.95407
-4.94372
-4.9416
-4.93927
-4.93261
-4.92941
-4.9246
-4.9227
-4.92032
-4.91276
-4.91103
-4.90322
-4.90189
-4.89915
-4.89346
-4.88832
-4.88534
-4.88431
-4.88099
-4.87386
-4.87205
-4.86348
-4.86122
-4.85973
-4.85764
-4.85367
-4.85107
-4.84718
-4.84282
-4.84163
-4.83384
-4.83201
-4.82698
-4.82163
-4.82015
-4.81798
-4.81097
-4.80959
-4.80517
-4.80336
-4.7969
-4.79302
-4.79014
-4.78758
-4.78545
-4.78539
-4.78337
-4.7753
-4.76866
-4.766
-4.75916
-4.75669
-4.75422
-4.75394
-4.7487
-4.74705
-4.74269
-4.73799
-4.73616
-4.73294
-4.7286
-4.72646
-4.72009
-4.71596
-4.71431
-4.71139
-4.70824
-4.70414
-4.7021
-4.70012
-4.69541
-4.69334
-4.69084
-4.68829
-4.68426
-4.68284
-4.67533
-4.6718
-4.67021
-4.66847
-4.66442
-4.66341
-4.65657
-4.65389
-4.65245
-4.64835
-4.64553
-4.63999
-4.63723
-4.63488
-4.63022
-4.62773
-4.62395
-4.62081
-4.61859
-4.61719
-4.61174
-4.61129
-4.60879
-4.60202
-4.59906
-4.59798
-4.59545
-4.59493
-4.58926
-4.58851
-4.58116
-4.57492
-4.57302
-4.56964
-4.56692
-4.56191
-4.55845
-4.5561
-4.55455
-4.55405
-4.54875
-4.54553
-4.54371
-4.53645
-4.5349
-4.53245
-4.52717
-4.52535
-4.52159
-4.52136
-4.51668
-4.5141
-4.51194
-4.50736
-4.50323
-4.49976
-4.49455
-4.49246
-4.48832
-4.48521
-4.4821
-4.47887
-4.47438
-4.47052
-4.46857
-4.46772
-4.46568
-4.46319
-4.45909
-4.45629
-4.4531
-4.45027
-4.44532
-4.44119
-4.44023
-4.43787
-4.43148
-4.43096
-4.4261
-4.42315
-4.42087
-4.41757
-4.41194
-4.40987
-4.40685
-4.40597
-4.40102
-4.39666
-4.39591
-4.39405
-4.39066
-4.38776
-4.38338
-4.38236
-4.37531
-4.37361
-4.37145
-4.36991
-4.36484
-4.36301
-4.3612
-4.35733
-4.35632
-4.35239
-4.35107
-4.34821
-4.34638
-4.34294
-4.34248
-4.33732
-4.3347
-4.33149
-4.32986
-4.32797
-4.32289
-4.32033
-4.31876
-4.31328
-4.31232
-4.3112
-4.30843
-4.30316
-4.29763
-4.29344
-4.29144
-4.28858
-4.28753
-4.28495
-4.28281
-4.27907
-4.27859
-4.27237
-4.26943
-4.26672
-4.26348
-4.2596
-4.25741
-4.25597
-4.25159
-4.24801
-4.24725
-4.24432
-4.24356
-4.24104
-4.23677
-4.23609
-4.22909
-4.22559
-4.22527
-4.22109
-4.21745
-4.216
-4.21395
-4.21135
-4.20397
-4.20251
-4.19998
-4.19719
-4.19484
-4.19308
-4.18686
-4.18641
-4.18073
-4.17865
-4.17485
-4.17273
-4.17046
-4.16972
-4.16594
-4.16339
-4.15801
-4.1571
-4.15504
-4.15084
-4.14876
-4.1471
-4.14579
-4.14391
-4.14205
-4.14019
-4.13795
-4.13587
-4.13246
-4.12844
-4.12538
-4.1251
-4.11933
-4.1161
-4.11299
-4.11023
-4.10755
-4.10595
-4.10474
-4.10265
-4.09794
-4.09363
-4.09104
-4.08737
-4.08472
-4.08329
-4.07941
-4.07716
-4.07473
-4.07005
-4.06864
-4.06475
-4.06272
-4.06146
-4.05723
-4.05618
-4.05022
-4.04981
-4.0472
-4.04273
-4.03971
-4.03899
-4.0368
-4.03359
-4.03265
-4.03014
-4.02573
-4.02392
-4.02111
-4.01912
-4.01771
-4.01573
-4.01357
-4.00957
-4.0061
-4.00446
-4.00114
-3.99929
-3.99523
-3.99214
-3.99074
-3.98514
-3.98191
-3.98014
-3.97846
-3.97419
-3.97253
-3.96809
-3.96651
-3.96196
-3.95786
-3.95507
-3.95347
-3.94984
-3.94836
-3.94566
-3.9447
-3.94301
-3.93798
-3.93667
-3.93487
-3.92919
-3.92812
-3.92326
-3.91814
-3.91746
-3.91627
-3.91333
-3.91027
-3.90624
-3.90258
-3.89894
-3.89714
-3.89319
-3.88931
-3.88741
-3.88446
-3.88117
-3.87732
-3.87441
-3.8734
-3.87114
-3.87062
-3.86644
-3.86278
-3.86116
-3.8608
-3.85788
-3.85497
-3.85274
-3.84992
-3.84907
-3.84522
-3.84204
-3.84078
-3.83677
-3.83553
-3.83085
-3.82773
-3.82596
-3.82487
-3.82108
-3.81658
-3.81305
-3.81127
-3.80922
-3.80759
-3.80211
-3.80185
-3.79783
-3.79283
-3.79129
-3.78932
-3.78831
-3.78344
-3.7828
-3.78071
-3.7784
-3.77737
-3.77441
-3.77134
-3.76828
-3.76756
-3.76523
-3.76265
-3.76101
-3.76054
-3.75284
-3.75013
-3.74742
-3.74605
-3.74251
-3.74134
-3.73778
-3.73312
-3.73306
-3.72966
-3.72816
-3.72267
-3.72184
-3.71925
-3.71676
-3.71287
-3.70923
-3.7072
-3.70506
-3.70233
-3.70007
-3.69369
-3.69225
-3.69159
-3.6876
-3.68548
-3.68238
-3.68006
-3.67692
-3.67528
-3.6729
-3.66795
-3.66739
-3.66541
-3.66266
-3.65895
-3.65572
-3.65161
-3.64995
-3.64669
-3.64308
-3.64099
-3.63983
-3.63414
-3.63197
-3.63093
-3.62918
-3.62303
-3.61994
-3.61765
-3.61343
-3.61141
-3.6076
-3.60577
-3.60246
-3.60051
-3.5992
-3.59768
-3.593
-3.58632
-3.58299
-3.58269
-3.57658
-3.5731
-3.57229
-3.57014
-3.56543
-3.56004
-3.55619
-3.55546
-3.55351
-3.55005
-3.54901
-3.54599
-3.54538
-3.53964
-3.53677
-3.53307
-3.52841
-3.52625
-3.52415
-3.5224
-3.51855
-3.51686
-3.51379
-3.50995
-3.50673
-3.50448
-3.50176
-3.49747
-3.49391
-3.49177
-3.49044
-3.48784
-3.48507
-3.48029
-3.47677
-3.47545
-3.47211
-3.47026
-3.46504
-3.46458
-3.46216
-3.46046
-3.45523
-3.45365
-3.45066
-3.44679
-3.44379
-3.44196
-3.44041
-3.43739
-3.43542
-3.43163
-3.4305
-3.42844
-3.4206
-3.41885
-3.41798
-3.41549
-3.41305
-3.40941
-3.40601
-3.40025
-3.39677
-3.39505
-3.39443
-3.39163
-3.38723
-3.38686
-3.38438
-3.37963
-3.37824
-3.37672
-3.37405
-3.37283
-3.36796
-3.36538
-3.36276
-3.36044
-3.35908
-3.3543
-3.35269
-3.34924
-3.34818
-3.34585
-3.3431
-3.34058
-3.33584
-3.33158
-3.32765
-3.3248
-3.32269
-3.31847
-3.31487
-3.31197
-3.31032
-3.30904
-3.30798
-3.30385
-3.29825
-3.2966
-3.2936
-3.28966
-3.28606
-3.28334
-3.28147
-3.27786
-3.27512
-3.2711
-3.27048
-3.26315
-3.26204
-3.25884
-3.25781
-3.25474
-3.25311
-3.24999
-3.24784
-3.24753
-3.24208
-3.24029
-3.23639
-3.23506
-3.23381
-3.23154
-3.22967
-3.22403
-3.22143
-3.2208
-3.21774
-3.2156
-3.20806
-3.20596
-3.20427
-3.20174
-3.20003
-3.19732
-3.1927
-3.19138
-3.18793
-3.18506
-3.18145
-3.17711
-3.17504
-3.17212
-3.1705
-3.16651
-3.16519
-3.16106
-3.15911
-3.15733
-3.15293
-3.15115
-3.14904
-3.14659
-3.14542
-3.14024
-3.13697
-3.1352
-3.13293
-3.13111
-3.12887
-3.1256
-3.12328
-3.12044
-3.11647
-3.11539
-3.11175
-3.11094
-3.11069
-3.10932
-3.10715
-3.10329
-3.09969
-3.09857
-3.09616
-3.09493
-3.08739
-3.08459
-3.08264
-3.08035
-3.07566
-3.0742
-3.06892
-3.06627
-3.0656
-3.06304
-3.05953
-3.05801
-3.05558
-3.05011
-3.04707
-3.04392
-3.04072
-3.03774
-3.03716
-3.03373
-3.03298
-3.02627
-3.02307
-3.02183
-3.02047
-3.01537
-3.01337
-3.01009
-3.00749
-3.00394
-3.00205
-2.99902
-2.99472
-2.99366
-2.9896
-2.98675
-2.97998
-2.97898
-2.97484
-2.97298
-2.96846
-2.96754
-2.96555
-2.96242
-2.96062
-2.95794
-2.95368
-2.95096
-2.94704
-2.9446
-2.9403
-2.9392
-2.93412
-2.9321
-2.93036
-2.92776
-2.9214
-2.9199
-2.91641
-2.91338
-2.91178
-2.90518
-2.90501
-2.9023
-2.90188
-2.89589
-2.89333
-2.89085
-2.88544
-2.88362
-2.88196
-2.87978
-2.8783
-2.87441
-2.87143
-2.86776
-2.86548
-2.86028
-2.85896
-2.85547
-2.85341
-2.84865
-2.84717
-2.84607
-2.84082
-2.83804
-2.83664
-2.83519
-2.82839
-2.82409
-2.82293
-2.8186
-2.8143
-2.81063
-2.80839
-2.80809
-2.80482
-2.80116
-2.79706
-2.79635
-2.79335
-2.79058
-2.78672
-2.78116
-2.78063
-2.77722
-2.77253
-2.7685
-2.76718
-2.76533
-2.76263
-2.75908
-2.75612
-2.75069
-2.74544
-2.74415
-2.73983
-2.73689
-2.73527
-2.73335
-2.73151
-2.72982
-2.7277
-2.72504
-2.72066
-2.71706
-2.71312
-2.70977
-2.70687
-2.70512
-2.69644
-2.69243
-2.68932
-2.68739
-2.68439
-2.68381
-2.6777
-2.6748
-2.67282
-2.66719
-2.66642
-2.66381
-2.66111
-2.65922
-2.65608
-2.65487
-2.65171
-2.65075
-2.6431
-2.64035
-2.63588
-2.63405
-2.63067
-2.62451
-2.62108
-2.61891
-2.61235
-2.60862
-2.6045
-2.59977
-2.59689
-2.59595
-2.59319
-2.59029
-2.58768
-2.58401
-2.58014
-2.5794
-2.57547
-2.57323
-2.56972
-2.565
-2.56248
-2.55898
-2.55473
-2.55258
-2.55061
-2.54579
-2.54103
-2.54009
-2.53827
-2.53371
-2.53138
-2.52762
-2.52386
-2.5211
-2.51681
-2.51489
-2.50945
-2.50651
-2.50364
-2.49982
-2.49793
-2.49699
-2.49184
-2.48892
-2.48562
-2.48306
-2.47881
-2.47698
-2.4746
-2.47309
-2.46975
-2.46875
-2.46207
-2.45845
-2.45451
-2.45219
-2.44904
-2.44279
-2.43915
-2.43654
-2.43195
-2.42992
-2.42695
-2.42409
-2.42088
-2.42073
-2.41381
-2.41011
-2.40724
-2.40555
-2.40402
-2.40181
-2.39878
-2.39659
-2.39359
-2.387
-2.38359
-2.38144
-2.37613
-2.37434
-2.37147
-2.37043
-2.36677
-2.36621
-2.36045
-2.35703
-2.35466
-2.35345
-2.35256
-2.34858
-2.34685
-2.34343
-2.34101
-2.33897
-2.33608
-2.33159
-2.32889
-2.32533
-2.324
-2.32138
-2.31904
-2.31596
-2.31323
-2.31168
-2.30844
-2.30596
-2.30519
-2.30179
-2.29798
-2.2941
-2.29074
-2.28922
-2.28659
-2.28514
-2.28282
-2.27981
-2.27625
-2.27517
-2.27049
-2.26999
-2.26843
-2.26392
-2.26124
-2.25405
-2.25344
-2.24933
-2.24752
-2.24467
-2.24078
-2.23845
-2.23635
-2.23484
-2.23229
-2.22791
-2.22549
-2.22339
-2.22215
-2.22008
-2.2175
-2.21637
-2.21139
-2.20962
-2.2078
-2.20498
-2.20138
-2.19736
-2.19247
-2.18775
-2.1875
-2.18393
-2.18352
-2.18074
-2.17655
-2.17347
-2.17248
-2.16948
-2.16648
-2.16453
-2.15981
-2.15621
-2.15432
-2.15153
-2.1498
-2.14764
-2.14226
-2.13908
-2.13741
-2.1346
-2.13223
-2.12564
-2.12496
-2.12009
-2.11784
-2.11027
-2.10809
-2.10414
-2.10094
-2.09814
-2.09722
-2.09415
-2.0918
-2.08725
-2.08502
-2.08195
-2.07868
-2.07731
-2.07235
-2.07028
-2.06951
-2.06661
-2.06531
-2.06004
-2.05541
-2.05312
-2.04884
-2.04634
-2.04495
-2.04187
-2.03811
-2.03692
-2.03331
-2.02975
-2.02824
-2.02468
-2.022
-2.01888
-2.01738
-2.01552
-2.01043
-2.00848
-2.00682
-1.99779
-1.99595
-1.99317
-1.98942
-1.98745
-1.98441
-1.97995
-1.97626
-1.97493
-1.97135
-1.96541
-1.96332
-1.96052
-1.9565
-1.95479
-1.9537
-1.94617
-1.94608
-1.94341
-1.9409
-1.93893
-1.9339
-1.93268
-1.92785
-1.92479
-1.92357
-1.92099
-1.91896
-1.91618
-1.91452
-1.90957
-1.90589
-1.9022
-1.90124
-1.89966
-1.8929
-1.89247
-1.88768
-1.886
-1.88057
-1.87902
-1.87653
-1.8735
-1.87032
-1.86862
-1.86689
-1.86552
-1.8638
-1.85967
-1.85775
-1.85136
-1.85036
-1.84775
-1.84457
-1.84247
-1.84037
-1.83444
-1.83091
-1.82896
-1.82771
-1.82689
-1.8196
-1.81901
-1.81527
-1.81467
-1.81293
-1.81095
-1.80957
-1.80495
-1.80338
-1.80144
-1.79717
-1.79468
-1.79063
-1.78938
-1.78421
-1.78131
-1.77996
-1.77746
-1.77336
-1.77164
-1.76876
-1.7666
-1.76456
-1.76096
-1.75781
-1.75527
-1.75413
-1.75241
-1.74835
-1.74752
-1.74442
-1.73821
-1.73675
-1.73334
-1.7325
-1.72634
-1.72387
-1.7197
-1.71925
-1.71521
-1.71248
-1.71096
-1.70753
-1.70599
-1.70259
-1.69958
-1.69591
-1.69463
-1.69268
-1.69086
-1.68586
-1.6839
-1.6795
-1.67844
-1.67622
-1.67212
-1.67037
-1.66907
-1.66656
-1.66308
-1.66234
-1.6566
-1.65592
-1.65411
-1.65154
-1.64481
-1.64284
-1.63975
-1.63586
-1.6342
-1.63151
-1.63134
-1.62514
-1.62409
-1.62138
-1.61898
-1.61425
-1.61282
-1.6096
-1.60833
-1.60428
-1.60148
-1.59687
-1.59578
-1.59494
-1.59244
-1.59009
-1.58737
-1.58463
-1.58239
-1.57849
-1.57516
-1.57246
-1.57076
-1.56775
-1.56348
-1.56202
-1.55988
-1.55806
-1.55624
-1.55211
-1.55022
-1.54571
-1.5436
-1.53885
-1.53651
-1.5351
-1.5334
-1.52925
-1.52467
-1.52222
-1.52099
-1.51815
-1.51613
-1.51402
-1.51018
-1.50781
-1.50513
-1.50209
-1.49988
-1.49747
-1.49361
-1.49222
-1.49001
-1.48845
-1.48733
-1.48255
-1.48089
-1.479
-1.47448
-1.47157
-1.46929
-1.46768
-1.46488
-1.46396
-1.46059
-1.45726
-1.45533
-1.4548
-1.45157
-1.44886
-1.44501
-1.4441
-1.43915
-1.43661
-1.43547
-1.43242
-1.42963
-1.42751
-1.42328
-1.42086
-1.41865
-1.41562
-1.41307
-1.41045
-1.4087
-1.40577
-1.40285
-1.39887
-1.39645
-1.39355
-1.39239
-1.38753
-1.38746
-1.38338
-1.38082
-1.38031
-1.37892
-1.37433
-1.37167
-1.36669
-1.365
-1.36346
-1.36115
-1.35933
-1.35567
-1.35367
-1.35231
-1.34906
-1.3471
-1.34495
-1.34222
-1.33897
-1.33686
-1.3341
-1.3311
-1.32993
-1.32507
-1.32362
-1.32087
-1.31911
-1.31469
-1.31409
-1.31317
-1.30957
-1.30843
-1.30218
-1.30157
-1.29736
-1.29651
-1.2933
-1.29053
-1.28827
-1.28431
-1.28375
-1.28231
-1.27888
-1.2765
-1.27412
-1.27214
-1.26953
-1.26762
-1.2656
-1.26336
-1.26042
-1.25798
-1.25635
-1.25303
-1.2515
-1.25077
-1.24756
-1.24422
-1.24047
-1.23702
-1.23272
-1.23216
-1.22954
-1.22748
-1.22529
-1.22416
-1.22139
-1.21513
-1.21439
-1.20843
-1.20366
-1.20191
-1.20069
-1.20019
-1.19853
-1.19402
-1.19152
-1.19048
-1.18575
-1.18451
-1.1814
-1.17983
-1.17742
-1.17509
-1.1729
-1.17198
-1.16786
-1.16732
-1.16559
-1.16327
-1.15954
-1.15885
-1.15342
-1.1473
-1.14602
-1.14465
-1.14134
-1.13733
-1.13551
-1.13286
-1.13143
-1.12825
-1.1267
-1.12502
-1.12324
-1.12039
-1.11784
-1.11444
-1.11036
-1.10792
-1.10726
-1.10414
-1.10143
-1.1003
-1.09655
-1.09458
-1.09129
-1.09041
-1.08764
-1.08513
-1.08157
-1.08096
-1.07686
-1.07559
-1.0732
-1.07231
-1.07125
-1.06696
-1.06436
-1.0593
-1.05653
-1.05278
-1.05122
-1.04591
-1.04502
-1.04366
-1.04114
-1.03861
-1.03343
-1.0313
-1.02877
-1.02705
-1.02518
-1.0224
-1.01773
-1.01557
-1.01385
-1.0102
-1.00807
-1.00542
-1.00254
-1.0014
-0.999035
-0.997475
-0.994173
-0.992419
-0.989122
-0.986603
-0.984338
-0.980389
-0.979242
-0.977478
-0.974391
-0.972018
-0.97056
-0.967141
-0.96677
-0.961988
-0.956434
-0.954148
-0.952747
-0.946988
-0.945514
-0.94419
-0.942403
-0.939194
-0.934493
-0.933018
-0.928633
-0.926602
-0.925468
-0.919827
-0.918313
-0.915052
-0.912418
-0.910579
-0.908553
-0.906177
-0.904582
-0.901276
-0.900711
-0.897545
-0.894017
-0.890909
-0.889389
-0.887854
-0.884672
-0.879889
-0.878324
-0.875149
-0.873925
-0.869634
-0.866376
-0.865079
-0.863803
-0.860173
-0.859644
-0.857062
-0.854048
-0.851438
-0.848899
-0.842905
-0.841909
-0.839975
-0.838985
-0.834388
-0.832291
-0.83038
-0.82923
-0.827968
-0.824945
-0.819161
-0.818115
-0.816693
-0.813702
-0.810877
-0.807556
-0.804023
-0.801334
-0.797719
-0.793866
-0.791604
-0.787078
-0.786499
-0.784937
-0.781652
-0.780768
-0.776944
-0.772906
-0.76991
-0.767466
-0.762977
-0.762011
-0.759607
-0.757629
-0.753674
-0.751115
-0.749645
-0.745762
-0.74441
-0.740649
-0.736818
-0.736608
-0.733998
-0.732536
-0.728649
-0.727963
-0.725036
-0.720831
-0.719821
-0.718453
-0.716569
-0.715311
-0.711669
-0.705607
-0.705035
-0.704473
-0.702211
-0.697644
-0.696907
-0.693446
-0.691211
-0.685379
-0.684038
-0.680893
-0.677323
-0.676515
-0.674016
-0.670862
-0.667433
-0.664341
-0.663701
-0.660179
-0.654905
-0.653903
-0.651736
-0.650167
-0.646242
-0.644425
-0.642354
-0.638661
-0.635832
-0.63424
-0.633343
-0.631769
-0.63014
-0.626405
-0.625248
-0.623317
-0.619245
-0.616912
-0.615065
-0.61289
-0.608665
-0.605743
-0.604516
-0.602409
-0.600097
-0.59832
-0.597018
-0.591586
-0.588035
-0.586185
-0.581866
-0.579291
-0.577064
-0.575507
-0.574044
-0.571804
-0.568196
-0.564275
-0.561675
-0.559631
-0.558186
-0.556649
-0.554675
-0.552878
-0.551365
-0.545759
-0.544802
-0.54015
-0.53745
-0.536755
-0.534358
-0.532723
-0.530385
-0.525104
-0.523597
-0.520692
-0.517694
-0.514902
-0.512408
-0.511577
-0.510521
-0.506262
-0.503693
-0.500783
-0.500212
-0.496641
-0.4945
-0.493398
-0.489226
-0.488065
-0.487015
-0.481344
-0.479429
-0.474958
-0.473211
-0.46869
-0.467841
-0.465127
-0.464428
-0.462438
-0.459751
-0.455309
-0.453922
-0.450979
-0.447565
-0.445904
-0.443519
-0.43934
-0.437753
-0.435669
-0.431065
-0.429473
-0.427941
-0.424366
-0.420461
-0.420125
-0.417773
-0.417035
-0.415077
-0.410812
-0.408115
-0.406942
-0.402858
-0.400123
-0.393768
-0.392422
-0.390375
-0.387271
-0.386318
-0.382511
-0.37954
-0.378573
-0.376023
-0.374423
-0.372833
-0.371033
-0.368857
-0.366878
-0.365577
-0.360834
-0.357276
-0.354614
-0.352075
-0.350517
-0.34885
-0.34706
-0.340068
-0.336323
-0.335723
-0.334458
-0.331377
-0.32782
-0.32633
-0.324675
-0.322324
-0.319789
-0.317624
-0.315734
-0.31244
-0.31123
-0.307945
-0.304493
-0.30174
-0.300203
-0.297763
-0.297441
-0.293769
-0.29187
-0.290315
-0.287993
-0.283951
-0.283003
-0.280724
-0.278606
-0.275771
-0.271574
-0.271043
-0.269815
-0.266081
-0.263516
-0.262579
-0.256549
-0.253612
-0.253168
-0.249815
-0.247729
-0.246225
-0.243962
-0.24034
-0.238632
-0.237342
-0.234654
-0.23399
-0.231744
-0.230658
-0.228095
-0.227306
-0.223308
-0.220713
-0.220175
-0.217807
-0.213843
-0.21321
-0.209804
-0.208616
-0.206684
-0.203308
-0.199981
-0.198782
-0.196287
-0.193621
-0.192298
-0.18975
-0.187781
-0.185135
-0.182884
-0.181391
-0.179355
-0.176325
-0.172135
-0.170523
-0.166867
-0.164826
-0.163806
-0.161857
-0.156858
-0.150122
-0.148605
-0.147161
-0.144522
-0.14294
-0.139831
-0.136818
-0.133257
-0.132552
-0.131566
-0.130446
-0.127257
-0.126589
-0.123124
-0.116769
-0.116144
-0.112737
-0.111431
-0.107478
-0.105019
-0.102887
-0.0999591
-0.0980781
-0.0968358
-0.0948408
-0.0915322
-0.0876238
-0.085666
-0.0846142
-0.0826394
-0.0801307
-0.0796219
-0.0729258
-0.0720155
-0.0689465
-0.0678448
-0.0647111
-0.0625412
-0.0605297
-0.0595215
-0.0569939
-0.0543301
-0.0527728
-0.0489112
-0.0468077
-0.044829
-0.0414069
-0.0372085
-0.036108
-0.0348367
-0.0308899
-0.0283811
-0.0263846
-0.0236004
-0.0208452
-0.0170867
-0.0140446
-0.00946645
-0.0083823
-0.00493846
-0.00287915
-0.00198931
0
0.000349816
0.00416551
0.00578298
0.0107889
0.0118785
0.0148367
0.0181028
0.0214829
0.0221131
0.0283395
0.0306577
0.0327223
0.0341831
0.0360792
0.0373178
0.0377682
0.0402324
0.042653
0.0460073
0.0494486
0.0496991
0.054131
0.0569722
0.0591843
0.0641331
0.0651401
0.0673673
0.0726097
0.0740061
0.0746413
0.0765045
0.078993
0.0796107
0.0823147
0.0862706
0.0872701
0.0915246
0.092396
0.0957601
0.0968338
0.100079
0.101976
0.104466
0.106603
0.11172
0.11552
0.117476
0.120789
0.12173
0.123851
0.126062
0.127874
0.130436
0.134505
0.135865
0.139581
0.14322
0.146255
0.146925
0.149516
0.15135
0.153209
0.157164
0.162034
0.164145
0.166414
0.167967
0.172136
0.175325
0.178148
0.178514
0.181264
0.184444
0.185303
0.18987
0.192367
0.193225
0.195907
0.197282
0.20361
0.205904
0.208017
0.208609
0.212205
0.215693
0.217893
0.220185
0.220864
0.225332
0.227373
0.228283
0.228702
0.235553
0.238019
0.239452
0.242415
0.244179
0.248519
0.253154
0.253674
0.258328
0.259655
0.261089
0.263691
0.269684
0.270204
0.272909
0.275311
0.278693
0.279374
0.279604
0.284269
0.285573
0.294179
0.297065
0.299497
0.30147
0.304368
0.306915
0.310002
0.312223
0.31337
0.317352
0.317756
0.322509
0.327163
0.328889
0.330172
0.333219
0.334445
0.337217
0.339921
0.340952
0.344323
0.347149
0.349923
0.35152
0.355334
0.357724
0.359191
0.362297
0.364292
0.366621
0.369987
0.371213
0.374154
0.377182
0.380766
0.383841
0.385893
0.389921
0.391606
0.396185
0.398859
0.401135
0.401857
0.409052
0.410223
0.415289
0.416082
0.417333
0.42167
0.423844
0.426716
0.430803
0.431219
0.434094
0.436331
0.440389
0.44281
0.447051
0.451101
0.451543
0.454418
0.457393
0.459565
0.462272
0.464239
0.468575
0.472228
0.474267
0.4754
0.477234
0.478498
0.481202
0.485155
0.486129
0.488952
0.492275
0.494377
0.499568
0.502768
0.503707
0.506113
0.509313
0.510475
0.516236
0.516926
0.519273
0.523216
0.52568
0.527713
0.529209
0.534738
0.538611
0.540853
0.54387
0.547205
0.549011
0.553723
0.556794
0.560571
0.561677
0.563929
0.565261
0.568877
0.571026
0.572804
0.575634
0.578488
0.581564
0.581866
0.583504
0.585747
0.58921
0.593971
0.595549
0.5975
0.601644
0.604194
0.606904
0.608021
0.612661
0.613677
0.618992
0.621789
0.623253
0.624965
0.627389
0.631813
0.632555
0.637057
0.637639
0.639291
0.642681
0.646776
0.648843
0.649016
0.651311
0.653682
0.657058
0.662458
0.663267
0.665889
0.667046
0.671546
0.672987
0.675236
0.679333
0.682441
0.68759
0.689728
0.691499
0.6953
0.697441
0.701112
0.703085
0.705329
0.709873
0.710996
0.712921
0.71393
0.720674
0.722713
0.723205
0.724951
0.730453
0.73243
0.735905
0.736355
0.742553
0.74336
0.745095
0.74646
0.750293
0.755665
0.757016
0.757561
0.759391
0.764391
0.765842
0.769154
0.769985
0.772506
0.774734
0.77859
0.781997
0.785589
0.787596
0.78809
0.794197
0.795869
0.797185
0.797303
0.799745
0.803608
0.805766
0.808114
0.811619
0.813119
0.818449
0.820461
0.823347
0.825324
0.828992
0.829995
0.833469
0.838346
0.840056
0.843245
0.845883
0.849406
0.850482
0.853759
0.855653
0.859785
0.861065
0.863962
0.867846
0.869992
0.870885
0.874567
0.878059
0.880328
0.887202
0.887704
0.892157
0.896471
0.899493
0.90108
0.903746
0.905582
0.90682
0.911359
0.913802
0.914744
0.917786
0.921965
0.923889
0.927336
0.930424
0.932204
0.933871
0.938115
0.940002
0.945027
0.945768
0.947555
0.949485
0.953887
0.955512
0.962129
0.963493
0.9659
0.967588
0.971738
0.976479
0.978409
0.979639
0.981887
0.984755
0.986523
0.989489
0.991901
0.995121
0.996757
0.998263
1.003
1.0055
1.00921
1.01364
1.01611
1.01842
1.02104
1.02544
1.0264
1.02721
1.02888
1.03006
1.03553
1.03675
1.03949
1.04457
1.04638
1.05291
1.05343
1.05435
1.05929
1.0626
1.06386
1.06561
1.06972
1.07327
1.07523
1.07733
1.08058
1.08247
1.08424
1.08983
1.09189
1.09396
1.09624
1.10204
1.10213
1.10539
1.10874
1.11063
1.11232
1.11526
1.1158
1.11859
1.11907
1.12232
1.12484
1.12622
1.12822
1.13362
1.13599
1.13775
1.13942
1.14504
1.14686
1.14843
1.14943
1.15311
1.15482
1.15879
1.16138
1.16444
1.16493
1.16708
1.17022
1.17031
1.174
1.17603
1.17879
1.18079
1.18456
1.18487
1.18737
1.18921
1.19428
1.19668
1.20039
1.20325
1.20583
1.20926
1.21147
1.21266
1.21608
1.2163
1.22138
1.22358
1.22679
1.22696
1.23198
1.23259
1.23441
1.23819
1.24066
1.24175
1.24905
1.25015
1.25086
1.25485
1.25595
1.25885
1.26105
1.26443
1.2666
1.26798
1.2716
1.27487
1.27693
1.28
1.28217
1.28409
1.28714
1.2889
1.29398
1.29559
1.29688
1.30037
1.30063
1.30454
1.30988
1.31087
1.31565
1.31823
1.31974
1.32111
1.32454
1.32611
1.32793
1.33055
1.33134
1.33332
1.33687
1.3393
1.34268
1.34827
1.34917
1.35038
1.35209
1.35431
1.35993
1.3612
1.3635
1.36705
1.3683
1.37064
1.37656
1.38093
1.38177
1.38319
1.38563
1.38616
1.3915
1.39391
1.39735
1.39971
1.40229
1.4044
1.40847
1.41206
1.41334
1.41677
1.41795
1.41999
1.42295
1.42526
1.4274
1.42943
1.4302
1.43396
1.43684
1.44129
1.44506
1.44639
1.4493
1.45112
1.45254
1.45352
1.45844
1.46112
1.46256
1.46551
1.46814
1.47021
1.47272
1.47354
1.47737
1.47873
1.47978
1.48111
1.48643
1.48859
1.49003
1.493
1.49468
1.50141
1.50242
1.50601
1.50624
1.50864
1.50924
1.51412
1.51854
1.52087
1.52173
1.52435
1.52772
1.52975
1.53354
1.53577
1.53877
1.54151
1.54669
1.54738
1.55047
1.55155
1.55696
1.55823
1.56016
1.5604
1.56121
1.56473
1.56967
1.57147
1.57379
1.57766
1.5812
1.58432
1.58562
1.58761
1.5895
1.591
1.59309
1.59611
1.60062
1.60173
1.60883
1.61082
1.61307
1.61443
1.61776
1.61934
1.62262
1.6233
1.62446
1.62846
1.63077
1.63259
1.63491
1.63526
1.63944
1.64362
1.64412
1.64937
1.65176
1.65367
1.65528
1.65695
1.66084
1.66199
1.66496
1.66687
1.66813
1.67398
1.6756
1.67728
1.67979
1.68106
1.68721
1.68927
1.69045
1.69514
1.69558
1.69866
1.70009
1.70252
1.70414
1.7069
1.70755
1.71163
1.71485
1.71627
1.72005
1.7205
1.72193
1.7257
1.7271
1.72987
1.73388
1.73595
1.73809
1.73895
1.74156
1.74373
1.74704
1.75078
1.7532
1.75895
1.76024
1.76047
1.76441
1.7664
1.76818
1.77124
1.77368
1.77501
1.77636
1.77873
1.78497
1.7876
1.78773
1.79126
1.79359
1.79887
1.79977
1.80341
1.80502
1.80812
1.81017
1.81165
1.8151
1.81641
1.82008
1.8204
1.82259
1.82413
1.8254
1.82807
1.83148
1.83247
1.83665
1.84058
1.84387
1.84476
1.84789
1.85059
1.85451
1.85576
1.85856
1.86111
1.86178
1.86707
1.86764
1.87227
1.87345
1.87555
1.87664
1.87757
1.88243
1.88315
1.88508
1.88809
1.88871
1.89019
1.89439
1.89673
1.90048
1.90359
1.90757
1.90983
1.91045
1.91221
1.91449
1.91785
1.91852
1.92194
1.92379
1.92625
1.92929
1.93167
1.93409
1.93592
1.93943
1.94226
1.94343
1.94669
1.94912
1.95089
1.95316
1.95445
1.95669
1.9576
1.96346
1.96503
1.96666
1.96814
1.96964
1.97157
1.97523
1.97986
1.98058
1.98317
1.98866
1.99202
1.99283
1.9936
1.99703
1.99924
2.00238
2.0041
2.00618
2.00753
2.01273
2.01463
2.01611
2.01858
2.02077
2.02365
2.0257
2.02602
2.0282
2.03431
2.03601
2.0377
2.04084
2.04285
2.04627
2.04766
2.05086
2.05202
2.05291
2.05508
2.05872
2.06207
2.06335
2.06515
2.06985
2.0709
2.07404
2.07484
2.07833
2.07963
2.08332
2.08463
2.0887
2.09193
2.09472
2.09782
2.0993
2.10196
2.10354
2.10401
2.10595
2.11012
2.11034
2.11473
2.11679
2.11895
2.12029
2.12207
2.12437
2.12969
2.13136
2.1357
2.13716
2.13918
2.14023
2.14239
2.14366
2.14693
2.14814
2.15184
2.15278
2.15588
2.15913
2.16375
2.16503
2.16608
2.16918
2.17109
2.17709
2.17805
2.17949
2.18258
2.18576
2.18597
2.18772
2.19299
2.19833
2.19943
2.20314
2.20469
2.20621
2.20769
2.21035
2.21525
2.21722
2.21753
2.22129
2.22288
2.22682
2.2296
2.2311
2.23377
2.23507
2.23789
2.23885
2.24069
2.24258
2.24494
2.24913
2.25474
2.25679
2.25871
2.26229
2.26284
2.26669
2.26706
2.27087
2.27382
2.27485
2.27902
2.28058
2.28233
2.28402
2.28913
2.29199
2.29461
2.29606
2.29793
2.30257
2.30521
2.30831
2.30896
2.31378
2.31554
2.31802
2.31994
2.32251
2.32543
2.3277
2.33117
2.33282
2.33405
2.33588
2.34013
2.34087
2.34377
2.34743
2.34987
2.35099
2.35359
2.35623
2.35673
2.35758
2.36201
2.36786
2.36877
2.37006
2.37564
2.37708
2.37814
2.38025
2.38461
2.38644
2.38791
2.39028
2.39263
2.39722
2.40015
2.40183
2.40547
2.40795
2.40991
2.41092
2.41709
2.41833
2.42171
2.42385
2.42642
2.42748
2.42992
2.4348
2.43606
2.43737
2.43881
2.44082
2.44304
2.44528
2.44754
2.45186
2.45211
2.45498
2.45685
2.46009
2.46127
2.46513
2.4706
2.47099
2.47246
2.47645
2.47987
2.48102
2.48233
2.4838
2.48788
2.49017
2.4905
2.49288
2.4958
2.49836
2.49921
2.50153
2.50382
2.50601
2.50946
2.51191
2.5145
2.51673
2.51791
2.52212
2.52252
2.52407
2.52856
2.53041
2.532
2.53361
2.53822
2.5385
2.5421
2.54488
2.54762
2.54986
2.55232
2.55478
2.55754
2.55818
2.56022
2.56393
2.56662
2.56884
2.57035
2.57381
2.57509
2.57742
2.57949
2.58312
2.5859
2.59047
2.5907
2.5936
2.59493
2.59771
2.60084
2.60193
2.60328
2.60615
2.6068
2.6106
2.61358
2.61891
2.61914
2.62061
2.6212
2.623
2.62662
2.62821
2.63091
2.63213
2.63259
2.63886
2.64007
2.6426
2.64528
2.64808
2.65014
2.65339
2.65683
2.65855
2.6595
2.66061
2.66501
2.66956
2.67218
2.6772
2.67946
2.67993
2.68312
2.68428
2.68468
2.6875
2.69016
2.69292
2.69424
2.69596
2.69762
2.69919
2.70142
2.70321
2.70422
2.70775
2.70926
2.71064
2.71302
2.71561
2.71633
2.71936
2.72224
2.72392
2.72872
2.73123
2.73626
2.7373
2.74018
2.74195
2.74446
2.74561
2.74759
2.74996
2.75299
2.75532
2.75934
2.76106
2.76257
2.76357
2.76449
2.77035
2.77378
2.77503
2.77655
2.77909
2.78244
2.78283
2.78539
2.78936
2.79325
2.79402
2.79646
2.79816
2.80068
2.80203
2.80573
2.80934
2.81173
2.81425
2.81626
2.82072
2.8226
2.82409
2.82629
2.82733
2.82903
2.83077
2.83414
2.83817
2.84
2.84147
2.8435
2.84654
2.85066
2.85256
2.85341
2.8569
2.85932
2.86311
2.86435
2.86816
2.87001
2.87105
2.87342
2.87622
2.87666
2.88068
2.88337
2.88434
2.88928
2.89222
2.89412
2.89602
2.90027
2.90179
2.90379
2.90706
2.90839
2.90985
2.91056
2.91299
2.91483
2.91687
2.92045
2.92246
2.92852
2.92876
2.93115
2.93308
2.9348
2.93564
2.93718
2.93912
2.94344
2.94485
2.9469
2.94955
2.95371
2.95438
2.95537
2.96255
2.96288
2.96535
2.96677
2.97037
2.97313
2.97375
2.9773
2.97975
2.98033
2.98281
2.98409
2.98792
2.98997
2.99088
2.99259
2.99866
2.99932
3.00155
3.00281
3.00594
3.00888
3.01256
3.01632
3.01836
3.02013
3.02184
3.02358
3.02562
3.02986
3.03136
3.03243
3.03529
3.04073
3.04253
3.04639
3.04905
3.05015
3.05365
3.05432
3.05717
3.05902
3.06586
3.07009
3.07039
3.07229
3.07448
3.07586
3.07716
3.07955
3.08226
3.0834
3.08484
3.0882
3.08931
3.09075
3.09183
3.09594
3.09958
3.10301
3.1044
3.10613
3.11105
3.11289
3.11428
3.11508
3.11991
3.12147
3.12571
3.12708
3.13045
3.13159
3.13662
3.13829
3.14044
3.14378
3.14627
3.14676
3.14752
3.15268
3.15518
3.15615
3.15996
3.16323
3.16435
3.16514
3.16725
3.17153
3.17313
3.17459
3.17592
3.17926
3.17998
3.18517
3.18543
3.18997
3.19423
3.19851
3.19983
3.20048
3.20122
3.20653
3.20856
3.20968
3.21223
3.21539
3.21729
3.2202
3.22058
3.22537
3.22855
3.2297
3.23147
3.23372
3.23672
3.23947
3.24206
3.24352
3.24608
3.25008
3.25227
3.2547
3.2574
3.25923
3.26183
3.26504
3.26773
3.27183
3.27367
3.27476
3.2751
3.27798
3.2812
3.28173
3.28499
3.28608
3.29019
3.29292
3.2965
3.29839
3.30101
3.30313
3.30504
3.30756
3.30944
3.31122
3.31421
3.3153
3.31693
3.31934
3.32287
3.32364
3.32878
3.33086
3.33212
3.33474
3.33668
3.3415
3.34393
3.34536
3.34882
3.35288
3.35356
3.35424
3.35723
3.35971
3.36256
3.36447
3.36631
3.36803
3.36924
3.37624
3.37729
3.37803
3.37962
3.38109
3.38242
3.38795
3.39046
3.39218
3.39341
3.39754
3.40113
3.40212
3.40352
3.40448
3.40601
3.41131
3.4128
3.41472
3.41791
3.42053
3.42303
3.42529
3.42659
3.42965
3.43274
3.43538
3.43767
3.44024
3.44066
3.44268
3.44752
3.44924
3.45383
3.45436
3.45622
3.4597
3.46168
3.46328
3.46767
3.46855
3.47139
3.47324
3.47712
3.47787
3.48133
3.48159
3.48572
3.48719
3.4895
3.49358
3.49757
3.50066
3.50365
3.50498
3.50716
3.50935
3.51116
3.5148
3.51765
3.51826
3.52266
3.52351
3.52637
3.52706
3.53163
3.53525
3.53696
3.53914
3.54196
3.54354
3.54822
3.5511
3.5529
3.55327
3.55606
3.56225
3.56377
3.56477
3.56747
3.56872
3.57048
3.57501
3.57582
3.57878
3.58189
3.58436
3.58605
3.59255
3.595
3.59706
3.59993
3.60076
3.60219
3.60668
3.60907
3.61072
3.61228
3.61377
3.61618
3.62194
3.62311
3.62816
3.631
3.63459
3.63691
3.64009
3.64319
3.64728
3.6492
3.65123
3.65435
3.65645
3.65778
3.66269
3.66434
3.66694
3.66915
3.67209
3.6735
3.67642
3.67857
3.68312
3.68538
3.68776
3.68932
3.69168
3.69347
3.69857
3.7004
3.70113
3.70398
3.70761
3.71189
3.71331
3.71417
3.71739
3.72277
3.72397
3.7275
3.72868
3.73199
3.73472
3.7368
3.73781
3.74198
3.74251
3.74579
3.74877
3.75038
3.75707
3.75855
3.76045
3.76384
3.76444
3.76892
3.7743
3.77585
3.77657
3.78065
3.78408
3.78482
3.78647
3.7892
3.79112
3.79666
3.79938
3.80046
3.80181
3.80455
3.80866
3.81148
3.81347
3.816
3.81906
3.82295
3.82526
3.82597
3.83035
3.83221
3.83504
3.83748
3.83962
3.84157
3.84435
3.84571
3.84923
3.85145
3.85794
3.85978
3.86215
3.86476
3.86731
3.86811
3.87215
3.87469
3.87589
3.87919
3.88238
3.88675
3.88904
3.88942
3.893
3.89331
3.89603
3.8983
3.90128
3.90481
3.90722
3.90808
3.91354
3.91568
3.91633
3.91857
3.92278
3.92439
3.92824
3.92909
3.93211
3.93516
3.93575
3.93889
3.94397
3.94663
3.94971
3.9531
3.95662
3.95759
3.96029
3.96711
3.96844
3.97045
3.97106
3.9735
3.97665
3.98033
3.98419
3.98478
3.98568
3.99098
3.99457
3.99683
3.99789
4.0012
4.00192
4.0053
4.00836
4.0151
4.01755
4.02105
4.02476
4.02605
4.02873
4.03056
4.0341
4.0355
4.03681
4.04118
4.04233
4.0453
4.04888
4.05213
4.05474
4.05846
4.05927
4.06544
4.06547
4.06706
4.06979
4.0719
4.07247
4.07644
4.0798
4.08285
4.08775
4.08976
4.092
4.09482
4.09639
4.09791
4.10043
4.10616
4.10814
4.10969
4.11192
4.11577
4.11689
4.11841
4.12056
4.12234
4.12607
4.12865
4.1297
4.1346
4.13724
4.14007
4.14349
4.14599
4.1485
4.15164
4.15548
4.15773
4.16004
4.16084
4.16274
4.16445
4.16993
4.17238
4.17605
4.17991
4.18264
4.18519
4.18594
4.18885
4.19109
4.1928
4.19565
4.1973
4.2012
4.20441
4.2078
4.21227
4.21238
4.21459
4.21849
4.21965
4.2217
4.22339
4.22587
4.22793
4.23052
4.23121
4.23246
4.23952
4.2404
4.24361
4.24787
4.24822
4.25031
4.25363
4.25755
4.26042
4.2614
4.26338
4.26599
4.27022
4.2717
4.27544
4.2797
4.28064
4.28496
4.28662
4.28711
4.29154
4.29675
4.29785
4.30097
4.30331
4.30467
4.30845
4.31027
4.31625
4.31689
4.31921
4.32126
4.3229
4.32533
4.329
4.33087
4.33391
4.33487
4.33761
4.33995
4.3419
4.34438
4.34625
4.35163
4.35176
4.35394
4.3564
4.35813
4.36272
4.36385
4.36615
4.37067
4.3715
4.37519
4.37739
4.3784
4.3828
4.38446
4.38672
4.38798
4.38931
4.39224
4.39404
4.39921
4.4029
4.40521
4.40818
4.41166
4.41247
4.41526
4.41727
4.41848
4.42072
4.42742
4.43073
4.43441
4.43589
4.43696
4.4396
4.44496
4.44605
4.44699
4.45204
4.45446
4.45597
4.45828
4.46014
4.46215
4.46435
4.46878
4.47047
4.47421
4.47675
4.47844
4.4826
4.4842
4.4869
4.4899
4.49333
4.49495
4.4966
4.50206
4.50302
4.50718
4.50784
4.51011
4.51522
4.51717
4.52136
4.5219
4.52443
4.52714
4.53293
4.53375
4.53731
4.54033
4.54144
4.545
4.54671
4.55248
4.55566
4.5578
4.5601
4.56592
4.56698
4.57001
4.57312
4.57469
4.57744
4.58114
4.58277
4.5839
4.58595
4.5881
4.59099
4.59346
4.59668
4.60078
4.60409
4.60459
4.61052
4.61268
4.61795
4.61834
4.61961
4.62134
4.62489
4.62912
4.63052
4.63303
4.63407
4.64035
4.64183
4.6442
4.64675
4.6483
4.65051
4.6507
4.65891
4.66206
4.66414
4.66577
4.67011
4.67278
4.6746
4.67751
4.68018
4.68106
4.68241
4.6867
4.68792
4.6899
4.69134
4.69487
4.69759
4.70082
4.70335
4.70682
4.70818
4.71196
4.71502
4.71698
4.71846
4.71987
4.72343
4.72622
4.72927
4.73375
4.73586
4.73705
4.74061
4.74585
4.74656
4.74905
4.75094
4.75693
4.75808
4.76005
4.76266
4.76733
4.76963
4.77501
4.77624
4.77794
4.78098
4.78296
4.78491
4.78961
4.79181
4.79538
4.79679
4.79923
4.80133
4.80557
4.80738
4.8076
4.81373
4.81596
4.81781
4.82006
4.82111
4.82855
4.82978
4.8306
4.83626
4.83786
4.83893
4.84319
4.8451
4.84897
4.84955
4.85056
4.85329
4.85832
4.85929
4.8607
4.86537
4.8674
4.87121
4.87265
4.87502
4.8794
4.88024
4.88133
4.88528
4.88634
4.88694
4.89209
4.89455
4.89589
4.8979
4.90056
4.90565
4.90576
4.91149
4.91359
4.91572
4.92133
4.92238
4.92312
4.92811
4.92913
4.9324
4.93334
4.93507
4.94011
4.94173
4.94514
4.94852
4.95016
4.95274
4.95528
4.95792
4.9621
4.96481
4.9657
4.96832
4.97271
4.9741
4.97977
4.983
4.98507
4.98718
4.98999
4.9917
4.99241
4.99456
4.99771
4.99879
5.00355
5.0069
5.00822
5.0096
5.01237
5.01545
5.01825
5.0211
5.02359
5.02446
5.02719
5.02937
5.03102
5.03574
5.03797
5.04042
5.04703
5.04794
5.04858
5.05019
5.0535
5.05694
5.06233
5.06466
5.06633
5.06881
5.06988
5.07214
5.07916
5.08275
5.0853
5.08587
5.08883
5.09671
5.09821
5.09999
5.10313
5.10688
5.10804
5.10924
5.11107
5.11307
5.11745
5.12225
5.12468
5.12625
5.12911
5.13149
5.13524
5.13848
5.13904
5.13995
5.14502
5.14605
5.14904
5.15057
5.15427
5.15702
5.15849
5.16041
5.16151
5.16846
5.17022
5.17247
5.17323
5.17924
5.18385
5.18539
5.18842
5.18908
5.19125
5.1951
5.19756
5.20202
5.20222
5.20523
5.2064
5.2108
5.21541
5.21676
5.21906
5.22007
5.22376
5.22759
5.22842
5.23241
5.23659
5.23885
5.24258
5.24513
5.24628
5.24794
5.25536
5.2573
5.25784
5.26013
5.26304
5.2654
5.2686
5.27156
5.27445
5.27548
5.27762
5.28106
5.28367
5.28779
5.29226
5.29297
5.29704
5.29726
5.30131
5.30371
5.30729
5.30978
5.31114
5.314
5.31589
5.31825
5.31955
5.32029
5.32683
5.32827
5.33201
5.334
5.33479
5.33959
5.34114
5.34438
5.34745
5.34957
5.35265
5.35677
5.35724
5.35884
5.36492
5.36843
5.36909
5.37295
5.37705
5.38015
5.3826
5.38624
5.38688
5.39002
5.39124
5.39345
5.39579
5.40009
5.40346
5.40439
5.4099
5.4137
5.41498
5.41638
5.42063
5.42341
5.42499
5.42655
5.42974
5.43064
5.43414
5.43758
5.43911
5.44217
5.44304
5.44805
5.45052
5.45287
5.45572
5.45711
5.45875
5.46175
5.46407
5.46563
5.46807
5.47178
5.47632
5.47775
5.48099
5.48327
5.48499
5.49058
5.4926
5.49483
5.50032
5.5042
5.5055
5.50698
5.50712
5.50988
5.51381
5.5161
5.51808
5.52126
5.52413
5.52797
5.5287
5.53182
5.53403
5.53758
5.53913
5.54186
5.54391
5.54762
5.54938
5.55026
5.55461
5.55614
5.5602
5.56078
5.56475
5.56758
5.56943
5.57109
5.57397
5.57767
5.58089
5.5826
5.58429
5.58798
5.58935
5.59349
5.59499
5.59639
5.60239
5.60387
5.60698
5.60837
5.6123
5.61714
5.61863
5.61972
5.62148
5.62461
5.62803
5.63165
5.63213
5.6351
5.63768
5.63942
5.64569
5.64659
5.65261
5.6539
5.65727
5.66191
5.66263
5.66625
5.6674
5.67139
5.67249
5.67595
5.67939
5.68211
5.68323
5.69019
5.692
5.69222
5.69695
5.69814
5.70437
5.70545
5.70639
5.70708
5.71054
5.71419
5.7165
5.71883
5.72091
5.72526
5.72721
5.72862
5.73324
5.73448
5.73529
5.73976
5.74145
5.74603
5.74806
5.75278
5.75355
5.75684
5.75992
5.76227
5.76415
5.7661
5.76816
5.77066
5.77466
5.77674
5.77743
5.78209
5.78353
5.78773
5.78852
5.7908
5.79695
5.79837
5.79875
5.80293
5.80649
5.81014
5.81107
5.8173
5.81818
5.82053
5.82388
5.82642
5.82975
5.83066
5.83343
5.83409
5.83722
5.83895
5.84718
5.84822
5.84962
5.85081
5.85534
5.85807
5.85955
5.86056
5.86396
5.86552
5.86858
5.872
5.87347
5.87472
5.87933
5.88051
5.8821
5.88657
5.89001
5.89116
5.89246
5.89624
5.89747
5.90051
5.90419
5.90596
5.90839
5.90999
5.91207
5.91646
5.91786
5.91843
5.92057
5.92493
5.92737
5.93091
5.934
5.93754
5.93901
5.94096
5.94333
5.94501
5.94635
5.95295
5.95525
5.95839
5.96037
5.96202
5.9656
5.96886
5.96914
5.97249
5.97348
5.97536
5.9795
5.98068
5.98893
5.99136
5.99191
5.99471
5.99793
5.99851
6.00258
6.00501
6.00562
6.00756
6.01139
6.01181
6.01448
6.01724
6.01999
6.02336
6.02429
6.02674
6.02908
6.03103
6.03367
6.03645
6.03847
6.04042
6.04286
6.04527
6.05046
6.05153
6.05329
6.05676
6.05985
6.0622
6.06488
6.06527
6.06741
6.06992
6.07341
6.07511
6.08147
6.0819
6.08336
6.08397
6.0925
6.09345
6.09363
6.09657
6.10075
6.10485
6.10635
6.10797
6.11039
6.11412
6.11491
6.11861
6.12245
6.12337
6.12813
6.12968
6.13125
6.13429
6.13842
6.14197
6.14517
6.15101
6.15298
6.15464
6.15715
6.16127
6.16571
6.16733
6.16835
6.16915
6.17015
6.17461
6.1776
6.17939
6.18036
6.18177
6.18684
6.18851
6.18955
6.19624
6.19778
6.19848
6.20109
6.20296
6.20505
6.20872
6.21069
6.21271
6.21739
6.21773
6.22127
6.22318
6.22432
6.22697
6.23026
6.2321
6.2339
6.23952
6.24055
6.24447
6.24612
6.24963
6.25159
6.25375
6.2569
6.25772
6.25954
6.2659
6.26605
6.26875
6.27311
6.27421
6.27745
6.28001
6.28241
6.28665
6.28799
6.29194
6.29246
6.29729
6.29824
6.30114
6.30414
6.3086
6.30989
6.31423
6.31543
6.31823
6.3203
6.32593
6.32648
6.32862
6.3319
6.33695
6.33928
6.34079
6.34205
6.34495
6.34925
6.3532
6.35476
6.35915
6.36103
6.36207
6.36451
6.36756
6.37147
6.37355
6.37642
6.37843
6.38318
6.384
6.38854
6.39149
6.39304
6.39779
6.40025
6.40386
6.40662
6.40947
6.41311
6.41458
6.41657
6.41983
6.42059
6.42286
6.42518
6.42684
6.42888
6.43287
6.43923
6.44291
6.44458
6.44692
6.44809
6.4534
6.45556
6.45702
6.45833
6.46188
6.46271
6.46661
6.46886
6.47215
6.47726
6.47919
6.48153
6.48391
6.48864
6.49018
6.49178
6.49498
6.49821
6.50013
6.50273
6.50417
6.50616
6.51169
6.5148
6.51664
6.51736
6.52028
6.52371
6.52694
6.52974
6.53192
6.53452
6.53601
6.53959
6.54493
6.54603
6.54802
6.55144
6.55266
6.55615
6.55752
6.5602
6.56291
6.56541
6.56838
6.57275
6.57413
6.57713
6.57986
6.58556
6.58767
6.59114
6.59383
6.59669
6.59933
6.60186
6.60478
6.60794
6.60996
6.61164
6.61366
6.61956
6.62031
6.62273
6.62471
6.62697
6.63039
6.63255
6.63373
6.6365
6.63923
6.64203
6.64464
6.64769
6.64964
6.65086
6.65468
6.65573
6.65836
6.66017
6.66205
6.66361
6.66798
6.67328
6.67413
6.67663
6.67921
6.68184
6.68266
6.68564
6.68776
6.68941
6.69202
6.69619
6.70001
6.70041
6.70072
6.70353
6.70518
6.70814
6.71142
6.71278
6.71589
6.71984
6.72091
6.72335
6.72696
6.72788
6.73032
6.73355
6.73544
6.73886
6.74053
6.74306
6.74346
6.74752
6.74982
6.7536
6.75705
6.76053
6.76403
6.76507
6.76692
6.76977
6.77195
6.77511
6.77585
6.77704
6.78055
6.78618
6.78709
6.79042
6.79236
6.79442
6.79856
6.79944
6.80205
6.80477
6.80601
6.80872
6.81058
6.81342
6.81514
6.81902
6.8202
6.82246
6.82831
6.83012
6.83122
6.83318
6.83468
6.83654
6.84002
6.8424
6.84402
6.84706
6.85233
6.85296
6.8549
6.85852
6.86122
6.86182
6.86513
6.86608
6.87028
6.87355
6.87741
6.8811
6.88149
6.88411
6.88576
6.88931
6.8904
6.89315
6.89571
6.8999
6.9004
6.90221
6.90633
6.90841
6.91043
6.9143
6.91476
6.91614
6.92043
6.9208
6.92405
6.9259
6.92909
6.9327
6.93301
6.93874
6.94016
6.94543
6.94655
6.95128
6.95321
6.95537
6.95847
6.96263
6.96327
6.96464
6.96848
6.9687
6.96955
6.97252
6.9766
6.97953
6.98296
6.9867
6.98764
6.99074
6.99439
6.99653
6.99755
6.99959
7.00487
7.00576
7.00631
7.00932
7.01362
7.01688
7.0193
7.0224
7.02403
7.02665
7.03288
7.03446
7.03512
7.03889
7.04466
7.04665
7.04947
7.05001
7.05255
7.05431
7.05993
7.06629
7.06716
7.06881
7.07012
7.07278
7.07384
7.08078
7.08295
7.08616
7.08973
7.0915
7.09624
7.09654
7.10131
7.10272
7.10316
7.10632
7.11107
7.11324
7.11572
7.11687
7.12276
7.12438
7.12595
7.13023
7.13091
7.13516
7.13681
7.14023
7.14306
7.14478
7.14741
7.15145
7.15363
7.15847
7.15893
7.16088
7.16541
7.16859
7.17235
7.17531
7.17794
7.18155
7.18338
7.18565
7.19009
7.19036
7.1924
7.19464
7.19968
7.20001
7.20291
7.20585
7.20772
7.20945
7.21287
7.21371
7.21577
7.21901
7.2277
7.23099
7.23164
7.23439
7.23599
7.2369
7.24087
7.2426
7.24472
7.24867
7.25179
7.25229
7.2562
7.25725
7.26064
7.2635
7.26675
7.26871
7.27277
7.27458
7.27648
7.27836
7.28288
7.28362
7.28716
7.28864
7.29263
7.29444
7.29727
7.30134
7.30261
7.30685
7.30937
7.31082
7.3147
7.31829
7.31915
7.3218
7.32248
7.32975
7.3316
7.33229
7.33697
7.33773
7.34154
7.34401
7.34589
7.34749
7.34971
7.3543
7.35776
7.36071
7.36267
7.36464
7.36779
7.36994
7.37296
7.37424
7.37751
7.38363
7.38484
7.38765
7.38905
7.39407
7.39654
7.39928
7.40139
7.41001
7.41101
7.41431
7.4158
7.41789
7.42141
7.42516
7.42737
7.4317
7.43453
7.43774
7.4404
7.44257
7.44505
7.45003
7.45131
7.45321
7.45589
7.45646
7.46068
7.46702
7.47105
7.4747
7.47588
7.47642
7.47892
7.48231
7.48559
7.48672
7.49015
7.49334
7.49563
7.49694
7.5025
7.50488
7.50656
7.51006
7.51231
7.51629
7.52088
7.52317
7.52655
7.52955
7.53108
7.53519
7.53667
7.53954
7.54082
7.54691
7.54855
7.55407
7.55497
7.55806
7.56058
7.56302
7.56437
7.5693
7.57283
7.57583
7.58281
7.58321
7.58556
7.58836
7.59139
7.59177
7.59521
7.59772
7.59992
7.60324
7.60659
7.60856
7.61092
7.61511
7.61774
7.62177
7.62606
7.62848
7.6333
7.63482
7.63567
7.63688
7.64
7.64399
7.64654
7.64846
7.65187
7.65501
7.65821
7.66024
7.6631
7.66786
7.67017
7.67133
7.67307
7.67845
7.68124
7.68554
7.68741
7.69095
7.69292
7.69547
7.69756
7.70259
7.70414
7.70871
7.71112
7.71412
7.71701
7.71839
7.72418
7.72882
7.7291
7.73033
7.73441
7.74116
7.74367
7.748
7.74888
7.75303
7.75408
7.75755
7.75944
7.76599
7.7668
7.76991
7.77431
7.77666
7.77697
7.78318
7.78666
7.78838
7.79026
7.7991
7.80028
7.80115
7.80529
7.80859
7.8117
7.81462
7.81476
7.81765
7.82355
7.82531
7.82667
7.83131
7.8338
7.83591
7.83824
7.84163
7.84534
7.85144
7.85396
7.85597
7.85725
7.86161
7.86519
7.8668
7.8702
7.87427
7.87569
7.87702
7.87872
7.88497
7.88671
7.88776
7.89223
7.89439
7.89578
7.90145
7.90192
7.90511
7.9085
7.91051
7.91355
7.91672
7.91772
7.92451
7.92502
7.92695
7.93234
7.93771
7.94063
7.9427
7.94536
7.95003
7.95399
7.95564
7.95831
7.96095
7.96523
7.96919
7.97022
7.97539
7.97722
7.98228
7.98688
7.98872
7.99102
7.99347
7.99643
7.99861
8.00542
8.00862
8.00982
8.01267
8.01655
8.02005
8.02255
8.02565
8.02844
8.03261
8.03543
8.03959
8.04325
8.04551
8.04902
8.05359
8.05486
8.05727
8.06196
8.0636
8.06844
8.06924
8.07493
8.07735
8.0804
8.08281
8.0866
8.09023
8.0919
8.09596
8.09699
8.0983
8.10264
8.10735
8.10862
8.11431
8.11518
8.11631
8.11979
8.12571
8.12636
8.12915
8.13356
8.13769
8.14007
8.14205
8.14434
8.14618
8.14952
8.15305
8.15682
8.1601
8.16364
8.16485
8.16635
8.16767
8.17263
8.17628
8.18277
8.18378
8.18573
8.18849
8.19054
8.19491
8.20063
8.2027
8.20375
8.20808
8.21054
8.21326
8.21961
8.22216
8.22423
8.22687
8.23045
8.23201
8.23432
8.23745
8.24209
8.24614
8.24945
8.25152
8.25469
8.25735
8.26001
8.26256
8.26667
8.2702
8.27307
8.27766
8.27778
8.28159
8.28583
8.28755
8.29067
8.29184
8.29313
8.29799
8.30291
8.3046
8.30579
8.30881
8.31226
8.31274
8.31848
8.32211
8.32233
8.32585
8.33011
8.33326
8.33797
8.3387
8.344
8.34696
8.34789
8.3489
8.35351
8.35594
8.359
8.35923
8.36173
8.36426
8.36494
8.36974
8.37205
8.37338
8.37651
8.38096
8.38297
8.38647
8.38694
8.39047
8.39324
8.39871
8.40001
8.40379
8.40505
8.4078
8.40994
8.41031
8.41304
8.41676
8.41866
8.42297
8.42751
8.43038
8.43411
8.43538
8.4384
8.44001
8.4411
8.44653
8.44768
8.45023
8.4509
8.455
8.45701
8.46095
8.46295
8.46579
8.46746
8.47063
8.47551
8.47801
8.47986
8.48272
8.48587
8.48759
8.49172
8.49259
8.4954
8.49935
8.50208
8.50472
8.50895
8.51165
8.51289
8.51676
8.51821
8.5229
8.52748
8.52948
8.53342
8.53673
8.54074
8.54414
8.54563
8.54605
8.54956
8.55445
8.55795
8.55984
8.56309
8.56735
8.56883
8.57245
8.57645
8.57925
8.58311
8.585
8.58842
8.5902
8.59363
8.59866
8.60001
8.60203
8.6045
8.6078
8.61076
8.61341
8.61878
8.61933
8.62251
8.62517
8.6275
8.63223
8.63648
8.63913
8.64162
8.64244
8.64758
8.65044
8.65537
8.65667
8.65813
8.66115
8.66379
8.67051
8.67236
8.67295
8.67719
8.68078
8.68258
8.68457
8.68767
8.69119
8.69621
8.69737
8.69986
8.70263
8.70373
8.70949
8.71161
8.71351
8.71858
8.71994
8.72381
8.72693
8.7296
8.73352
8.73803
8.73853
8.7415
8.74449
8.75073
8.75403
8.75858
8.76112
8.76393
8.76508
8.76654
8.7684
8.77431
8.77664
8.77909
8.78436
8.78892
8.79074
8.79136
8.79461
8.79607
8.79706
8.80425
8.80769
8.81172
8.81402
8.81585
8.81921
8.82041
8.82313
8.82583
8.82748
8.82945
8.83375
8.83644
8.83916
8.84085
8.84679
8.8496
8.85138
8.85442
8.85901
8.86027
8.86385
8.86632
8.86833
8.87207
8.87485
8.87866
8.88039
8.88275
8.88811
8.88873
8.89354
8.89565
8.90046
8.90206
8.90712
8.91063
8.91462
8.91755
8.92022
8.92352
8.9271
8.92967
8.93039
8.93384
8.93557
8.9393
8.94291
8.94619
8.94703
8.9513
8.95316
8.95359
8.95691
8.96018
8.96593
8.96852
8.97397
8.97632
8.97858
8.98171
8.98407
8.98807
8.99303
8.9939
8.99757
8.99893
9.00179
9.00677
9.00836
9.01067
9.01474
9.01618
9.01946
9.0242
9.02569
9.02999
9.03165
9.03219
9.0352
9.03887
9.04149
9.0433
9.04624
9.04766
9.05351
9.0551
9.0597
9.06128
9.06471
9.06571
9.07069
9.07577
9.07842
9.08088
9.08642
9.09104
9.09148
9.09528
9.09784
9.09839
9.10366
9.10504
9.10913
9.11092
9.11332
9.11693
9.11745
9.1235
9.12716
9.12921
9.13263
9.13505
9.13734
9.13777
9.14397
9.14598
9.14869
9.14989
9.15634
9.15934
9.16184
9.16541
9.16725
9.17319
9.17463
9.17651
9.17887
9.18531
9.18627
9.18794
9.18974
9.19158
9.2018
9.20389
9.20798
9.20977
9.2133
9.21447
9.21591
9.2197
9.22369
9.22717
9.22779
9.23029
9.23281
9.2375
9.24011
9.24426
9.24681
9.2502
9.2545
9.25737
9.25937
9.26255
9.26418
9.26608
9.27048
9.27695
9.27866
9.28356
9.28753
9.2883
9.29385
9.29545
9.29604
9.29904
9.3017
9.30443
9.30572
9.31437
9.31605
9.31834
9.32334
9.32655
9.32844
9.32942
9.33148
9.33438
9.33651
9.33959
9.34297
9.34697
9.35061
9.35365
9.35898
9.36205
9.3649
9.36603
9.3713
9.37328
9.37821
9.38032
9.3846
9.38569
9.38808
9.3923
9.39434
9.39592
9.3999
9.40099
9.40388
9.40691
9.41084
9.41204
9.41536
9.41975
9.42382
9.42476
9.42903
9.43173
9.44016
9.44075
9.44299
9.44438
9.44618
9.44988
9.4525
9.45698
9.45884
9.46037
9.46646
9.46939
9.47305
9.47535
9.47716
9.47864
9.48422
9.48557
9.48964
9.49141
9.4921
9.4932
9.50054
9.5013
9.50426
9.50577
9.50775
9.51529
9.51607
9.51804
9.52029
9.52451
9.52656
9.52938
9.53112
9.5338
9.53536
9.53947
9.5409
9.5463
9.54853
9.55382
9.55531
9.5586
9.5596
9.56605
9.56655
9.57332
9.57532
9.57743
9.57965
9.58386
9.58753
9.59088
9.5927
9.59471
9.59744
9.60037
9.60334
9.60783
9.60816
9.61265
9.61473
9.61619
9.61944
9.62021
9.62594
9.62631
9.62836
9.6331
9.63869
9.64089
9.64618
9.6484
9.64905
9.65058
9.65465
9.65596
9.65939
9.66473
9.66653
9.66822
9.67152
9.67296
9.67637
9.68251
9.68517
9.68639
9.68758
9.69187
9.69773
9.70362
9.70551
9.70815
9.70983
9.71246
9.7174
9.71932
9.7221
9.72606
9.72674
9.73223
9.73339
9.736
9.74055
9.7475
9.75158
9.75405
9.75744
9.75778
9.7601
9.76367
9.7676
9.76976
9.77094
9.77334
9.77775
9.78015
9.78205
9.78562
9.78949
9.79408
9.79581
9.79822
9.79955
9.80433
9.80703
9.80752
9.81113
9.81577
9.81605
9.82146
9.824
9.82924
9.82953
9.83583
9.83768
9.84047
9.84264
9.8449
9.84741
9.84921
9.85433
9.85776
9.86061
9.86406
9.8699
9.87185
9.87383
9.87769
9.87806
9.8785
9.8844
9.8863
9.88858
9.89211
9.89526
9.89612
9.8988
9.90111
9.90533
9.91181
9.91758
9.91939
9.92118
9.92349
9.9277
9.93082
9.93175
9.93468
9.93803
9.93985
9.9432
9.94502
9.95205
9.95246
9.95469
9.96114
9.96301
9.96562
9.96651
9.96846
9.96938
9.97417
9.97852
9.98289
9.98341
9.98572
9.98819
9.99635
9.9998
10.002
10.0061
10.0079
10.0125
10.0134
10.0164
10.0192
10.02
10.0228
10.0239
10.028
10.0311
10.0365
10.0406
10.0447
10.0462
10.052
10.0538
10.0573
10.0603
10.0637
10.0645
10.0671
10.0688
10.0699
10.0749
10.0769
10.0785
10.0836
10.0866
10.0902
10.0905
10.0927
10.0996
10.1026
10.1091
10.1098
10.1119
10.1149
10.1165
10.1184
10.1241
10.1267
10.1293
10.1331
10.1381
10.1391
10.1417
10.1457
10.1489
10.1515
10.1539
10.1582
10.1621
10.1639
10.1658
10.1679
10.17
10.1726
10.1772
10.1827
10.1833
10.1861
10.19
10.1954
10.1962
10.1994
10.2038
10.2063
10.2091
10.214
10.215
10.2186
10.2227
10.2239
10.2265
10.229
10.2322
10.2381
10.24
10.2415
10.2428
10.2451
10.2514
10.2525
10.2537
10.2558
10.2595
10.263
10.2657
10.2699
10.2722
10.2751
10.2795
10.2803
10.2836
10.285
10.2905
10.2923
10.2994
10.3011
10.3032
10.3079
10.3101
10.3147
10.3151
10.318
10.3217
10.3249
10.3255
10.3301
10.3343
10.3356
10.3382
10.3436
10.3464
10.3504
10.3521
10.3558
10.3569
10.3579
10.3598
10.365
10.3689
10.3705
10.3728
10.3752
10.3811
10.3846
10.3876
10.3901
10.3937
10.3953
10.399
10.401
10.4037
10.4046
10.4111
10.4144
10.4168
10.4178
10.4208
10.4227
10.429
10.4336
10.4359
10.4373
10.4407
10.443
10.4454
10.4507
10.4529
10.4536
10.4557
10.4607
10.4642
10.4671
10.4706
10.4736
10.4801
10.4819
10.4851
10.4867
10.4935
10.4951
10.5023
10.5035
10.5052
10.5072
10.5097
10.5154
10.5164
10.5191
10.5255
10.528
10.5303
10.531
10.5362
10.5372
10.5431
10.5447
10.548
10.5513
10.5543
10.5572
10.5597
10.5641
10.5686
10.5709
10.573
10.575
10.5763
10.5792
10.584
10.5869
10.5895
10.5904
10.5962
10.5979
10.601
10.6035
10.6072
10.6142
10.6153
10.6205
10.6212
10.6273
10.6296
10.6316
10.6348
10.6383
10.6407
10.6481
10.6511
10.6539
10.6561
10.6594
10.6638
10.6654
10.6712
10.6753
10.6788
10.6831
10.6867
10.6881
10.6889
10.6932
10.6943
10.7003
10.7025
10.7049
10.7099
10.7124
10.7135
10.7161
10.7204
10.7238
10.727
10.728
10.7328
10.7343
10.7369
10.7436
10.7466
10.7504
10.7537
10.7543
10.7586
10.763
10.7689
10.7705
10.7722
10.7791
10.7797
10.7826
10.7884
10.7908
10.7935
10.7974
10.7988
10.8006
10.8069
10.8102
10.8138
10.8155
10.8195
10.822
10.8261
10.8323
10.8349
10.8379
10.8404
10.8466
10.848
10.8505
10.8572
10.8579
10.8629
10.8691
10.8712
10.8735
10.8779
10.8785
10.8825
10.8896
10.892
10.8952
10.8987
10.9022
10.9057
10.9091
10.9122
10.9157
10.9191
10.9232
10.9243
10.9252
10.9286
10.933
10.934
10.9406
10.9469
10.9479
10.9484
10.9527
10.9565
10.959
10.9612
10.9679
10.9722
10.9743
10.9795
10.982
10.984
10.988
10.9889
10.9946
10.9985
11.0044
11.0096
11.012
11.0137
11.0187
11.0241
11.0254
11.0303
11.0319
11.0344
11.0364
11.0419
11.0478
11.0517
11.0552
11.0555
11.0591
11.0628
11.0642
11.0658
11.0684
11.0728
11.0756
11.0823
11.0843
11.0861
11.0889
11.0917
11.0989
11.0996
11.1027
11.1068
11.1128
11.1174
11.1222
11.1255
11.1275
11.1313
11.1325
11.1353
11.1377
11.1406
11.1415
11.144
11.1536
11.157
11.1625
11.1672
11.17
11.1713
11.1738
11.1794
11.1804
11.1836
11.1907
11.1929
11.1942
11.1993
11.2029
11.2055
11.2059
11.2085
11.2113
11.217
11.2182
11.2241
11.2259
11.2298
11.2305
11.2341
11.2428
11.2439
11.247
11.2508
11.2542
11.2556
11.2603
11.2631
11.265
11.2688
11.2716
11.2738
11.275
11.2782
11.2868
11.2882
11.2909
11.2953
11.2997
11.3014
11.3048
11.3094
11.3125
11.3132
11.318
11.3257
11.33
11.331
11.3345
11.3362
11.3378
11.3431
11.3471
11.3483
11.3544
11.3574
11.3599
11.3632
11.3671
11.3728
11.374
11.3779
11.3817
11.3843
11.3882
11.3923
11.395
11.3978
11.4014
11.4029
11.4053
11.4118
11.4137
11.4173
11.4191
11.4278
11.431
11.432
11.4325
11.4373
11.4431
11.4437
11.4492
11.4519
11.4545
11.4589
11.4598
11.4623
11.4681
11.4695
11.4735
11.4772
11.4818
11.4843
11.4848
11.4892
11.4931
11.4989
11.5002
11.5051
11.5082
11.5109
11.5137
11.5214
11.5247
11.5301
11.5306
11.5313
11.5369
11.544
11.5444
11.5476
11.5513
11.5556
11.5597
11.5618
11.5649
11.5679
11.5735
11.5763
11.5822
11.5829
11.5862
11.5889
11.5921
11.595
11.6012
11.6018
11.6062
11.6104
11.6145
11.6161
11.6176
11.6238
11.6263
11.6311
11.637
11.6408
11.6424
11.6457
11.647
11.6508
11.6534
11.6596
11.664
11.6658
11.668
11.6725
11.6727
11.6801
11.6856
11.6873
11.6898
11.692
11.6967
11.6993
11.7033
11.7043
11.7052
11.7079
11.7121
11.7139
11.7196
11.7227
11.726
11.7273
11.733
11.7345
11.7403
11.7426
11.7458
11.7491
11.7523
11.7565
11.7597
11.7618
11.7687
11.7728
11.7763
11.7784
11.7816
11.784
11.785
11.7919
11.7964
11.7984
11.799
11.8009
11.8059
11.8091
11.8106
11.8148
11.8176
11.8191
11.8237
11.8273
11.8323
11.8388
11.8407
11.842
11.8463
11.8515
11.8559
11.8613
11.8648
11.8658
11.867
11.8731
11.8766
11.8786
11.8797
11.8836
11.8869
11.8898
11.895
11.8999
11.902
11.9057
11.9089
11.9116
11.9138
11.919
11.9205
11.9218
11.9261
11.9297
11.932
11.9375
11.9406
11.9442
11.9476
11.9525
11.9556
11.9565
11.9631
11.9654
11.9675
11.9731
11.9737
11.9767
11.9835
11.9854
11.988
11.9902
11.9954
11.9987
12.0014
12.0063
12.0075
12.0091
12.0149
12.0184
12.0228
12.0247
12.0252
12.0287
12.0292
12.0354
12.0362
12.0393
12.0468
12.0495
12.0498
12.0558
12.0596
12.0618
12.0674
12.0695
12.072
12.0774
12.0816
12.0844
12.0861
12.0917
12.0933
12.0953
12.1021
12.1023
12.1083
12.1118
12.1171
12.1187
12.1191
12.1216
12.1247
12.1291
12.1302
12.1358
12.1379
12.1412
12.1439
12.1478
12.1531
12.1544
12.1573
12.1614
12.1658
12.1685
12.1713
12.1743
12.1787
12.1811
12.1837
12.1884
12.1904
12.1941
12.1984
12.2012
12.2041
12.2113
12.2135
12.2156
12.2214
12.2227
12.2255
12.2296
12.2301
12.2338
12.2362
12.2405
12.2446
12.2456
12.2501
12.2534
12.2573
12.2617
12.2638
12.2645
12.2669
12.272
12.2752
12.2797
12.2845
12.2917
12.295
12.2975
12.2993
12.3026
12.3069
12.3082
12.3094
12.3146
12.3172
12.3181
12.3222
12.3251
12.3271
12.3325
12.3391
12.3435
12.3454
12.3474
12.3483
12.3536
12.3548
12.3577
12.3606
12.3632
12.3676
12.3725
12.3741
12.3774
12.3836
12.3869
12.3897
12.3925
12.395
12.3983
12.4014
12.4061
12.4088
12.4094
12.4167
12.419
12.4215
12.422
12.4268
12.4311
12.433
12.4353
12.4383
12.4409
12.4467
12.4501
12.4515
12.4537
12.4571
12.4591
12.4606
12.4648
12.4688
12.4705
12.4758
12.4801
12.4813
12.4841
12.4883
12.4908
12.4939
12.496
12.5004
12.5069
12.5103
12.5143
12.5153
12.5179
12.522
12.5264
12.5272
12.5293
12.5305
12.5368
12.5395
12.5412
12.5439
12.5467
12.5493
12.552
12.5598
12.5619
12.5672
12.5681
12.577
12.5796
12.5819
12.5835
12.5853
12.5876
12.5923
12.5932
12.5963
12.599
12.6017
12.6049
12.6069
12.6107
12.6158
12.6207
12.6258
12.6259
12.6296
12.6335
12.6386
12.643
12.6443
12.646
12.6527
12.6541
12.6589
12.6609
12.6633
12.6661
12.6696
12.6706
12.6736
12.676
12.6787
12.682
12.684
12.6888
12.6914
12.6973
12.7
12.7008
12.7043
12.7087
12.709
12.7103
12.7161
12.7218
12.7278
12.7314
12.7325
12.7357
12.7408
12.7444
12.7495
12.7516
12.7536
12.7603
12.7625
12.7659
12.7698
12.7706
12.7766
12.7783
12.783
12.7837
12.7868
12.7899
12.7944
12.7969
12.7996
12.8076
12.8102
12.8147
12.8158
12.822
12.8242
12.825
12.8304
12.8317
12.8335
12.8371
12.8404
12.8472
12.8481
12.8517
12.8544
12.8566
12.8586
12.8627
12.8647
12.8689
12.8743
12.8798
12.8823
12.8844
12.8867
12.8924
12.8948
12.8968
12.901
12.903
12.9061
12.9096
12.9128
12.9168
12.9191
12.9219
12.9295
12.9306
12.9352
12.9373
12.9416
12.9446
12.9478
12.9519
12.9547
12.9561
12.9585
12.9637
12.9656
12.9712
12.9719
12.9734
12.979
12.9835
12.9855
12.9894
12.9908
12.9971
13.0005
13.0041
13.0076
13.0101
13.0124
13.0197
13.0269
13.0294
13.0312
13.0337
13.0353
13.0399
13.043
13.0484
13.0504
13.0561
13.0596
13.0635
13.0646
13.0664
13.0728
13.0737
13.0763
13.0832
13.0867
13.0879
13.0929
13.0957
13.0969
13.1014
13.1023
13.1033
13.1058
13.1102
13.1121
13.1145
13.1231
13.1241
13.1259
13.1287
13.1323
13.1396
13.1406
13.1435
13.1458
13.1514
13.1519
13.1535
13.1601
13.1639
13.1652
13.1672
13.1703
13.1718
13.1762
13.183
13.1849
13.1864
13.1945
13.1971
13.1982
13.2024
13.2044
13.2062
13.2106
13.2151
13.2152
13.2226
13.2248
13.2286
13.2304
13.2335
13.2376
13.2403
13.2451
13.2461
13.2525
13.2535
13.259
13.2593
13.2643
13.2675
13.2692
13.2716
13.2777
13.2818
13.2842
13.2872
13.2892
13.2909
13.2971
13.3005
13.3037
13.3055
13.3109
13.3126
13.3144
13.3206
13.3221
13.3251
13.3265
13.3331
13.3369
13.3384
13.3396
13.3423
13.3454
13.3466
13.3488
13.351
13.3584
13.3597
13.3633
13.3639
13.3691
13.374
13.3766
13.3772
13.38
13.3865
13.3891
13.3914
13.3943
13.3957
13.3987
13.4024
13.4072
13.4093
13.413
13.4157
13.4194
13.4232
13.4248
13.4284
13.4305
13.4324
13.4386
13.4431
13.4442
13.4454
13.4522
13.4556
13.4588
13.4612
13.4648
13.4711
13.4736
13.4752
13.4765
13.4785
13.4888
13.49
13.4923
13.4936
13.4977
13.4992
13.5051
13.5086
13.5119
13.5144
13.5198
13.5216
13.525
13.5271
13.5288
13.5315
13.5328
13.5378
13.5394
13.5424
13.5443
13.5504
13.5512
13.5576
13.563
13.5645
13.5677
13.5702
13.5721
13.5795
13.5817
13.5873
13.5892
13.5944
13.5964
13.5991
13.6015
13.6057
13.6068
13.611
13.6135
13.6187
13.6222
13.6261
13.6289
13.633
13.6356
13.6383
13.6432
13.646
13.6479
13.6522
13.6577
13.6632
13.6645
13.6686
13.6736
13.6748
13.6781
13.6825
13.6848
13.6888
13.6907
13.6937
13.6989
13.7008
13.7013
13.7072
13.7089
13.7115
13.7182
13.7211
13.7223
13.7279
13.7327
13.7359
13.7436
13.7456
13.7488
13.7506
13.7587
13.7603
13.7626
13.767
13.7699
13.7766
13.7812
13.7882
13.7917
13.795
13.7984
13.8028
13.8043
13.8076
13.8115
13.8152
13.8206
13.8224
13.8304
13.8308
13.8345
13.838
13.8413
13.8478
13.8491
13.8505
13.8549
13.8585
13.8616
13.8644
13.8671
13.8704
13.8768
13.8806
13.8834
13.8881
13.8908
13.895
13.8987
13.9028
13.9097
13.9113
13.9156
13.9199
13.9265
13.9293
13.9321
13.9344
13.9396
13.9427
13.9474
13.9523
13.9566
13.9598
13.9635
13.9667
13.9743
13.976
13.9798
13.9826
13.9862
13.9885
13.9926
13.9935
13.9968
14.0044
14.0061
14.0108
14.0164
14.0204
14.0231
14.0315
14.0317
14.0353
14.0402
14.0424
14.0484
14.051
14.0543
14.0612
14.0659
14.0732
14.0759
14.0785
14.0819
14.0854
14.089
14.0916
14.0938
14.0969
14.1008
14.1063
14.1116
14.1143
14.1169
14.1189
14.1285
14.1306
14.1357
14.1372
14.1418
14.1464
14.1542
14.1561
14.1607
14.1681
14.1693
14.1772
14.1814
14.1892
14.1918
14.1956
14.1968
14.2029
14.2094
14.2134
14.2162
14.2204
14.2286
14.2323
14.2356
14.2412
14.243
14.2487
14.2542
14.2554
14.2594
14.2632
14.2644
14.2722
14.2764
14.2812
14.2837
14.2898
14.2929
14.2999
14.3019
14.3045
14.3099
14.3126
14.3159
14.322
14.3256
14.3274
14.3321
14.334
14.3402
14.3425
14.3478
14.3516
14.3556
14.356
14.3591
14.3695
14.376
14.381
14.3822
14.3827
14.3876
14.3932
14.3937
14.4018
14.405
14.4093
14.4107
14.4143
14.418
14.4183
14.4226
14.4268
14.431
14.4395
14.4414
14.4474
14.4509
14.4549
14.4577
14.4674
14.4688
14.4691
14.4714
14.4757
14.4781
14.4893
14.4955
14.5009
14.5024
14.5065
14.5109
14.5168
14.5192
14.5203
14.5264
14.5276
14.539
14.5425
14.5441
14.5468
14.5498
14.5541
14.5568
14.5638
14.5685
14.5711
14.5743
14.5831
14.5884
14.5952
14.5965
14.5999
14.6033
14.6049
14.6129
14.6172
14.6239
14.6258
14.6279
14.6334
14.6405
14.6453
14.6471
14.6589
14.6629
14.6682
14.6705
14.6756
14.6794
14.6841
14.6854
14.6909
14.6967
14.698
14.7012
14.7054
14.7119
14.7156
14.7201
14.7237
14.7274
14.7316
14.7357
14.7381
14.7399
14.7527
14.7555
14.7586
14.761
14.7657
14.7696
14.7737
14.7765
14.7818
14.7837
14.7856
14.7921
14.7945
14.7978
14.8032
14.806
14.8135
14.8169
14.8232
14.8277
14.83
14.8342
14.8373
14.8375
14.8433
14.8458
14.8491
14.8614
14.8655
14.8669
14.8701
14.8791
14.8846
14.8874
14.8908
14.8946
14.8978
14.9003
14.905
14.9113
14.9158
14.9177
14.9226
14.9247
14.931
14.9319
14.9394
14.9423
14.9451
14.9495
14.953
14.9564
14.9627
14.9667
14.9683
14.9725
14.9757
14.9821
14.9857
14.9893
14.9957
15.0001
15.0068
15.0085
15.0144
15.0171
15.0214
15.0269
15.0334
15.0369
15.0432
15.0442
15.0513
15.0589
15.0616
15.0668
15.0691
15.0737
15.0763
15.0804
15.0814
15.0908
15.1004
15.1021
15.1078
15.1146
15.1155
15.1199
15.1253
15.1282
15.1337
15.1391
15.1486
15.1504
15.1528
15.1551
15.16
15.164
15.169
15.1737
15.1769
15.1833
15.1886
15.1901
15.196
15.1998
15.2017
15.2028
15.2113
15.2136
15.2176
15.2198
15.2246
15.2325
15.2344
15.2379
15.2423
15.246
15.2561
15.2579
15.2603
15.263
15.2691
15.2726
15.2777
15.2792
15.283
15.2896
15.294
15.3004
15.307
15.308
15.3145
15.3156
15.3201
15.3269
15.3292
15.3349
15.3384
15.3421
15.3454
15.3489
15.3505
15.358
15.3624
15.3664
15.3686
15.3742
15.3803
15.385
15.3909
15.3953
15.3969
15.3981
15.4022
15.4056
15.4067
15.4119
15.4134
15.4205
15.426
15.428
15.437
15.4426
15.4445
15.4476
15.4529
15.4556
15.4597
15.4611
15.4654
15.4696
15.4777
15.4812
15.4818
15.486
15.4903
15.4997
15.5033
15.5037
15.5086
15.5147
15.5175
15.5181
15.5226
15.5293
15.5328
15.5401
15.5411
15.5466
15.5515
15.5562
15.5598
15.5637
15.5684
15.5688
15.5748
15.5822
15.5843
15.5875
15.5905
15.5951
15.5989
15.6019
15.6035
15.6075
15.6195
15.6204
15.6257
15.6315
15.636
15.6398
15.6453
15.6511
15.6547
15.6612
15.6626
15.6685
15.6721
15.6734
15.6765
15.6801
15.6893
15.6927
15.6955
15.698
15.7062
15.7097
15.7171
15.7216
15.7244
15.7306
15.733
15.7357
15.7405
15.7438
15.745
15.7487
15.7532
15.7601
15.7632
15.7665
15.7702
15.7751
15.7759
15.7784
15.7803
15.7855
15.795
15.7969
15.7991
15.8034
15.8066
15.8117
15.8146
15.8198
15.8206
15.8288
15.8348
15.8396
15.8482
15.8504
15.8519
15.8581
15.8631
15.8657
15.8698
15.8736
15.8783
15.8798
15.886
15.8873
15.8901
15.8946
15.898
15.9043
15.9095
15.9173
15.9201
15.922
15.9296
15.9316
15.9327
15.9402
15.9428
15.9456
15.954
15.955
15.9571
15.9587
15.9611
15.9686
15.9704
15.9752
15.9795
15.9867
15.9885
15.9976
16.0048
16.0056
16.0093
16.0181
16.0219
16.0229
16.0246
16.028
16.0382
16.0429
16.0464
16.05
16.0528
16.0553
16.0629
16.0654
16.0683
16.0752
16.0781
16.0839
16.0898
16.0913
16.096
16.099
16.108
16.1121
16.1167
16.1191
16.1202
16.124
16.1252
16.1382
16.1435
16.1464
16.1473
16.1522
16.1578
16.1642
16.165
16.1659
16.1696
16.1762
16.1832
16.1879
16.1937
16.1955
16.198
16.1995
16.2073
16.2113
16.2139
16.2202
16.2215
16.2259
16.2305
16.2353
16.2389
16.243
16.2486
16.2541
16.2569
16.2627
16.267
16.2708
16.2717
16.2748
16.2813
16.2866
16.2912
16.2979
16.3012
16.3091
16.3112
16.3141
16.3169
16.3243
16.326
16.3318
16.3334
16.3355
16.343
16.3457
16.3469
16.3512
16.3569
16.3593
16.3604
16.3657
16.3703
16.3729
16.3768
16.3774
16.3798
16.386
16.3963
16.4006
16.4032
16.4066
16.4092
16.4258
16.4296
16.4346
16.4356
16.4409
16.4447
16.4502
16.46
16.4615
16.4671
16.4742
16.4759
16.4802
16.4834
16.4893
16.4944
16.4995
16.5005
16.5061
16.5094
16.5125
16.5144
16.5246
16.5311
16.536
16.5402
16.544
16.5461
16.5529
16.5531
16.5582
16.5605
16.5677
16.5745
16.5779
16.5816
16.5862
16.5899
16.5941
16.6006
16.6033
16.6044
16.6081
16.6114
16.6178
16.6183
16.6251
16.6278
16.6308
16.6339
16.6388
16.6465
16.6492
16.6501
16.6542
16.6556
16.6623
16.6671
16.6692
16.6748
16.6784
16.6834
16.6884
16.6934
16.6962
16.7014
16.7072
16.7117
16.7167
16.7235
16.7282
16.7343
16.7382
16.7429
16.7465
16.7482
16.7506
16.7567
16.7667
16.7723
16.7743
16.7814
16.7868
16.7899
16.7944
16.7966
16.8067
16.8103
16.8115
16.8161
16.818
16.8205
16.8259
16.8286
16.837
16.8458
16.8484
16.8499
16.8624
16.8677
16.8714
16.8756
16.8795
16.8833
16.8869
16.8931
16.8957
16.9051
16.9098
16.9131
16.9167
16.9234
16.9325
16.9387
16.9454
16.9483
16.953
16.9556
16.9619
16.9671
16.9703
16.975
16.9784
16.9887
16.9952
17.0007
17.0038
17.0092
17.0121
17.0164
17.023
17.0263
17.0324
17.034
17.0441
17.0492
17.0494
17.0532
17.0603
17.0638
17.0693
17.0755
17.0777
17.0843
17.0915
17.0942
17.0974
17.1047
17.1111
17.1132
17.1166
17.124
17.1265
17.1307
17.1398
17.1408
17.1458
17.1493
17.1547
17.1624
17.1631
17.1678
17.1745
17.177
17.1779
17.1841
17.1892
17.1917
17.1969
17.203
17.2091
17.219
17.2244
17.2261
17.2329
17.2378
17.2437
17.2453
17.2462
17.2569
17.2604
17.2636
17.2683
17.2738
17.277
17.2787
17.283
17.2919
17.2933
17.2986
17.3013
17.3074
17.3101
17.3154
17.3203
17.3229
17.3351
17.3388
17.3427
17.3482
17.3504
17.3581
17.3638
17.3696
17.3708
17.3778
17.3822
17.3828
17.3914
17.395
17.3968
17.4012
17.4056
17.4128
17.4191
17.4218
17.4265
17.4311
17.4385
17.444
17.4505
17.4576
17.461
17.4614
17.4734
17.4775
17.4787
17.4868
17.4902
17.4933
17.4976
17.5072
17.5129
17.5168
17.5214
17.5261
17.5265
17.5371
17.5387
17.5448
17.5492
17.5525
17.5577
17.567
17.5715
17.5744
17.5826
17.5901
17.5918
17.5954
17.5998
17.603
17.6089
17.6132
17.6185
17.6272
17.6288
17.6334
17.6365
17.6439
17.6449
17.6514
17.6575
17.6605
17.6616
17.667
17.6726
17.6747
17.6807
17.6871
17.69
17.6951
17.699
17.7018
17.7035
17.7089
17.7145
17.7194
17.7254
17.7326
17.7376
17.7509
17.7522
17.7565
17.7636
17.7677
17.7697
17.7724
17.7759
17.779
17.7841
17.7919
17.7939
17.7974
17.8077
17.8105
17.8153
17.8193
17.8236
17.8293
17.8358
17.8408
17.8473
17.8535
17.8577
17.8598
17.8669
17.8732
17.8741
17.8841
17.8869
17.8934
17.8962
17.9009
17.9032
17.9053
17.9146
17.9177
17.926
17.9267
17.9349
17.9391
17.9425
17.9441
17.9523
17.955
17.9567
17.9679
17.9747
17.9769
17.9815
17.985
17.9904
17.997
18.002
18.0083
18.0114
18.0205
18.0211
18.0279
18.0391
18.0474
18.0538
18.0598
18.0667
18.07
18.0771
18.0805
18.0867
18.0884
18.0981
18.1018
18.1111
18.1144
18.1178
18.1252
18.1378
18.1432
18.1504
18.1569
18.1585
18.1642
18.169
18.1743
18.1778
18.1897
18.1936
18.1943
18.2013
18.2086
18.2129
18.2242
18.2269
18.2298
18.2355
18.2414
18.2473
18.2526
18.2562
18.2603
18.2646
18.2676
18.276
18.28
18.2844
18.2897
18.2999
18.3098
18.318
18.3197
18.3234
18.331
18.3399
18.3401
18.3427
18.3494
18.3586
18.3635
18.3747
18.381
18.3847
18.3881
18.396
18.3968
18.4046
18.4107
18.4173
18.4222
18.4266
18.4301
18.4387
18.4474
18.4527
18.4557
18.4628
18.4704
18.4764
18.4834
18.4959
18.5096
18.5135
18.5152
18.5238
18.5271
18.5316
18.539
18.5478
18.5585
18.5693
18.575
18.581
18.5834
18.5943
18.6011
18.6028
18.6089
18.6153
18.621
18.6289
18.6329
18.6435
18.6543
18.6625
18.6701
18.6727
18.6773
18.687
18.6897
18.6934
18.7036
18.7073
18.7148
18.7221
18.7269
18.7325
18.7339
18.7443
18.7527
18.7546
18.7625
18.7721
18.7829
18.7848
18.7901
18.7914
18.8032
18.8058
18.8156
18.8218
18.8236
18.8371
18.8439
18.8482
18.8586
18.86
18.8654
18.8686
18.8736
18.8854
18.8901
18.9001
18.9031
18.9111
18.9186
18.9222
18.9233
18.936
18.9416
18.9503
18.9521
18.9665
18.9727
18.9758
18.9788
18.9825
18.9954
19.0005
19.0055
19.0133
19.0161
19.0214
19.0332
19.0367
19.042
19.0557
19.0642
19.0668
19.0704
19.0731
19.0755
19.0832
19.0888
19.0902
19.0948
19.1062
19.1114
19.1194
19.1202
19.1268
19.1295
19.1392
19.1451
19.1476
19.1558
19.1587
19.1677
19.1737
19.1808
19.182
19.1846
19.193
19.1956
19.2036
19.2127
19.2153
19.2221
19.2295
19.2327
19.2396
19.2421
19.2542
19.2557
19.2718
19.28
19.2851
19.2929
19.296
19.3046
19.3069
19.3136
19.3229
19.3282
19.3315
19.3374
19.3441
19.3492
19.3576
19.3663
19.3683
19.3734
19.3794
19.3851
19.3893
19.3966
19.4004
19.4116
19.4242
19.4285
19.4329
19.4426
19.4546
19.4604
19.4636
19.4716
19.4741
19.4917
19.4959
19.4977
19.5093
19.5116
19.5213
19.5227
19.5385
19.5428
19.5508
19.559
19.5648
19.5697
19.5738
19.5805
19.5842
19.5897
19.5907
19.6016
19.6043
19.6143
19.6167
19.6212
19.6259
19.6313
19.6415
19.6477
19.6522
19.6569
19.6607
19.6648
19.6757
19.6859
19.6896
19.6984
19.7048
19.7116
19.7188
19.7192
19.7243
19.736
19.7447
19.7481
19.7563
19.7618
19.7624
19.7767
19.7815
19.7873
19.7997
19.806
19.8116
19.8186
19.825
19.8432
19.8446
19.8562
19.8683
19.8763
19.8805
19.8886
19.8989
19.9101
19.9195
19.9209
19.9337
19.9394
19.945
19.952
19.9605
19.9689
19.9708
19.9787
19.9957
19.9988
20.0022
20.0094
20.0171
20.023
20.0323
20.0334
20.0384
20.0422
20.0468
20.0577
20.0707
20.0805
20.083
20.0909
20.0985
20.1082
20.1185
20.1225
20.1273
20.1397
20.1404
20.1486
20.1551
20.1606
20.1659
20.1684
20.1766
20.1808
20.1854
20.1867
20.2046
20.216
20.2185
20.2289
20.2336
20.242
20.2482
20.2558
20.2603
20.2646
20.2776
20.2846
20.2921
20.3016
20.3058
20.3105
20.3239
20.3289
20.3382
20.3456
20.3478
20.3564
20.3654
20.3716
20.3795
20.3815
20.3942
20.4012
20.4056
20.4072
20.4197
20.4236
20.428
20.4325
20.4421
20.4467
20.4534
20.4625
20.4674
20.4715
20.474
20.4826
20.4883
20.4982
20.5122
20.5168
20.5313
20.5324
20.5478
20.5512
20.5541
20.58
20.5817
20.5904
20.6025
20.6158
20.6178
20.6362
20.6384
20.6476
20.6512
20.6665
20.6698
20.6748
20.6841
20.6899
20.6977
20.7095
20.7108
20.7155
20.7209
20.7304
20.736
20.7589
20.7631
20.7718
20.7778
20.791
20.7941
20.8042
20.8113
20.8206
20.8247
20.8296
20.842
20.8535
20.8597
20.8675
20.8804
20.8882
20.9005
20.9033
20.9214
20.9354
20.9532
20.9649
20.974
20.9838
20.9917
20.9972
21.0004
21.0288
21.0333
21.0395
21.0499
21.0573
21.065
21.0732
21.0819
21.0852
21.0979
21.1032
21.1117
21.1142
21.1229
21.126
21.139
21.1423
21.1451
21.1618
21.1692
21.1731
21.1774
21.1829
21.1967
21.1992
21.2092
21.215
21.2226
21.2298
21.2339
21.2434
21.2465
21.2505
21.2652
21.2729
21.2759
21.2763
21.2827
21.2945
21.3004
21.3069
21.3163
21.3187
21.324
21.3388
21.3425
21.3528
21.3627
21.3722
21.3875
21.3954
21.4035
21.4045
21.4118
21.4131
21.4202
21.4223
21.434
21.4376
21.4461
21.4585
21.4634
21.4736
21.4788
21.4856
21.4871
21.4913
21.5139
21.5185
21.5272
21.5352
21.5424
21.5537
21.5599
21.5711
21.5747
21.5789
21.5821
21.5971
21.6053
21.6077
21.6195
21.6265
21.6314
21.6468
21.6699
21.6732
21.6834
21.6933
21.6986
21.7043
21.713
21.7245
21.7303
21.7314
21.7404
21.7513
21.7522
21.7637
21.7709
21.7746
21.7839
21.7939
21.7999
21.8089
21.8236
21.8279
21.8385
21.85
21.8605
21.8651
21.8775
21.8913
21.8997
21.9069
21.9134
21.9207
21.9251
21.9373
21.9405
21.9447
21.9675
21.9694
21.9734
21.9795
21.9879
21.9961
22.0055
22.0144
22.0192
22.023
22.0317
22.0341
22.0389
22.0474
22.0549
22.0609
22.066
22.0759
22.0774
22.0996
22.1202
22.1287
22.138
22.1432
22.1497
22.1554
22.1687
22.1708
22.1731
22.184
22.1894
22.198
22.2001
22.2187
22.23
22.2433
22.2491
22.266
22.2877
22.2961
22.3007
22.3116
22.328
22.3423
22.3488
22.3538
22.3693
22.3828
22.3915
22.4019
22.4087
22.4131
22.4206
22.4289
22.4343
22.4411
22.4657
22.4698
22.4794
22.4855
22.4947
22.5043
22.5232
22.5262
22.5438
22.5493
22.5533
22.5666
22.5837
22.5968
22.6064
22.6174
22.6282
22.6314
22.6508
22.6654
22.6786
22.6931
22.7081
22.7211
22.7295
22.7349
22.7468
22.764
22.772
22.778
22.7884
22.8154
22.82
22.8293
22.8393
22.8404
22.8558
22.8619
22.8678
22.8764
22.8854
22.8875
22.9009
22.9025
22.9089
22.927
22.9311
22.9447
22.9664
22.9893
22.9944
23.0109
23.0239
23.028
23.0312
23.0356
23.0404
23.0632
23.0699
23.0862
23.1004
23.1036
23.1068
23.1137
23.1191
23.1365
23.1397
23.1537
23.1821
23.1872
23.19
23.2085
23.2241
23.249
23.2502
23.2631
23.2701
23.2755
23.2829
23.2949
23.3037
23.3182
23.3269
23.3405
23.351
23.3587
23.3899
23.3958
23.4029
23.4082
23.4167
23.4285
23.4347
23.4465
23.4603
23.4683
23.4796
23.4928
23.4962
23.5
23.5206
23.5311
23.5456
23.5481
23.5625
23.5821
23.5853
23.5918
23.6027
23.609
23.6122
23.6262
23.6349
23.6523
23.6578
23.6822
23.6849
23.6941
23.7163
23.7287
23.7328
23.7455
23.7507
23.7603
23.775
23.7818
23.7846
23.8002
23.807
23.8162
23.8447
23.8585
23.861
23.8748
23.8831
23.8867
23.9121
23.9249
23.9309
23.9651
23.9766
23.9802
23.9883
23.9901
24.0144
24.0195
24.0308
24.0558
24.0633
24.1049
24.1114
24.1261
24.1319
24.1402
24.1557
24.1632
24.1783
24.1864
24.2045
24.2123
24.2179
24.2304
24.2391
24.2569
24.2756
24.2928
24.3106
24.3236
24.3495
24.3627
24.3855
24.3918
24.398
24.4314
24.4489
24.4568
24.466
24.4788
24.4995
24.5072
24.5185
24.526
24.5435
24.5609
24.5653
24.5785
24.6025
24.6146
24.6236
24.634
24.6521
24.6732
24.6844
24.7076
24.7172
24.7428
24.7499
24.7682
24.789
24.8015
24.81
24.8464
24.8667
24.8973
24.9027
24.9245
24.9532
24.9877
24.9914
24.9992
25.0089
25.0187
25.0325
25.0361
25.0477
25.0791
25.0965
25.1079
25.1156
25.1285
25.1474
25.159
25.1658
25.1851
25.2046
25.2219
25.2457
25.2547
25.2673
25.2945
25.3015
25.3376
25.352
25.3639
25.3715
25.3921
25.4113
25.429
25.4366
25.4537
25.4695
25.4751
25.4797
25.491
25.5063
25.5237
25.5324
25.5451
25.5601
25.5864
25.5943
25.6058
25.6125
25.6302
25.6451
25.654
25.6586
25.6681
25.6845
25.6899
25.6942
25.7204
25.7247
25.7337
25.7396
25.7477
25.7684
25.7801
25.7898
25.7911
25.8091
25.8153
25.8355
25.8452
25.8561
25.8778
25.8919
25.9089
25.9155
25.9241
25.93
25.9725
25.9951
25.9973
26.0054
26.0203
26.0438
26.0665
26.0828
26.0882
26.115
26.1301
26.1347
26.1563
26.1662
26.1699
26.189
26.2077
26.222
26.2494
26.2651
26.2958
26.3029
26.3307
26.351
26.36
26.364
26.3872
26.4183
26.4367
26.4488
26.4569
26.4742
26.4898
26.5049
26.5092
26.5152
26.5207
26.5322
26.5525
26.5565
26.5685
26.5926
26.6045
26.6104
26.642
26.6588
26.6674
26.6866
26.6962
26.7112
26.7368
26.7426
26.7644
26.7687
26.7791
26.7838
26.8394
26.8464
26.8608
26.867
26.8886
26.9032
26.9089
26.9242
26.9379
26.9871
27.0154
27.0317
27.0446
27.0595
27.0846
27.089
27.0995
27.1267
27.1402
27.2062
27.2109
27.2268
27.2371
27.2412
27.2719
27.2921
27.2995
27.3093
27.3244
27.3371
27.3524
27.367
27.3726
27.3868
27.4125
27.4324
27.4428
27.4688
27.4962
27.5118
27.5146
27.5287
27.5337
27.5595
27.5802
27.5864
27.6043
27.6169
27.6332
27.6528
27.6633
27.6806
27.6867
27.7093
27.7559
27.7684
27.8024
27.8374
27.8616
27.8624
27.8696
27.9135
27.9418
27.9632
27.964
27.9803
28.0334
28.0511
28.0835
28.1244
28.142
28.1748
28.188
28.22
28.2464
28.2658
28.2861
28.2917
28.3136
28.3209
28.3898
28.4091
28.4125
28.4259
28.4585
28.4964
28.5253
28.5403
28.554
28.5792
28.5992
28.6398
28.6552
28.7055
28.7273
28.7396
28.7557
28.7758
28.7836
28.8068
28.8135
28.8486
28.8634
28.9029
28.9061
28.925
28.9286
28.9518
28.9632
28.9999
29.0497
29.0721
29.0866
29.0961
29.1125
29.1347
29.1503
29.1557
29.1773
29.185
29.1934
29.2017
29.2484
29.2605
29.298
29.3474
29.3579
29.3748
29.4164
29.4293
29.4491
29.4645
29.4747
29.5305
29.5451
29.6052
29.625
29.643
29.6515
29.6989
29.7582
29.7793
29.8022
29.8269
29.8371
29.8648
29.8734
29.9068
29.9198
29.9245
29.9794
29.9946
30.0238
30.0327
30.042
30.1017
30.1266
30.1527
30.1535
30.1759
30.1976
30.2132
30.29
30.3173
30.3257
30.3475
30.3813
30.4414
30.4609
30.492
30.5028
30.5497
30.5714
30.6128
30.6382
30.6492
30.6674
30.681
30.7061
30.7127
30.742
30.7607
30.801
30.8388
30.8516
30.9297
30.972
31.0518
31.0644
31.0842
31.1792
31.1877
31.2327
31.2515
31.288
31.3072
31.3211
31.3328
31.343
31.3728
31.4369
31.4445
31.4634
31.5432
31.5667
31.5782
31.5949
31.6318
31.6428
31.7063
31.7109
31.802
31.83
31.8375
31.9111
31.9277
31.9325
31.9678
32.0299
32.0377
32.057
32.0979
32.1192
32.1337
32.1478
32.163
32.1878
32.2274
32.2392
32.2419
32.2662
32.2878
32.3301
32.3354
32.3674
32.3758
32.3907
32.4239
32.4362
32.4608
32.6223
32.6868
32.7162
32.7317
32.8189
32.8739
32.8926
32.9258
32.9513
33.0049
33.0243
33.045
33.0771
33.1045
33.1519
33.1675
33.1718
33.1954
33.2099
33.2212
33.3033
33.3536
33.3833
33.4224
33.4381
33.4958
33.5088
33.5738
33.5939
33.6144
33.6724
33.7127
33.7403
33.7467
33.8323
33.865
33.9721
34.0417
34.138
34.1801
34.2034
34.334
34.3697
34.4396
34.4963
34.5453
34.5528
34.5874
34.6644
34.7671
34.8262
34.8773
34.9109
34.9611
34.9908
35.0517
35.0996
35.1676
35.2941
35.322
35.3797
35.7086
35.7214
35.7679
35.8345
35.897
35.8983
35.9637
36.0215
36.0739
36.213
36.3054
36.3327
36.3555
36.4518
36.5098
36.5285
36.5349
36.5587
36.7337
36.7674
36.8278
36.8991
36.9338
36.9916
37.2131
37.224
37.2671
37.3219
37.4971
37.5326
37.5758
37.6953
37.9494
37.9557
38.0012
38.0669
38.2169
38.2408
38.4024
38.461
38.4947
38.9515
39.0451
39.6325
39.6926
39.8209
39.8753
40.0338
40.4594
40.4759
40.5763
41.347
41.4062
41.6804
41.7709
41.8219
41.9046
41.9131
42.7572
42.8378
43.1214
43.1844
44.6413
44.6887
46.8857
46.9768
48.5066
48.5667
54.1526
