-24.6444
-24.3766
-23.9379
-22.4459
-22.1873
-20.5921
-20.4608
-19.0835
-18.9184
-18.804
-18.6534
-18.1788
-17.7987
-17.4294
-17.3112
-17.2288
-17.0581
-16.7506
-16.3247
-15.7306
-15.6029
-15.4411
-15.1247
-15.1043
-15.0549
-14.9248
-14.687
-14.6048
-14.4965
-14.2304
-14.0548
-14.0402
-13.962
-13.7778
-13.7185
-13.6948
-13.6697
-13.5625
-13.4264
-13.3275
-13.2629
-13.2619
-13.2349
-13.1313
-12.7189
-12.5497
-12.4028
-12.1342
-12.0769
-11.9432
-11.8945
-11.8338
-11.6849
-11.6568
-11.5445
-11.3602
-11.2321
-11.1624
-11.1258
-11.0817
-10.9021
-10.7805
-10.7481
-10.7019
-10.523
-10.4407
-10.3995
-10.3646
-10.2451
-10.2233
-10.0361
-9.94186
-9.85363
-9.74356
-9.6761
-9.58661
-9.55542
-9.5258
-9.45883
-9.41124
-9.35483
-9.1611
-9.13861
-9.06904
-8.97474
-8.64628
-8.55992
-8.42779
-8.38856
-8.3803
-8.29202
-8.24202
-8.21263
-8.19516
-8.10422
-8.05586
-8.05075
-8.00265
-7.98887
-7.95003
-7.91501
-7.88768
-7.85567
-7.80961
-7.74743
-7.71157
-7.68625
-7.59164
-7.53937
-7.40276
-7.34612
-7.25238
-7.17402
-7.12265
-7.10406
-7.04142
-6.99172
-6.94782
-6.93565
-6.89988
-6.84075
-6.82051
-6.79507
-6.74515
-6.69325
-6.67557
-6.62276
-6.59925
-6.5389
-6.43815
-6.3841
-6.35576
-6.32622
-6.27929
-6.22528
-6.13009
-6.11232
-6.01757
-5.92258
-5.85707
-5.73385
-5.72687
-5.69828
-5.67464
-5.64316
-5.58943
-5.52485
-5.47494
-5.44085
-5.39185
-5.35971
-5.30967
-5.26062
-5.2259
-5.20316
-5.13512
-5.10594
-5.03132
-5.0059
-4.96878
-4.93806
-4.8371
-4.82836
-4.80293
-4.78186
-4.66112
-4.60452
-4.54995
-4.50296
-4.4792
-4.45455
-4.39435
-4.34748
-4.3301
-4.27629
-4.2609
-4.25138
-4.22909
-4.21678
-4.19908
-4.16828
-4.14098
-4.11131
-4.06445
-4.0092
-3.97997
-3.9193
-3.88292
-3.79727
-3.77635
-3.68491
-3.66492
-3.6344
-3.599
-3.52791
-3.44328
-3.42832
-3.39024
-3.36645
-3.34543
-3.28502
-3.27388
-3.19233
-3.15414
-3.13366
-3.12607
-3.06396
-2.95443
-2.90426
-2.80654
-2.7384
-2.72522
-2.71321
-2.64867
-2.63812
-2.58721
-2.4708
-2.43725
-2.43614
-2.41032
-2.34512
-2.25135
-2.20442
-2.14521
-2.10873
-2.09692
-2.05936
-2.01059
-1.93314
-1.90729
-1.80442
-1.77901
-1.67378
-1.66254
-1.63176
-1.57463
-1.54642
-1.51656
-1.47601
-1.45565
-1.38818
-1.36048
-1.3232
-1.31114
-1.26214
-1.21842
-1.20371
-1.15572
-1.11188
-1.09718
-1.00729
-0.98331
-0.961667
-0.940316
-0.909337
-0.899771
-0.851842
-0.808766
-0.762154
-0.724103
-0.69802
-0.65556
-0.642052
-0.60663
-0.579234
-0.501761
-0.50021
-0.466428
-0.428868
-0.367382
-0.318854
-0.267776
-0.245973
-0.227374
-0.179339
-0.143302
-0.109618
-0.0532292
-0.0502185
-0.0144118
0
0.00238207
0.0539483
0.0837713
0.114484
0.157712
0.202882
0.231395
0.283079
0.300777
0.334861
0.387197
0.393026
0.427329
0.478831
0.515112
0.525107
0.56509
0.615032
0.639309
0.723646
0.762996
0.826295
0.848109
0.886593
0.982692
1.07121
1.13882
1.15282
1.18204
1.25865
1.26438
1.32244
1.36698
1.40999
1.45141
1.47926
1.50783
1.52678
1.59423
1.60467
1.62395
1.68056
1.7227
1.79933
1.82312
1.87016
1.91561
1.94272
1.98739
1.99021
2.03343
2.07672
2.09192
2.13206
2.14839
2.15285
2.19768
2.22191
2.24797
2.25763
2.27565
2.33596
2.36833
2.40426
2.43387
2.46416
2.49284
2.52133
2.56579
2.57878
2.60489
2.62997
2.6903
2.70709
2.73535
2.78284
2.83581
2.87685
2.90962
2.94001
2.95922
2.97331
3.02332
3.05929
3.10912
3.15143
3.17091
3.1878
3.2117
3.24194
3.26762
3.2826
3.29302
3.32254
3.35823
3.41474
3.42152
3.4483
3.50102
3.55039
3.57776
3.59173
3.60417
3.65132
3.66455
3.71699
3.75145
3.7899
3.81767
3.86888
3.9018
3.90569
3.94249
3.98151
3.99107
4.0368
4.06898
4.07482
4.12708
4.14271
4.18833
4.23076
4.29426
4.3261
4.39752
4.42995
4.46928
4.4886
4.54449
4.57877
4.60946
4.705
4.75372
4.75721
4.78987
4.83991
4.86023
4.92932
4.95264
4.98994
5.02415
5.07908
5.1201
5.14076
5.17856
5.18869
5.25311
5.30166
5.34937
5.35099
5.42446
5.46638
5.5407
5.59202
5.61369
5.70498
5.71022
5.72392
5.73557
5.77267
5.81214
5.8428
5.89276
5.91629
5.95973
5.97389
6.00011
6.02535
6.04686
6.09255
6.10529
6.13859
6.14982
6.17525
6.24169
6.27018
6.3085
6.33566
6.38553
6.41691
6.44345
6.47537
6.5165
6.52604
6.55446
6.59256
6.64842
6.67161
6.70707
6.73838
6.7713
6.79192
6.85392
6.86166
6.87474
6.91781
6.92798
6.9832
6.98694
7.00471
7.04101
7.07343
7.08795
7.11769
7.13583
7.19706
7.20201
7.21497
7.26271
7.27219
7.30645
7.37005
7.39845
7.47528
7.48949
7.52259
7.55973
7.62168
7.66239
7.70386
7.73757
7.76501
7.83837
7.85993
7.91897
7.95938
7.97294
8.03714
8.07364
8.11898
8.16836
8.18995
8.21553
8.23224
8.31943
8.32646
8.39236
8.4332
8.48006
8.62648
8.66403
8.76284
8.79906
8.84901
8.91332
8.93563
8.94879
8.98434
9.05815
9.10246
9.13815
9.14083
9.16958
9.24839
9.38544
9.4555
9.48047
9.49912
9.51216
9.54346
9.57601
9.63703
9.6523
9.66316
9.77939
9.80799
9.83079
9.86616
9.92947
9.97923
10.0538
10.0865
10.1232
10.1902
10.2475
10.262
10.3424
10.3729
10.4373
10.5191
10.5582
10.5785
10.6286
10.6401
10.6888
10.7539
10.7892
10.812
10.859
10.9024
10.945
10.9714
11.0181
11.0523
11.0905
11.1467
11.1536
11.2502
11.3129
11.331
11.3887
11.4942
11.5585
11.5852
11.6345
11.6739
11.7089
11.7619
11.8036
12.0273
12.0818
12.1968
12.2431
12.3433
12.4173
12.535
12.5662
12.6213
12.6656
12.6879
12.7172
12.7751
12.8126
12.8185
12.8979
12.9796
12.994
13.0386
13.1301
13.1949
13.3687
13.4058
13.4233
13.4471
13.5254
13.6131
13.7719
13.848
13.9268
13.9584
14.078
14.1497
14.1637
14.192
14.2164
14.2998
14.479
14.5593
14.6177
14.6855
14.7214
14.9945
15.0581
15.1163
15.2159
15.2642
15.2964
15.3544
15.4541
15.4968
15.6402
15.7986
15.8353
15.9514
15.9697
16.0876
16.122
16.1953
16.3728
16.4447
16.5078
16.7784
16.8099
16.8708
16.9022
16.9422
16.9879
17.0994
17.1145
17.1296
17.2771
17.3086
17.5317
17.6006
17.9598
18.0066
18.1021
18.2588
18.4805
18.5375
18.6292
18.7756
18.8877
18.9135
19.1797
19.3643
19.3883
19.4127
19.4352
19.5329
19.6846
19.9653
20.0057
20.0741
20.1258
20.1476
20.1686
20.1842
20.6387
20.7191
20.753
20.9193
21.0361
21.0927
21.285
21.497
21.5033
21.6613
21.7955
22.3516
22.5758
22.6005
22.6486
22.7236
22.7966
23.0127
23.6964
23.8434
23.9943
24.105
24.1389
24.2468
24.5316
24.5565
24.7955
24.9482
25.1865
26.0164
26.1713
26.3349
26.463
26.5011
27.5501
27.6918
27.7972
28.1865
29.2594
29.2737
31.3276
31.4675
33.2128
33.3057
39.1551
