-86.2475 8
-86.075 0
-85.9025 0
-85.73 0
-85.5575 24
-85.385 8
-85.2125 8
-85.04 0
-84.8675 8
-84.695 0
-84.5226 0
-84.3501 32
-84.1776 72
-84.0051 64
-83.8326 32
-83.6601 32
-83.4876 0
-83.3151 48
-83.1426 64
-82.9701 32
-82.7976 0
-82.6251 56
-82.4526 64
-82.2801 64
-82.1076 128
-81.9351 40
-81.7626 216
-81.5901 192
-81.4176 160
-81.2451 72
-81.0727 96
-80.9002 128
-80.7277 96
-80.5552 80
-80.3827 144
-80.2102 80
-80.0377 96
-79.8652 96
-79.6927 312
-79.5202 32
-79.3477 96
-79.1752 320
-79.0027 480
-78.8302 384
-78.6577 288
-78.4852 544
-78.3127 224
-78.1402 576
-77.9677 320
-77.7952 520
-77.6228 72
-77.4503 264
-77.2778 296
-77.1053 392
-76.9328 736
-76.7603 64
-76.5878 384
-76.4153 1288
-76.2428 768
-76.0703 48
-75.8978 832
-75.7253 744
-75.5528 544
-75.3803 544
-75.2078 1792
-75.0353 240
-74.8628 384
-74.6903 1216
-74.5178 1152
-74.3453 1680
-74.1729 784
-74.0004 896
-73.8279 2000
-73.6554 1952
-73.4829 704
-73.3104 1064
-73.1379 1360
-72.9654 2880
-72.7929 1376
-72.6204 1520
-72.4479 2080
-72.2754 640
-72.1029 1792
-71.9304 1824
-71.7579 1896
-71.5854 1152
-71.4129 2112
-71.2404 2112
-71.0679 5536
-70.8954 1704
-70.723 3264
-70.5505 4024
-70.378 2568
-70.2055 2688
-70.033 4688
-69.8605 3736
-69.688 4704
-69.5155 3168
-69.343 6272
-69.1705 2448
-68.998 3384
-68.8255 7176
-68.653 4256
-68.4805 8032
-68.308 9088
-68.1355 4208
-67.963 7616
-67.7905 7776
-67.618 8160
-67.4455 6304
-67.2731 7680
-67.1006 9424
-66.9281 7120
-66.7556 8488
-66.5831 6920
-66.4106 8000
-66.2381 8704
-66.0656 5168
-65.8931 13016
-65.7206 14008
-65.5481 17264
-65.3756 10312
-65.2031 21000
-65.0306 10024
-64.8581 25600
-64.6856 18304
-64.5131 11464
-64.3406 19984
-64.1681 17288
-63.9956 22376
-63.8232 26472
-63.6507 16256
-63.4782 23608
-63.3057 17376
-63.1332 24016
-62.9607 47720
-62.7882 21824
-62.6157 26928
-62.4432 46504
-62.2707 24184
-62.0982 28368
-61.9257 35728
-61.7532 37776
-61.5807 25304
-61.4082 39320
-61.2357 31192
-61.0632 37648
-60.8907 28624
-60.7182 38048
-60.5457 54264
-60.3733 61336
-60.2008 31952
-60.0283 43648
-59.8558 53696
-59.6833 86704
-59.5108 54848
-59.3383 66144
-59.1658 67920
-58.9933 83368
-58.8208 51928
-58.6483 87304
-58.4758 69672
-58.3033 74744
-58.1308 58368
-57.9583 115320
-57.7858 89392
-57.6133 106464
-57.4408 83008
-57.2683 79840
-57.0958 180304
-56.9234 113512
-56.7509 102336
-56.5784 110752
-56.4059 98792
-56.2334 125160
-56.0609 89768
-55.8884 195648
-55.7159 89032
-55.5434 90336
-55.3709 153248
-55.1984 146096
-55.0259 201920
-54.8534 97248
-54.6809 186056
-54.5084 222888
-54.3359 156064
-54.1634 168400
-53.9909 200440
-53.8184 239496
-53.6459 198224
-53.4735 213680
-53.301 215776
-53.1285 284112
-52.956 200104
-52.7835 237608
-52.611 254056
-52.4385 302784
-52.266 235360
-52.0935 285672
-51.921 272224
-51.7485 496080
-51.576 309592
-51.4035 342168
-51.231 337376
-51.0585 364640
-50.886 382960
-50.7135 375192
-50.541 386440
-50.3685 344640
-50.196 358144
-50.0236 524968
-49.8511 378584
-49.6786 378568
-49.5061 474400
-49.3336 430096
-49.1611 740608
-48.9886 494288
-48.8161 573288
-48.6436 500016
-48.4711 499000
-48.2986 627928
-48.1261 544304
-47.9536 610344
-47.7811 633232
-47.6086 537488
-47.4361 735464
-47.2636 805544
-47.0911 706008
-46.9186 607432
-46.7461 640160
-46.5737 927544
-46.4012 928952
-46.2287 828168
-46.0562 742912
-45.8837 1321416
-45.7112 830864
-45.5387 1085584
-45.3662 877688
-45.1937 866528
-45.0212 1181592
-44.8487 1146616
-44.6762 1148192
-44.5037 1084976
-44.3312 995016
-44.1587 1168712
-43.9862 1144128
-43.8137 1049416
-43.6412 1804928
-43.4687 1427112
-43.2962 1578088
-43.1238 1521792
-42.9513 1510080
-42.7788 1280696
-42.6063 1526656
-42.4338 1389088
-42.2613 1283520
-42.0888 1779608
-41.9163 1696072
-41.7438 1600816
-41.5713 1678704
-41.3988 1681008
-41.2263 2436696
-41.0538 1794800
-40.8813 1313384
-40.7088 2329120
-40.5363 2129456
-40.3638 2281880
-40.1913 2418848
-40.0188 2163512
-39.8463 2090992
-39.6739 2156216
-39.5014 2149768
-39.3289 2883264
-39.1564 2655528
-38.9839 2469272
-38.8114 2684216
-38.6389 2814888
-38.4664 3052296
-38.2939 2468512
-38.1214 2508664
-37.9489 2791176
-37.7764 5231088
-37.6039 2871608
-37.4314 3524072
-37.2589 2731328
-37.0864 3764904
-36.9139 3304776
-36.7414 3535560
-36.5689 3443792
-36.3964 3756688
-36.224 2632192
-36.0515 3794008
-35.879 4045960
-35.7065 4869672
-35.534 4269776
-35.3615 4941408
-35.189 3754160
-35.0165 3910336
-34.844 5219696
-34.6715 3558496
-34.499 4987648
-34.3265 4771776
-34.154 5022656
-33.9815 4394032
-33.809 4613232
-33.6365 4706728
-33.464 6223848
-33.2915 4432648
-33.119 6493104
-32.9465 4654856
-32.7741 6385016
-32.6016 6120216
-32.4291 5286576
-32.2566 6431328
-32.0841 8256424
-31.9116 5630272
-31.7391 5631808
-31.5666 7227632
-31.3941 6179840
-31.2216 8839896
-31.0491 5921056
-30.8766 7240240
-30.7041 7368040
-30.5316 7454464
-30.3591 6077976
-30.1866 7531248
-30.0141 6608144
-29.8416 14311336
-29.6691 8584176
-29.4966 8147280
-29.3242 7565216
-29.1517 7612312
-28.9792 8417872
-28.8067 8392920
-28.6342 8744192
-28.4617 8838584
-28.2892 8923440
-28.1167 8668904
-27.9442 10054248
-27.7717 10278352
-27.5992 9607896
-27.4267 8366096
-27.2542 14212368
-27.0817 8462952
-26.9092 12376616
-26.7367 10035200
-26.5642 11610352
-26.3917 10624160
-26.2192 11662080
-26.0467 10946944
-25.8743 10713968
-25.7018 9849288
-25.5293 13235752
-25.3568 13653696
-25.1843 12308960
-25.0118 12550256
-24.8393 11928376
-24.6668 13825528
-24.4943 11256392
-24.3218 12435208
-24.1493 13814776
-23.9768 18957192
-23.8043 14085472
-23.6318 17146488
-23.4593 12454216
-23.2868 17757824
-23.1143 11803728
-22.9418 15524216
-22.7693 16565432
-22.5968 15752424
-22.4244 12293568
-22.2519 13880560
-22.0794 15118912
-21.9069 27750720
-21.7344 18527296
-21.5619 12174224
-21.3894 16962464
-21.2169 15016352
-21.0444 16448824
-20.8719 16505536
-20.6994 18815760
-20.5269 16957344
-20.3544 20183448
-20.1819 15849288
-20.0094 19066080
-19.8369 16498320
-19.6644 19038440
-19.4919 18034936
-19.3194 24587256
-19.1469 16631240
-18.9745 26566072
-18.802 18523960
-18.6295 18718912
-18.457 24316224
-18.2845 18335064
-18.112 20595736
-17.9395 21195056
-17.767 18200448
-17.5945 25158904
-17.422 24566272
-17.2495 19542272
-17.077 22215352
-16.9045 19105832
-16.732 22947536
-16.5595 20754704
-16.387 21337648
-16.2145 18433448
-16.042 47709632
-15.8695 22560760
-15.697 22836648
-15.5246 28491184
-15.3521 19549992
-15.1796 28642016
-15.0071 28430224
-14.8346 24608696
-14.6621 24050808
-14.4896 23665256
-14.3171 23468352
-14.1446 25502016
-13.9721 21546904
-13.7996 42531304
-13.6271 27226360
-13.4546 25555656
-13.2821 22577784
-13.1096 26171312
-12.9371 28025696
-12.7646 32742152
-12.5921 27375680
-12.4196 21788832
-12.2471 33310432
-12.0747 30123200
-11.9022 24737440
-11.7297 27823680
-11.5572 28597824
-11.3847 32549032
-11.2122 29862840
-11.0397 22514784
-10.8672 46483264
-10.6947 26033288
-10.5222 36646248
-10.3497 26749952
-10.1772 27947544
-10.0047 31522688
-9.83222 31326880
-9.65972 28930968
-9.48723 36035712
-9.31473 31313576
-9.14224 31385888
-8.96974 28823176
-8.79725 29128208
-8.62475 29781480
-8.45226 30297840
-8.27976 27200392
-8.10727 25209912
-7.93477 82862792
-7.76228 28953408
-7.58978 39518208
-7.41729 25628728
-7.24479 34306224
-7.0723 27383824
-6.8998 38690688
-6.72731 33744248
-6.55481 35338496
-6.38232 25496648
-6.20982 35502472
-6.03733 36224552
-5.86483 43484728
-5.69234 35468656
-5.51984 31714448
-5.34735 32363384
-5.17485 32166912
-5.00236 40823656
-4.82986 31528632
-4.65737 40923368
-4.48487 34620736
-4.31238 39919168
-4.13988 29508896
-3.96739 37794888
-3.79489 31369536
-3.6224 38462512
-3.4499 31107624
-3.27741 46448592
-3.10491 28842848
-2.93242 52175224
-2.75992 31087760
-2.58743 33301408
-2.41493 40905360
-2.24244 31758664
-2.06994 36551528
-1.89745 35226656
-1.72495 40337384
-1.55246 32330920
-1.37996 40604648
-1.20747 31282784
-1.03497 40807608
-0.862475 33799304
-0.68998 31329136
-0.517485 29182736
-0.34499 37972488
-0.172495 30562392
0 97922018
0.172495 30691960
0.34499 37786736
0.517485 29263960
0.68998 31292016
0.862475 33739832
1.03497 40813024
1.20747 31299296
1.37996 40660240
1.55246 32126968
1.72495 40342792
1.89745 35227848
2.06994 36472384
2.24244 31708728
2.41493 40895168
2.58743 33145944
2.75992 31055648
2.93242 52200248
3.10491 28637672
3.27741 46524000
3.4499 30976680
3.6224 38348288
3.79489 31309304
3.96739 37757896
4.13988 29440472
4.31238 39761192
4.48487 34513192
4.65737 40862560
4.82986 31456712
5.00236 40677008
5.17485 32102432
5.34735 32158256
5.51984 31610584
5.69234 35379648
5.86483 43339560
6.03733 36167224
6.20982 35338840
6.38232 25368168
6.55481 35228448
6.72731 33589528
6.8998 38611272
7.0723 27131920
7.24479 34183896
7.41729 25536864
7.58978 39376016
7.76228 28817240
7.93477 82688456
8.10727 25048488
8.27976 27000408
8.45226 30188176
8.62475 29600488
8.79725 28967424
8.96974 28611520
9.14224 31229216
9.31473 31210168
9.48723 35740032
9.65972 28940248
9.83222 31003504
10.0047 31329160
10.1772 27843856
10.3497 26435264
10.5222 36624080
10.6947 25805704
10.8672 46245848
11.0397 22319296
11.2122 29679120
11.3847 32358712
11.5572 28417640
11.7297 27566624
11.9022 24562016
12.0747 29919232
12.2471 33077904
12.4196 21709328
12.5921 27064680
12.7646 32497000
12.9371 27920448
13.1096 25881688
13.2821 22414552
13.4546 25334064
13.6271 26972008
13.7996 42303608
13.9721 21377864
14.1446 25304048
14.3171 23237176
14.4896 23449224
14.6621 23818432
14.8346 24418232
15.0071 28154592
15.1796 28494352
15.3521 19240152
15.5246 28289160
15.697 22692840
15.8695 22245512
16.042 47613096
16.2145 18159048
16.387 21068832
16.5595 20522400
16.732 22677136
16.9045 18950264
17.077 21994080
17.2495 19312544
17.422 24338008
17.5945 24923192
17.767 17968248
17.9395 21050144
18.112 20302648
18.2845 18087832
18.457 24143560
18.6295 18462280
18.802 18361848
18.9745 26338776
19.1469 16341864
19.3194 24410272
19.4919 17765800
19.6644 18891128
19.8369 16236960
20.0094 18825272
20.1819 15674496
20.3544 19930232
20.5269 16808968
20.6994 18618736
20.8719 16215984
21.0444 16232864
21.2169 14887704
21.3894 16711432
21.5619 11980560
21.7344 18301272
21.9069 27513200
22.0794 14939120
22.2519 13660608
22.4244 12170512
22.5968 15510296
22.7693 16363864
22.9418 15334312
23.1143 11574200
23.2868 17579184
23.4593 12275600
23.6318 16925552
23.8043 13887648
23.9768 18810424
24.1493 13552512
24.3218 12322280
24.4943 11088976
24.6668 13577784
24.8393 11743480
25.0118 12337088
25.1843 12201296
25.3568 13451328
25.5293 13041864
25.7018 9717288
25.8743 10464456
26.0467 10820520
26.2192 11519720
26.3917 10397632
26.5642 11437192
26.7367 9897008
26.9092 12226976
27.0817 8306568
27.2542 14056880
27.4267 8164752
27.5992 9475808
27.7717 10100528
27.9442 9936296
28.1167 8488496
28.2892 8746048
28.4617 8723736
28.6342 8572176
28.8067 8292520
28.9792 8270696
29.1517 7439656
29.3242 7428728
29.4966 8015136
29.6691 8436448
29.8416 14168216
30.0141 6488664
30.1866 7406920
30.3591 5936184
30.5316 7299912
30.7041 7277704
30.8766 7128880
31.0491 5774256
31.2216 8718920
31.3941 6047968
31.5666 7114032
31.7391 5518200
31.9116 5503856
32.0841 8154432
32.2566 6310576
32.4291 5181080
32.6016 6016104
32.7741 6292256
32.9465 4523312
33.119 6381888
33.2915 4334448
33.464 6162664
33.6365 4592872
33.809 4484800
33.9815 4334520
34.154 4905312
34.3265 4674192
34.499 4919344
34.6715 3442016
34.844 5134400
35.0165 3815784
35.189 3700656
35.3615 4852576
35.534 4178816
35.7065 4799704
35.879 3958040
36.0515 3708416
36.224 2561760
36.3964 3673256
36.5689 3378560
36.7414 3460696
36.9139 3211992
37.0864 3714048
37.2589 2682832
37.4314 3441640
37.6039 2798864
37.7764 5167376
37.9489 2732408
38.1214 2437224
38.2939 2413168
38.4664 3008088
38.6389 2737936
38.8114 2630136
38.9839 2421928
39.1564 2594352
39.3289 2819616
39.5014 2102456
39.6739 2097064
39.8463 2051984
40.0188 2119960
40.1913 2350008
40.3638 2244280
40.5363 2080416
40.7088 2285504
40.8813 1273920
41.0538 1752304
41.2263 2388712
41.3988 1631840
41.5713 1645216
41.7438 1563936
41.9163 1657976
42.0888 1738016
42.2613 1249888
42.4338 1348816
42.6063 1483648
42.7788 1256168
42.9513 1473640
43.1238 1490352
43.2962 1539376
43.4687 1402488
43.6412 1784352
43.8137 1013672
43.9862 1109344
44.1587 1137464
44.3312 971128
44.5037 1059440
44.6762 1116704
44.8487 1126584
45.0212 1151992
45.1937 843584
45.3662 854792
45.5387 1069280
45.7112 805552
45.8837 1292472
46.0562 723672
46.2287 814056
46.4012 904584
46.5737 906280
46.7461 627392
46.9186 584808
47.0911 685544
47.2636 789952
47.4361 718776
47.6086 517424
47.7811 615760
47.9536 599088
48.1261 530992
48.2986 614664
48.4711 483416
48.6436 485576
48.8161 557928
48.9886 478016
49.1611 729016
49.3336 421728
49.5061 460720
49.6786 361104
49.8511 370008
50.0236 514712
50.196 345712
50.3685 333616
50.541 379704
50.7135 366360
50.886 370800
51.0585 356624
51.231 328096
51.4035 331096
51.576 300664
51.7485 490776
51.921 264464
52.0935 278064
52.266 225968
52.4385 292912
52.611 247752
52.7835 232520
52.956 193272
53.1285 279792
53.301 209432
53.4735 206976
53.6459 193648
53.8184 234984
53.9909 194920
54.1634 161744
54.3359 151008
54.5084 219344
54.6809 180440
54.8534 93960
55.0259 197376
55.1984 141440
55.3709 149008
55.5434 87832
55.7159 86888
55.8884 191648
56.0609 85128
56.2334 123272
56.4059 96648
56.5784 107712
56.7509 97920
56.9234 109656
57.0958 178352
57.2683 77056
57.4408 80272
57.6133 104888
57.7858 87312
57.9583 112400
58.1308 55392
58.3033 73768
58.4758 67656
58.6483 84616
58.8208 50496
58.9933 82152
59.1658 65760
59.3383 64368
59.5108 54272
59.6833 83920
59.8558 51664
60.0283 42720
60.2008 31472
60.3733 60312
60.5457 52504
60.7182 36888
60.8907 27056
61.0632 37200
61.2357 30920
61.4082 38808
61.5807 24408
61.7532 36416
61.9257 34736
62.0982 27776
62.2707 23448
62.4432 44904
62.6157 26832
62.7882 21664
62.9607 46632
63.1332 23632
63.3057 16832
63.4782 22808
63.6507 15496
63.8232 26536
63.9956 22088
64.1681 16648
64.3406 19120
64.5131 11016
64.6856 17776
64.8581 25272
65.0306 9352
65.2031 20200
65.3756 10184
65.5481 16848
65.7206 13528
65.8931 12792
66.0656 4960
66.2381 8448
66.4106 7968
66.5831 6760
66.7556 8264
66.9281 6672
67.1006 9008
67.2731 7360
67.4455 6048
67.618 8160
67.7905 7328
67.963 7616
68.1355 4080
68.308 9024
68.4805 7904
68.653 4192
68.8255 7024
68.998 3304
69.1705 2384
69.343 6112
69.5155 3032
69.688 4704
69.8605 3608
70.033 4592
70.2055 2624
70.378 2536
70.5505 3896
70.723 3232
70.8954 1544
71.0679 5536
71.2404 2048
71.4129 2112
71.5854 1152
71.7579 1896
71.9304 1760
72.1029 1696
72.2754 704
72.4479 1952
72.6204 1488
72.7929 1248
72.9654 2880
73.1379 1296
73.3104 1064
73.4829 672
73.6554 1952
73.8279 2000
74.0004 896
74.1729 784
74.3453 1680
74.5178 1152
74.6903 1240
74.8628 416
75.0353 240
75.2078 1696
75.3803 544
75.5528 512
75.7253 744
75.8978 832
76.0703 48
76.2428 768
76.4153 1288
76.5878 384
76.7603 64
76.9328 736
77.1053 392
77.2778 296
77.4503 264
77.6228 72
77.7952 456
77.9677 288
78.1402 576
78.3127 224
78.4852 544
78.6577 288
78.8302 384
79.0027 480
79.1752 320
79.3477 96
79.5202 32
79.6927 312
79.8652 96
80.0377 96
80.2102 80
80.3827 152
80.5552 48
80.7277 96
80.9002 128
81.0727 96
81.2451 72
81.4176 160
81.5901 192
81.7626 216
81.9351 40
82.1076 128
82.2801 64
82.4526 64
82.6251 56
82.7976 0
82.9701 32
83.1426 64
83.3151 48
83.4876 0
83.6601 32
83.8326 32
84.0051 64
84.1776 72
84.3501 32
84.5226 0
84.695 0
84.8675 8
85.04 0
85.2125 8
85.385 8
85.5575 24
85.73 0
85.9025 0
86.075 0
86.2475 0
