-52.5754 4
-45.6333 36
-41.7552 96
-41.5692 128
-40.9322 96
-40.0661 36
-39.3786 72
-38.6912 36
-38.4415 192
-36.9766 36
-36.9322 128
-36.7846 96
-35.0503 216
-34.3628 24
-33.8564 576
-33.5055 72
-33.124 324
-32.7846 64
-32.4365 72
-32.2667 72
-31.749 4
-31.5792 216
-31.5276 864
-30.4415 864
-30.3404 24
-30.0344 324
-29.6529 24
-28.7956 216
-28.7846 2016
-28.1082 648
-27.8988 864
-27.7128 2304
-27.5568 36
-27.5276 1152
-27.2509 216
-27.1278 192
-26.9282 576
-26.8693 216
-26.5634 216
-26.1819 324
-25.8564 1728
-25.7552 32
-25.7153 864
-25.3246 648
-24.9706 2304
-24.9322 32
-24.7846 3072
-24.6371 216
-24.5851 1728
-24.4673 324
-23.9192 1728
-23.7798 648
-23.3983 72
-23.0923 324
-22.9282 864
-22.9225 24
-22.541 648
-22.4415 576
-22.235 24
-22.1231 864
-21.8564 1728
-21.8535 864
-21.7153 1152
-21.6569 4608
-21.3777 36
-21.166 216
-21.013 1728
-20.9962 648
-20.9706 1248
-20.7846 2176
-20.6147 324
-20.3087 720
-20 1728
-19.9272 216
-19.9192 2304
-19.7574 72
-19.6212 72
-19.4514 648
-19.2397 36
-19.2169 576
-19.1278 864
-19.0699 720
-18.9282 2304
-18.764 72
-18.3824 648
-18.2126 24
-18.1231 1152
-17.9067 72
-17.8564 2304
-17.6569 2496
-17.5251 3132
-17.1436 24
-17.013 2304
-16.8377 648
-16.7846 192
-16.6679 216
-16.5851 7776
-16.4561 24
-16.3107 7776
-16.2863 216
-16.1502 36
-16 192
-15.9804 864
-15.5988 1968
-15.5276 288
-15.2929 24
-15.2169 768
-15.0475 4
-14.9282 19872
-14.9114 216
-14.7416 864
-14.5146 1728
-14.4415 288
-14.4356 324
-14.36 72
-14.0541 2232
-14.0424 864
-13.8564 14400
-13.6725 324
-13.6569 20736
-13.4046 576
-13.3666 216
-13.2713 1728
-13.1968 720
-13.0718 576
-12.8153 648
-12.7846 1152
-12.7185 96
-12.5093 1968
-12.3107 10368
-12.1278 720
-12 14560
-11.958 324
-11.8988 288
-11.652 216
-11.6085 5184
-11.4403 72
-11.2705 2232
-11.1278 576
-10.9645 216
-10.9282 29952
-10.7287 1728
-10.583 3132
-10.5146 2304
-10.4984 864
-10.4132 72
-10.3431 4608
-10.0317 216
-9.85641 5184
-9.72572 2232
-9.7153 288
-9.65685 11232
-9.40456 768
-9.34419 864
-9.0718 864
-9.03823 864
-8.97056 1536
-8.86844 324
-8.78461 1024
-8.71851 128
-8.70228 5184
-8.65671 648
-8.58506 5184
-8.48691 648
-8.18095 648
-8.10538 36
-8 21888
-7.91919 576
-7.81405 96
-7.79942 2808
-7.60845 6912
-7.49346 324
-7.4179 72
-7.11194 648
-6.94214 1968
-6.9282 21312
-6.90617 7776
-6.73041 36
-6.56061 216
-6.49839 1152
-6.34315 2496
-6.25465 2808
-6.14359 576
-6.12307 288
-5.87312 648
-5.85641 576
-5.79611 1728
-5.7789 4
-5.65685 15360
-5.56716 648
-5.39737 648
-5.27135 7776
-5.0718 2304
-5.01584 3132
-5.01302 576
-4.97056 416
-4.78461 288
-4.70988 720
-4.70228 6912
-4.32835 2232
-4.15856 216
-4.02239 72
-4 20832
-3.8526 216
-3.64087 324
-3.47107 2808
-3.2169 192
-3.16511 24
-3.12776 288
-3.08954 648
-2.9282 6912
-2.90617 10368
-2.78358 2232
-2.72865 7776
-2.61379 24
-2.40205 216
-2.34315 20736
-2.23226 216
-2.20389 1728
-2.09609 24
-1.9263 3132
-1.85641 1728
-1.79611 2304
-1.65685 7488
-1.54477 2232
-1.23881 648
-1.16324 36
-1.09383 7776
-1.0718 19872
-1.06902 72
-0.857283 864
-0.687488 720
-0.585057 2592
-0.551323 36
-0.381527 216
-0.310734 2592
-0.185953 96
0 41156
0.381527 216
0.551323 36
0.585057 1728
0.687488 720
0.702282 5184
0.857283 864
1.06902 72
1.0718 10944
1.16324 36
1.23881 648
1.48538 576
1.54477 2232
1.65685 11232
1.79611 2304
1.85641 1728
1.9263 3132
1.95764 288
2.09609 24
2.14359 576
2.23226 216
2.34315 13824
2.40205 216
2.49839 864
2.59544 192
2.61379 24
2.72865 5184
2.78358 2232
2.90617 10368
2.9282 29952
3.08954 648
3.12776 192
3.16511 24
3.21539 160
3.28149 32
3.47107 2808
3.60845 5184
3.64087 324
3.8526 216
4 25152
4.02239 72
4.15856 216
4.32835 2232
4.39155 1728
4.70228 6912
4.70988 720
4.71851 96
4.78461 96
5.01584 3132
5.0718 10944
5.27135 5184
5.39737 648
5.40456 576
5.50161 288
5.56716 648
5.65685 15360
5.7789 4
5.85641 1728
5.87312 648
6.04236 864
6.25465 2808
6.34315 3744
6.49839 1152
6.51462 1728
6.56061 216
6.73041 36
6.9282 21312
6.94214 1968
7.02944 256
7.11194 648
7.29772 1728
7.4179 72
7.49346 324
7.60845 6912
7.79942 2808
8 12480
8.10538 36
8.18095 648
8.18595 32
8.31073 7776
8.48691 648
8.58506 7776
8.65671 648
8.71851 128
8.78461 64
8.86844 324
8.97056 2304
9.03823 864
9.0718 3168
9.09383 2592
9.34419 864
9.40456 768
9.65685 7488
9.72572 2232
9.85641 2304
10.0317 216
10.2039 576
10.3431 4608
10.4132 72
10.5146 2304
10.583 3132
10.7287 2592
10.9282 6912
10.9645 216
11.1278 864
11.2169 576
11.2705 2232
11.4403 72
11.652 216
11.958 324
12 9824
12.1278 720
12.3107 10368
12.5093 1968
12.7846 2016
12.8153 648
12.9706 1248
13.013 1728
13.1968 720
13.2713 2592
13.3666 216
13.6569 13824
13.6725 324
13.7961 576
13.8564 14400
14.0541 2232
14.1231 864
14.36 72
14.4356 324
14.4415 192
14.7416 864
14.9062 2592
14.9114 216
14.9282 10944
15.0475 4
15.2169 768
15.2929 24
15.5988 1968
15.814 32
15.9192 1728
15.9804 864
16 2304
16.1502 36
16.2863 216
16.4561 24
16.5851 5184
16.6679 216
16.7023 1728
16.7846 3072
16.8377 648
17.013 2304
17.0718 1440
17.1436 24
17.5251 3132
17.6569 3744
17.7153 864
17.8564 5184
17.9067 72
18.1231 1152
18.2126 24
18.3431 2304
18.3824 648
18.4984 288
18.764 72
18.9282 10944
19.0699 720
19.1278 576
19.2397 36
19.4514 648
19.6085 1728
19.6212 72
19.7574 72
19.8988 864
19.9192 2304
19.9272 216
20 3072
20.3087 720
20.6147 324
20.7185 32
20.7846 2176
20.9962 648
21.166 216
21.3777 36
21.4046 192
21.6569 4608
21.7153 1152
21.8535 864
21.8564 576
22.0424 288
22.235 24
22.4415 864
22.5146 576
22.541 648
22.9225 24
22.9282 3168
23.0923 324
23.3983 72
23.5276 864
23.7798 648
24 1728
24.3107 2592
24.4673 324
24.5851 2592
24.6371 216
24.7846 192
24.9706 1536
25.3246 648
25.8564 1728
26.1819 324
26.5634 216
26.8693 216
27.1278 288
27.2169 192
27.2509 216
27.5276 1152
27.5568 36
27.7128 2304
28.1082 648
28.7846 1152
28.7956 216
28.9706 416
29.013 576
29.6529 24
29.6569 2304
29.8564 576
30.0344 324
30.1231 288
30.3404 24
30.4415 576
30.9282 1440
31.5792 216
31.749 4
31.9192 576
32.2667 72
32.4365 72
32.7846 1024
32.9322 96
33.124 324
33.5055 72
33.7153 288
33.7552 96
34.3628 24
35.0503 216
35.8988 288
36 352
36.7846 288
36.9322 128
36.9766 36
38.4415 288
38.6912 36
39.3786 72
39.5276 288
40.0661 36
40.9706 256
41.5692 128
44.7846 160
45.6333 36
48.9322 32
49.7552 32
52.5754 4
