-67.9974 1
-66.6374 1
-65.2775 1
-63.9175 0
-62.5576 4
-61.1976 4
-59.8377 9
-58.4777 13
-57.1178 13
-55.7578 25
-54.3979 39
-53.038 73
-51.678 104
-50.3181 166
-48.9581 255
-47.5982 405
-46.2382 561
-44.8783 727
-43.5183 981
-42.1584 1321
-40.7984 1788
-39.4385 2294
-38.0785 3090
-36.7186 3892
-35.3586 5053
-33.9987 6334
-32.6387 7966
-31.2788 9792
-29.9188 11891
-28.5589 14373
-27.1989 16907
-25.839 20173
-24.4791 23567
-23.1191 27276
-21.7592 31445
-20.3992 35874
-19.0393 40446
-17.6793 45175
-16.3194 50442
-14.9594 55039
-13.5995 60230
-12.2395 64923
-10.8796 69796
-9.51963 74109
-8.15968 78103
-6.79974 81812
-5.43979 84615
-4.07984 87439
-2.71989 88907
-1.35995 90078
0 90470
1.35995 90078
2.71989 88907
4.07984 87439
5.43979 84615
6.79974 81812
8.15968 78103
9.51963 74109
10.8796 69796
12.2395 64923
13.5995 60230
14.9594 55039
16.3194 50442
17.6793 45175
19.0393 40446
20.3992 35874
21.7592 31445
23.1191 27276
24.4791 23567
25.839 20173
27.1989 16907
28.5589 14373
29.9188 11891
31.2788 9792
32.6387 7966
33.9987 6334
35.3586 5053
36.7186 3892
38.0785 3090
39.4385 2294
40.7984 1788
42.1584 1321
43.5183 981
44.8783 727
46.2382 561
47.5982 405
48.9581 255
50.3181 166
51.678 104
53.038 73
54.3979 39
55.7578 25
57.1178 13
58.4777 13
59.8377 9
61.1976 4
62.5576 4
63.9175 0
65.2775 1
66.6374 1
67.9974 1
