-60.424 0
-59.2155 0
-58.007 0
-56.7985 0
-55.59 0
-54.3816 0
-53.1731 1
-51.9646 2
-50.7561 7
-49.5477 26
-48.3392 17
-47.1307 24
-45.9222 32
-44.7137 48
-43.5053 78
-42.2968 88
-41.0883 109
-39.8798 166
-38.6713 214
-37.4629 290
-36.2544 375
-35.0459 460
-33.8374 620
-32.6289 795
-31.4205 952
-30.212 1180
-29.0035 1406
-27.795 1651
-26.5865 1982
-25.3781 2316
-24.1696 2730
-22.9611 3182
-21.7526 3633
-20.5441 4171
-19.3357 4739
-18.1272 5303
-16.9187 5914
-15.7102 6547
-14.5018 7108
-13.2933 7714
-12.0848 8314
-10.8763 9003
-9.66783 9443
-8.45936 9988
-7.25088 10592
-6.0424 10980
-4.83392 11261
-3.62544 11585
-2.41696 11835
-1.20848 11946
7.10543e-15 11937
1.20848 11906
2.41696 11846
3.62544 11538
4.83392 11240
6.0424 10977
7.25088 10582
8.45936 10023
9.66783 9484
10.8763 9013
12.0848 8339
13.2933 7718
14.5018 7123
15.7102 6511
16.9187 5846
18.1272 5288
19.3357 4687
20.5441 4173
21.7526 3663
22.9611 3214
24.1696 2757
25.3781 2359
26.5865 2017
27.795 1678
29.0035 1373
30.212 1143
31.4205 918
32.6289 766
33.8374 606
35.0459 451
36.2544 371
37.4629 302
38.6713 236
39.8798 193
41.0883 142
42.2968 85
43.5053 73
44.7137 43
45.9222 24
47.1307 23
48.3392 11
49.5477 10
50.7561 9
51.9646 0
53.1731 4
54.3816 4
55.59 0
56.7985 1
58.007 0
59.2155 1
60.424 1
