-22.5297
-20.6924
-19.2312
-19.1293
-19.0447
-18.9483
-17.3796
-17.3463
-17.1861
-14.1612
-13.987
-13.8502
-13.7859
-13.6428
-13.5432
-13.395
-13.3692
-12.5749
-12.1267
-12.0904
-12.0083
-11.9616
-11.4977
-11.4005
-11.0914
-11.0439
-10.9213
-10.7381
-10.4984
-10.3632
-10.3393
-10.2062
-9.84303
-9.78789
-9.64891
-9.60688
-9.51516
-9.40718
-9.24372
-9.18036
-8.48707
-8.42185
-8.36168
-8.35143
-8.25531
-8.24786
-8.21156
-8.16831
-8.09198
-7.86659
-7.80744
-7.65325
-7.12934
-6.94344
-6.90711
-6.89778
-6.86356
-6.80686
-6.75507
-6.75366
-6.6233
-6.40986
-6.25411
-6.15049
-6.01269
-5.44455
-5.39452
-5.34878
-5.28585
-5.25871
-5.20056
-5.15379
-5.08602
-5.04644
-4.84015
-4.6405
-4.57879
-4.53281
-4.47674
-4.45826
-4.35385
-4.34425
-4.25492
-4.18305
-4.16449
-4.12858
-4.08585
-4.07159
-3.94638
-3.91092
-3.80014
-3.77075
-3.65089
-3.54209
-3.38934
-3.25876
-3.18842
-3.1647
-3.14341
-3.02403
-3.01187
-2.97208
-2.86073
-2.80146
-2.7168
-2.63184
-2.52166
-2.47167
-2.15453
-2.05436
-2.0335
-1.98652
-1.77933
-1.64036
-1.30602
-1.20805
-1.1323
-1.12561
-1.05333
-0.881563
-0.844174
-0.776409
-0.57518
-0.54815
-0.513861
-0.400478
-0.39632
-0.331987
-0.291559
-0.232921
-0.161174
-0.125479
-0.0794635
-0.0432634
-0.00474592
0
0.0495956
0.0908633
0.157022
0.200571
0.221248
0.340112
0.3587
0.397167
0.504098
0.567564
0.632144
0.744946
0.905132
0.975614
1.05426
1.20906
1.3013
1.37455
1.41046
1.43273
1.59064
1.65686
1.70828
1.91921
1.92839
2.03632
2.15629
2.22091
2.22897
2.32425
2.35983
2.38637
2.43879
2.46522
2.52266
2.53979
2.54217
2.56716
2.62932
2.72805
2.82969
2.86371
2.89718
2.97715
3.03112
3.03748
3.08907
3.15606
3.25157
3.32359
3.33908
3.36949
3.41285
3.43506
3.445
3.45266
3.51038
3.64343
3.70984
3.8098
3.83608
3.86715
3.96629
3.96993
4.04469
4.07768
4.13296
4.18424
4.25426
4.38268
4.42541
4.61979
4.66462
4.76078
4.79861
4.8487
4.98722
5.10265
5.17377
5.32313
5.34811
5.37621
5.45199
5.48259
5.63831
5.73888
5.74636
5.80095
5.84383
5.8628
5.97366
6.06756
6.11129
6.17283
6.21423
6.26997
6.34618
6.46502
6.63867
6.70116
6.75619
6.78474
6.79317
6.84816
6.85171
6.88668
6.91591
6.94298
6.97374
7.01703
7.05137
7.07372
7.14014
7.1636
7.26733
7.33681
7.56599
7.67476
7.73899
7.82661
7.95133
8.01617
8.21102
8.34241
8.37639
8.44455
8.54211
8.6686
8.89818
8.92819
8.96604
9.22433
9.306
9.47579
9.59715
9.60586
9.73056
9.88671
9.94804
9.99703
10.0748
10.2367
10.2551
10.2991
10.3267
10.4825
10.5683
10.6517
10.6952
10.778
10.8059
10.8508
10.8862
10.9155
10.999
11.0434
11.2896
11.5874
11.9548
12.2333
12.3245
12.4968
12.6318
12.9775
13.0481
13.0992
13.1958
13.3102
13.4798
13.6299
13.6669
13.7224
13.8549
13.9651
14.0034
14.1061
14.3256
14.4124
14.4935
14.6972
14.9195
15.372
15.4626
15.6595
15.7588
16.0287
16.1484
16.1677
16.3152
16.5609
16.7365
16.7952
16.9419
17.0482
17.1225
17.2666
17.321
17.3932
17.594
17.642
17.6658
18.6093
18.6555
18.9255
19.3456
19.5123
19.688
19.9355
20.0237
20.0636
20.3789
20.6773
20.7748
20.8356
21.004
21.1158
21.2129
21.3186
21.7704
21.8224
22.0895
23.3663
23.9719
24.2159
25.3956
25.5225
26.3726
26.424
31.3592
