-47.7949 1
-46.839 0
-45.8831 1
-44.9272 0
-43.9713 0
-43.0154 1
-42.0595 0
-41.1036 1
-40.1477 3
-39.1918 0
-38.2359 4
-37.28 0
-36.3241 5
-35.3682 4
-34.4123 5
-33.4564 11
-32.5005 12
-31.5446 15
-30.5887 18
-29.6328 26
-28.6769 29
-27.721 39
-26.7651 53
-25.8092 44
-24.8533 60
-23.8974 67
-22.9415 76
-21.9856 86
-21.0297 100
-20.0738 118
-19.1179 133
-18.1621 141
-17.2062 163
-16.2503 188
-15.2944 205
-14.3385 229
-13.3826 239
-12.4267 269
-11.4708 286
-10.5149 297
-9.55897 305
-8.60308 336
-7.64718 339
-6.69128 382
-5.73538 360
-4.77949 396
-3.82359 401
-2.86769 409
-1.91179 408
-0.955897 418
0 432
0.955897 418
1.91179 408
2.86769 409
3.82359 401
4.77949 396
5.73538 360
6.69128 382
7.64718 339
8.60308 336
9.55897 305
10.5149 297
11.4708 286
12.4267 269
13.3826 239
14.3385 229
15.2944 205
16.2503 188
17.2062 163
18.1621 141
19.1179 133
20.0738 118
21.0297 100
21.9856 86
22.9415 76
23.8974 67
24.8533 60
25.8092 44
26.7651 53
27.721 39
28.6769 29
29.6328 26
30.5887 18
31.5446 15
32.5005 12
33.4564 11
34.4123 5
35.3682 4
36.3241 5
37.28 0
38.2359 4
39.1918 0
40.1477 3
41.1036 1
42.0595 0
43.0154 1
43.9713 0
44.9272 0
45.8831 1
46.839 0
47.7949 1
