-34.7121 5
-33.1342 4
-31.5564 8
-29.9786 12
-28.4008 8
-26.823 17
-25.2451 22
-23.6673 59
-22.0895 70
-20.5117 70
-18.9339 104
-17.356 136
-15.7782 201
-14.2004 189
-12.6226 266
-11.0447 304
-9.46693 324
-7.88911 416
-6.31129 506
-4.73346 463
-3.15564 535
-1.57782 603
0 528
1.57782 722
3.15564 536
4.73346 691
6.31129 616
7.88911 519
9.46693 486
11.0447 466
12.6226 507
14.2004 501
15.7782 377
17.356 333
18.9339 264
20.5117 211
22.0895 151
23.6673 135
25.2451 102
26.823 90
28.4008 78
29.9786 76
31.5564 73
33.1342 54
34.7121 26
