-37.3112 6
-35.8188 2
-34.3263 12
-32.8339 6
-31.3414 11
-29.849 32
-28.3565 20
-26.8641 59
-25.3716 67
-23.8792 97
-22.3867 110
-20.8943 177
-19.4018 182
-17.9094 267
-16.4169 313
-14.9245 367
-13.432 408
-11.9396 571
-10.4471 608
-8.9547 786
-7.46225 815
-5.9698 811
-4.47735 920
-2.9849 1030
-1.49245 1042
0 1021
1.49245 1204
2.9849 1104
4.47735 1228
5.9698 1083
7.46225 1209
8.9547 976
10.4471 922
11.9396 845
13.432 774
14.9245 733
16.4169 705
17.9094 611
19.4018 578
20.8943 429
22.3867 374
23.8792 251
25.3716 185
26.8641 167
28.3565 130
29.849 112
31.3414 101
32.8339 102
34.3263 106
35.8188 58
37.3112 30
