-29.8564
-21.8564
-21.8564
-21.8564
-21.8564
-16
-16
-16
-16
-14.9282
-14.9282
-14.9282
-14.9282
-13.8564
-13.8564
-10.9282
-10.9282
-10.9282
-10.9282
-10.9282
-10.9282
-10.9282
-10.9282
-10.9282
-10.9282
-10.9282
-10.9282
-10.9282
-10.9282
-10.9282
-10.9282
-8
-8
-8
-8
-8
-8
-8
-8
-8
-8
-8
-8
-8
-8
-8
-8
-8
-8
-5.85641
-5.85641
-5.85641
-5.85641
-4
-4
-4
-4
-4
-4
-4
-4
-2.9282
-2.9282
-2.9282
-2.9282
-2.9282
-2.9282
-2.9282
-2.9282
-2.9282
-2.9282
-2.9282
-2.9282
-2.9282
-2.9282
-2.9282
-2.9282
-2.14359
-1.0718
-1.0718
-1.0718
-1.0718
-3.55271e-15
-3.55271e-15
-3.55271e-15
-3.55271e-15
-3.55271e-15
-3.55271e-15
-3.55271e-15
-3.55271e-15
1.0718
1.0718
1.0718
1.0718
2.14359
2.9282
2.9282
2.9282
2.9282
2.9282
2.9282
2.9282
2.9282
2.9282
2.9282
2.9282
2.9282
2.9282
2.9282
2.9282
2.9282
4
4
4
4
4
4
4
4
5.85641
5.85641
5.85641
5.85641
8
8
8
8
8
8
8
8
8
8
8
8
8
8
8
8
8
8
10.9282
10.9282
10.9282
10.9282
10.9282
10.9282
10.9282
10.9282
10.9282
10.9282
10.9282
10.9282
10.9282
10.9282
10.9282
10.9282
13.8564
13.8564
14.9282
14.9282
14.9282
14.9282
16
16
16
16
21.8564
21.8564
21.8564
21.8564
29.8564
