-32.506
-31.4941
-31.3439
-31.1102
-30.7521
-29.8
-29.7081
-29.6617
-29.5779
-29.4541
-29.3004
-29.1282
-28.9893
-28.6659
-27.4879
-27.3856
-27.3571
-27.1481
-25.9706
-25.9157
-25.8004
-25.6714
-25.5592
-24.8666
-24.655
-24.5469
-24.5342
-24.4896
-24.429
-24.3871
-24.3572
-24.3184
-24.2372
-24.2225
-24.1843
-24.1502
-24.1181
-24.0452
-23.9889
-23.9367
-23.8804
-23.8283
-23.7656
-23.418
-23.3724
-23.3637
-23.3049
-23.2724
-23.1311
-23.0535
-23.0398
-22.9626
-22.8535
-22.8178
-22.8003
-22.7328
-22.5676
-22.4537
-22.4375
-22.3353
-22.2916
-22.2693
-22.2031
-22.1512
-22.1242
-22.1235
-22.0426
-22.0376
-21.969
-21.9412
-21.9067
-21.8979
-21.7616
-21.6932
-21.6231
-21.6042
-21.5484
-21.4665
-21.3539
-21.32
-21.267
-21.2109
-21.1589
-21.0982
-21.0604
-21.0144
-20.9807
-20.8719
-20.8623
-20.8422
-20.8282
-20.798
-20.7487
-20.7187
-20.6724
-20.6196
-20.6076
-20.5756
-20.5644
-20.533
-20.5066
-20.4953
-20.4647
-20.3837
-20.3642
-20.3485
-20.3381
-20.3334
-20.2766
-20.2736
-20.2255
-20.2194
-20.2125
-20.1349
-20.1039
-19.99
-19.9525
-19.911
-19.8391
-19.7553
-19.734
-19.6524
-19.6357
-19.5938
-19.5726
-19.5419
-19.5127
-19.4299
-19.333
-19.3023
-19.2853
-19.2653
-19.2324
-19.2052
-19.1697
-19.1417
-19.1242
-19.1028
-18.9838
-18.9315
-18.8973
-18.8938
-18.8631
-18.8549
-18.839
-18.8128
-18.784
-18.7692
-18.7611
-18.7271
-18.7163
-18.6965
-18.6867
-18.6791
-18.6749
-18.6358
-18.6252
-18.5891
-18.5623
-18.5479
-18.5384
-18.4717
-18.439
-18.3891
-18.3777
-18.2935
-18.2847
-18.2506
-18.2288
-18.2024
-18.1439
-18.0956
-18.0866
-18.0309
-17.9547
-17.9182
-17.8937
-17.8841
-17.8604
-17.8359
-17.7739
-17.7536
-17.7094
-17.6831
-17.6606
-17.6375
-17.5639
-17.5382
-17.4952
-17.4567
-17.389
-17.3724
-17.3686
-17.353
-17.3162
-17.3068
-17.2143
-17.1993
-17.1589
-17.1429
-17.1353
-17.1162
-17.0968
-17.0833
-17.0639
-17.0565
-17.0396
-17.0045
-16.9755
-16.9713
-16.9546
-16.9089
-16.8964
-16.8732
-16.8525
-16.8216
-16.7918
-16.7563
-16.7325
-16.7236
-16.6962
-16.6824
-16.6743
-16.6522
-16.6461
-16.6193
-16.6167
-16.6017
-16.5819
-16.5748
-16.556
-16.534
-16.4736
-16.429
-16.4079
-16.399
-16.3808
-16.3508
-16.3364
-16.3325
-16.3019
-16.2991
-16.2727
-16.2625
-16.2565
-16.2215
-16.1944
-16.161
-16.1398
-16.1295
-16.0685
-16.0539
-16.0426
-16.0181
-16.0121
-15.9477
-15.936
-15.9197
-15.8979
-15.8587
-15.8557
-15.8287
-15.8151
-15.8029
-15.7415
-15.7368
-15.696
-15.6743
-15.6264
-15.6057
-15.5923
-15.5666
-15.5625
-15.5402
-15.5274
-15.4902
-15.4782
-15.4601
-15.4452
-15.4288
-15.4079
-15.4058
-15.3939
-15.3731
-15.3559
-15.3533
-15.3284
-15.3039
-15.2981
-15.2697
-15.2437
-15.2293
-15.2017
-15.1921
-15.1845
-15.1789
-15.1714
-15.1701
-15.1366
-15.119
-15.1043
-15.0915
-15.0826
-15.0754
-15.0577
-15.0538
-15.0464
-15.0262
-15.0034
-14.9987
-14.988
-14.9803
-14.9738
-14.9681
-14.9551
-14.9319
-14.9011
-14.8973
-14.8904
-14.8817
-14.86
-14.8454
-14.8299
-14.8215
-14.7988
-14.7942
-14.7781
-14.7753
-14.7464
-14.728
-14.7196
-14.7051
-14.6956
-14.675
-14.6658
-14.6508
-14.6487
-14.6378
-14.5993
-14.5711
-14.5631
-14.5504
-14.5446
-14.5281
-14.5134
-14.5042
-14.488
-14.4603
-14.4465
-14.4337
-14.415
-14.3932
-14.3906
-14.3461
-14.322
-14.3152
-14.2809
-14.2727
-14.2653
-14.2586
-14.2493
-14.2332
-14.2054
-14.1941
-14.1744
-14.1464
-14.126
-14.1139
-14.102
-14.0645
-14.0261
-14.001
-13.9968
-13.9867
-13.9476
-13.9382
-13.9251
-13.9093
-13.897
-13.8804
-13.8787
-13.8597
-13.8455
-13.8349
-13.8111
-13.8033
-13.7883
-13.7834
-13.7604
-13.7467
-13.7333
-13.7295
-13.7183
-13.7022
-13.6897
-13.6835
-13.671
-13.6591
-13.6487
-13.6335
-13.6272
-13.6196
-13.5942
-13.5886
-13.581
-13.5702
-13.55
-13.5489
-13.5329
-13.5184
-13.4956
-13.4835
-13.4805
-13.4706
-13.4633
-13.4459
-13.4328
-13.4172
-13.4059
-13.3816
-13.3655
-13.3563
-13.3495
-13.3414
-13.3159
-13.311
-13.292
-13.281
-13.2709
-13.2534
-13.2469
-13.2411
-13.2344
-13.2258
-13.2047
-13.1918
-13.1868
-13.1844
-13.1683
-13.1498
-13.1431
-13.1389
-13.1124
-13.107
-13.1031
-13.0777
-13.0679
-13.0484
-13.0481
-13.0202
-13.0182
-12.9985
-12.9885
-12.9787
-12.9639
-12.9528
-12.9431
-12.9371
-12.9254
-12.9068
-12.9034
-12.8892
-12.8725
-12.8687
-12.8561
-12.8439
-12.821
-12.8105
-12.7912
-12.7802
-12.7388
-12.735
-12.7146
-12.6969
-12.6856
-12.6809
-12.6676
-12.6586
-12.6435
-12.6232
-12.6177
-12.6123
-12.5854
-12.5708
-12.5684
-12.5581
-12.5345
-12.5282
-12.515
-12.5066
-12.5042
-12.4881
-12.4722
-12.4678
-12.4565
-12.4488
-12.4416
-12.4335
-12.4165
-12.4112
-12.4
-12.3941
-12.3761
-12.3694
-12.3488
-12.3434
-12.324
-12.3112
-12.3074
-12.3048
-12.2969
-12.2857
-12.2769
-12.2571
-12.2454
-12.2304
-12.2289
-12.2229
-12.2051
-12.1834
-12.1697
-12.1663
-12.1516
-12.1493
-12.1368
-12.1258
-12.1187
-12.1065
-12.0972
-12.0733
-12.0661
-12.0529
-12.0429
-12.0403
-12.0384
-12.0309
-12.0146
-11.9955
-11.9919
-11.9844
-11.9731
-11.963
-11.9464
-11.9408
-11.9206
-11.913
-11.9065
-11.9016
-11.8972
-11.8757
-11.8717
-11.8687
-11.8618
-11.8517
-11.8333
-11.8318
-11.8222
-11.7999
-11.7984
-11.7851
-11.7716
-11.7541
-11.7479
-11.7288
-11.7248
-11.6991
-11.6942
-11.6704
-11.6589
-11.6435
-11.6128
-11.6066
-11.5939
-11.5835
-11.579
-11.5664
-11.5494
-11.5413
-11.5182
-11.4953
-11.4905
-11.4838
-11.469
-11.4583
-11.4421
-11.4238
-11.4028
-11.4011
-11.3913
-11.373
-11.3581
-11.3487
-11.3359
-11.334
-11.3114
-11.3003
-11.2904
-11.2845
-11.2769
-11.269
-11.2592
-11.2559
-11.2371
-11.2279
-11.2192
-11.2067
-11.2019
-11.2
-11.1946
-11.1774
-11.1677
-11.1618
-11.1456
-11.1422
-11.1288
-11.1214
-11.1093
-11.0968
-11.0948
-11.0901
-11.0722
-11.0623
-11.0563
-11.0477
-11.0418
-11.0257
-11.019
-11.0117
-11.0038
-10.9976
-10.9869
-10.9727
-10.9697
-10.9593
-10.9535
-10.9381
-10.926
-10.9248
-10.9128
-10.9092
-10.89
-10.8881
-10.8847
-10.8755
-10.8521
-10.8434
-10.8288
-10.8147
-10.812
-10.803
-10.7925
-10.7781
-10.7714
-10.7647
-10.7558
-10.7507
-10.7442
-10.7267
-10.7184
-10.7151
-10.7038
-10.6817
-10.6779
-10.6726
-10.6429
-10.6414
-10.6335
-10.6203
-10.6131
-10.6114
-10.5976
-10.5946
-10.5857
-10.5751
-10.5678
-10.5564
-10.5456
-10.5326
-10.5258
-10.5239
-10.4885
-10.4736
-10.4658
-10.4543
-10.4508
-10.4446
-10.435
-10.4228
-10.4145
-10.4059
-10.3955
-10.3919
-10.3863
-10.3726
-10.3698
-10.3575
-10.3468
-10.3429
-10.329
-10.3199
-10.3106
-10.305
-10.2948
-10.2802
-10.2768
-10.2683
-10.2618
-10.255
-10.2456
-10.2401
-10.2299
-10.2189
-10.2171
-10.2084
-10.1954
-10.1768
-10.1667
-10.156
-10.1445
-10.1404
-10.1258
-10.1022
-10.0998
-10.0833
-10.0791
-10.0699
-10.0565
-10.042
-10.0337
-10.0248
-10.016
-9.99869
-9.98429
-9.98212
-9.96042
-9.95841
-9.9416
-9.92758
-9.92429
-9.91874
-9.90697
-9.89734
-9.88351
-9.88059
-9.86779
-9.85651
-9.84726
-9.83928
-9.83649
-9.82519
-9.81635
-9.812
-9.80359
-9.78595
-9.78333
-9.77739
-9.76769
-9.76145
-9.74898
-9.74154
-9.73487
-9.72974
-9.7225
-9.71383
-9.70257
-9.69505
-9.68997
-9.67612
-9.66542
-9.6538
-9.64969
-9.64741
-9.6402
-9.62826
-9.62343
-9.62093
-9.60807
-9.60455
-9.58865
-9.58181
-9.57751
-9.56173
-9.55596
-9.54898
-9.54209
-9.53483
-9.52041
-9.51523
-9.50094
-9.49586
-9.48717
-9.47679
-9.4719
-9.46345
-9.4575
-9.44875
-9.43317
-9.41905
-9.40288
-9.40276
-9.39814
-9.3756
-9.36095
-9.35412
-9.34855
-9.34131
-9.33573
-9.31761
-9.31444
-9.30973
-9.30481
-9.28849
-9.28291
-9.27382
-9.2606
-9.25681
-9.25435
-9.24566
-9.24102
-9.23362
-9.22166
-9.20542
-9.19358
-9.18384
-9.16827
-9.16684
-9.16256
-9.15707
-9.14673
-9.13071
-9.11853
-9.11364
-9.10631
-9.09721
-9.09385
-9.08116
-9.06446
-9.05691
-9.04229
-9.03302
-9.02595
-9.01387
-9.00494
-9.00148
-8.9944
-8.97748
-8.95891
-8.95322
-8.94472
-8.9436
-8.93206
-8.92327
-8.91346
-8.90274
-8.89568
-8.88312
-8.87806
-8.87488
-8.87444
-8.85863
-8.84513
-8.84033
-8.83477
-8.83035
-8.81288
-8.7972
-8.792
-8.7848
-8.77295
-8.75976
-8.75767
-8.74834
-8.74071
-8.72621
-8.71859
-8.7131
-8.70702
-8.69275
-8.68107
-8.67366
-8.66172
-8.64957
-8.63761
-8.63191
-8.61672
-8.6045
-8.598
-8.58454
-8.57357
-8.56443
-8.55561
-8.54772
-8.53547
-8.53058
-8.5208
-8.51727
-8.50902
-8.50692
-8.49475
-8.47928
-8.47346
-8.46259
-8.45753
-8.44883
-8.44773
-8.43524
-8.42361
-8.41907
-8.40966
-8.40315
-8.40161
-8.39092
-8.37592
-8.37126
-8.36633
-8.36448
-8.35569
-8.34794
-8.34446
-8.34069
-8.32593
-8.31878
-8.31069
-8.30566
-8.3015
-8.29749
-8.29018
-8.28468
-8.28063
-8.27329
-8.26895
-8.25412
-8.244
-8.23207
-8.22219
-8.21709
-8.20406
-8.18684
-8.17532
-8.17082
-8.16343
-8.1629
-8.15505
-8.15209
-8.143
-8.12996
-8.11644
-8.11092
-8.10522
-8.09468
-8.08583
-8.07878
-8.06883
-8.06717
-8.06344
-8.05469
-8.04968
-8.04004
-8.03444
-8.02732
-8.01877
-8.01514
-8.01099
-7.99574
-7.98524
-7.97166
-7.96579
-7.96241
-7.95522
-7.95252
-7.94736
-7.94202
-7.93891
-7.93253
-7.92615
-7.91883
-7.90765
-7.90293
-7.89385
-7.88858
-7.88441
-7.87739
-7.86931
-7.86337
-7.85391
-7.84916
-7.84147
-7.82577
-7.82337
-7.81272
-7.80878
-7.80456
-7.79937
-7.79008
-7.78434
-7.77904
-7.76693
-7.75551
-7.74487
-7.73814
-7.731
-7.72944
-7.71778
-7.70385
-7.69941
-7.69487
-7.68598
-7.68451
-7.67124
-7.666
-7.65892
-7.64464
-7.64399
-7.63773
-7.62596
-7.61886
-7.61701
-7.60787
-7.60443
-7.59807
-7.59223
-7.58274
-7.57557
-7.57159
-7.56539
-7.55577
-7.55433
-7.53959
-7.53441
-7.52562
-7.5169
-7.51299
-7.50113
-7.49369
-7.49074
-7.48415
-7.48025
-7.47002
-7.44989
-7.44784
-7.44397
-7.43693
-7.42961
-7.41495
-7.40992
-7.40405
-7.39036
-7.38373
-7.37585
-7.37565
-7.36737
-7.3584
-7.35295
-7.33825
-7.32466
-7.31805
-7.31022
-7.30284
-7.29956
-7.29115
-7.28426
-7.27439
-7.26249
-7.24752
-7.24438
-7.2378
-7.23203
-7.22504
-7.21698
-7.20523
-7.20085
-7.19728
-7.18996
-7.17941
-7.17854
-7.17401
-7.16494
-7.15059
-7.14061
-7.13749
-7.13189
-7.12832
-7.12354
-7.10573
-7.10288
-7.09713
-7.08362
-7.07444
-7.07256
-7.06563
-7.05832
-7.05487
-7.04352
-7.0387
-7.03434
-7.02621
-7.02045
-7.01555
-7.00775
-7.00304
-6.99865
-6.99202
-6.98472
-6.98218
-6.97217
-6.9703
-6.96389
-6.96216
-6.95947
-6.95153
-6.9414
-6.93612
-6.92925
-6.9196
-6.91491
-6.90011
-6.89793
-6.89038
-6.88658
-6.88189
-6.87624
-6.86642
-6.86243
-6.85679
-6.84564
-6.84005
-6.83768
-6.8282
-6.82348
-6.81846
-6.81082
-6.80548
-6.79472
-6.79154
-6.78669
-6.78038
-6.77219
-6.76567
-6.75884
-6.75191
-6.73962
-6.73675
-6.73283
-6.724
-6.71893
-6.71555
-6.7041
-6.70163
-6.69535
-6.6908
-6.68083
-6.67338
-6.66718
-6.66196
-6.65835
-6.65444
-6.6455
-6.6379
-6.63561
-6.63123
-6.61764
-6.60782
-6.60203
-6.59658
-6.59105
-6.58744
-6.58215
-6.57969
-6.57363
-6.56399
-6.5575
-6.54551
-6.54039
-6.53919
-6.53027
-6.52472
-6.5132
-6.5022
-6.50087
-6.49449
-6.48555
-6.47388
-6.47223
-6.46462
-6.45963
-6.45481
-6.44944
-6.43977
-6.42694
-6.42071
-6.41357
-6.41052
-6.40491
-6.38896
-6.37388
-6.3696
-6.36561
-6.35931
-6.35374
-6.3485
-6.34372
-6.33872
-6.32691
-6.32335
-6.32069
-6.31915
-6.30693
-6.2975
-6.28957
-6.28081
-6.27564
-6.26823
-6.25617
-6.25083
-6.23667
-6.23264
-6.22387
-6.22179
-6.21055
-6.20726
-6.1966
-6.18655
-6.1762
-6.17117
-6.16618
-6.16055
-6.14566
-6.13324
-6.13075
-6.10858
-6.1015
-6.09217
-6.08283
-6.07473
-6.06809
-6.05788
-6.05374
-6.05211
-6.04126
-6.03221
-6.02567
-6.02121
-6.01557
-6.00372
-5.99844
-5.98684
-5.98362
-5.97229
-5.96632
-5.96304
-5.95529
-5.94324
-5.94056
-5.93568
-5.92477
-5.92359
-5.91502
-5.90925
-5.90022
-5.89763
-5.89263
-5.88547
-5.87878
-5.85974
-5.85654
-5.84614
-5.83888
-5.83629
-5.83211
-5.82549
-5.82202
-5.81577
-5.80429
-5.79638
-5.79149
-5.78149
-5.7663
-5.75971
-5.75446
-5.7528
-5.74231
-5.73777
-5.73056
-5.71958
-5.713
-5.70676
-5.70092
-5.6979
-5.68175
-5.67771
-5.67171
-5.66107
-5.66046
-5.65125
-5.6478
-5.64365
-5.63395
-5.61869
-5.61262
-5.60576
-5.60259
-5.59933
-5.58754
-5.58211
-5.57911
-5.57098
-5.5647
-5.55624
-5.55018
-5.5463
-5.54063
-5.53926
-5.52978
-5.52252
-5.51874
-5.51397
-5.50387
-5.50142
-5.49482
-5.48958
-5.47709
-5.47073
-5.46457
-5.46369
-5.456
-5.45236
-5.44933
-5.4401
-5.42862
-5.42339
-5.4138
-5.41101
-5.39442
-5.38626
-5.38148
-5.37702
-5.3691
-5.36655
-5.35158
-5.34995
-5.34535
-5.33615
-5.33118
-5.31822
-5.31697
-5.31392
-5.30699
-5.30549
-5.29663
-5.29307
-5.28776
-5.278
-5.27656
-5.27293
-5.26623
-5.25508
-5.25225
-5.24807
-5.24437
-5.24065
-5.23316
-5.22843
-5.22133
-5.20647
-5.20326
-5.19775
-5.19221
-5.18469
-5.1807
-5.17897
-5.17499
-5.16888
-5.16555
-5.15951
-5.15367
-5.14182
-5.14156
-5.13483
-5.12603
-5.1197
-5.11202
-5.10744
-5.09831
-5.09545
-5.08699
-5.08266
-5.07554
-5.07482
-5.0656
-5.05877
-5.05077
-5.04852
-5.0449
-5.03669
-5.0235
-5.01324
-5.00688
-4.99997
-4.99501
-4.98046
-4.97534
-4.97046
-4.96566
-4.95489
-4.94514
-4.93656
-4.93433
-4.92273
-4.9112
-4.90589
-4.89852
-4.88763
-4.8848
-4.88272
-4.87153
-4.86216
-4.85511
-4.84793
-4.84286
-4.83431
-4.82631
-4.82449
-4.81756
-4.81547
-4.80972
-4.80336
-4.78933
-4.78361
-4.77982
-4.77247
-4.77079
-4.76282
-4.75358
-4.74762
-4.74036
-4.73363
-4.72586
-4.71816
-4.71212
-4.70659
-4.70247
-4.69785
-4.69236
-4.68944
-4.68437
-4.67295
-4.66731
-4.66463
-4.65813
-4.65392
-4.65105
-4.64188
-4.63533
-4.62766
-4.62705
-4.61898
-4.61207
-4.60225
-4.59883
-4.592
-4.58781
-4.58063
-4.57686
-4.57186
-4.56495
-4.55814
-4.55511
-4.54668
-4.5389
-4.53686
-4.53051
-4.52473
-4.52343
-4.51416
-4.51066
-4.50475
-4.50281
-4.48755
-4.48439
-4.48302
-4.4746
-4.46847
-4.46019
-4.45834
-4.45572
-4.45345
-4.44124
-4.43786
-4.42978
-4.42462
-4.42093
-4.41
-4.40715
-4.39917
-4.39767
-4.39038
-4.38852
-4.38132
-4.37448
-4.36903
-4.36166
-4.35267
-4.34857
-4.3463
-4.33842
-4.3313
-4.32653
-4.32565
-4.31759
-4.31585
-4.3102
-4.30028
-4.29435
-4.29097
-4.28887
-4.28456
-4.27716
-4.2721
-4.26763
-4.26466
-4.25491
-4.2496
-4.2481
-4.24325
-4.23721
-4.23511
-4.234
-4.22431
-4.21866
-4.21278
-4.20824
-4.19872
-4.1947
-4.18825
-4.18562
-4.18093
-4.17632
-4.17182
-4.16514
-4.16128
-4.15472
-4.15234
-4.14602
-4.13901
-4.13054
-4.12505
-4.12185
-4.11394
-4.10772
-4.10561
-4.09957
-4.09634
-4.09149
-4.08391
-4.07793
-4.07654
-4.06769
-4.06374
-4.05886
-4.04963
-4.04463
-4.03809
-4.03601
-4.02847
-4.02603
-4.01907
-4.01288
-4.00546
-3.99503
-3.98709
-3.98584
-3.98005
-3.9718
-3.96604
-3.96371
-3.95388
-3.95132
-3.94654
-3.94368
-3.94295
-3.92997
-3.92509
-3.91843
-3.90445
-3.89861
-3.89552
-3.88838
-3.8875
-3.88024
-3.87383
-3.87266
-3.86911
-3.85567
-3.85179
-3.84854
-3.84363
-3.83853
-3.83018
-3.82626
-3.82011
-3.81569
-3.81258
-3.80481
-3.79905
-3.79204
-3.78657
-3.78201
-3.77849
-3.77276
-3.76694
-3.76017
-3.75138
-3.7502
-3.748
-3.74267
-3.73437
-3.72957
-3.72879
-3.71828
-3.7166
-3.71094
-3.70559
-3.69627
-3.69062
-3.68775
-3.68246
-3.67678
-3.67195
-3.66717
-3.66325
-3.6559
-3.65421
-3.64611
-3.64447
-3.64349
-3.63338
-3.62628
-3.62399
-3.6184
-3.61409
-3.60933
-3.60602
-3.59935
-3.59479
-3.59273
-3.58182
-3.56971
-3.56937
-3.56438
-3.56014
-3.55743
-3.55357
-3.54984
-3.53844
-3.52979
-3.52574
-3.52368
-3.51642
-3.51526
-3.50795
-3.49708
-3.49397
-3.48751
-3.48523
-3.47759
-3.47409
-3.46818
-3.46467
-3.45964
-3.45426
-3.4504
-3.44314
-3.43905
-3.4341
-3.42926
-3.42666
-3.42002
-3.41506
-3.41058
-3.40451
-3.40067
-3.39775
-3.38503
-3.37371
-3.37271
-3.3648
-3.35817
-3.35328
-3.34941
-3.34706
-3.34072
-3.33517
-3.33114
-3.32603
-3.32238
-3.31381
-3.30953
-3.30363
-3.29188
-3.28814
-3.28072
-3.27432
-3.27197
-3.26408
-3.25915
-3.25527
-3.24815
-3.24479
-3.23622
-3.23163
-3.22944
-3.22064
-3.21799
-3.21083
-3.20392
-3.2014
-3.1952
-3.19019
-3.18634
-3.17795
-3.17618
-3.17317
-3.17033
-3.16217
-3.15283
-3.1489
-3.14458
-3.13756
-3.13393
-3.1284
-3.12711
-3.12376
-3.11686
-3.10867
-3.10465
-3.0953
-3.09277
-3.08281
-3.07733
-3.07225
-3.06958
-3.0603
-3.05654
-3.04675
-3.04302
-3.03188
-3.03139
-3.02434
-3.02326
-3.01675
-3.00644
-3.00148
-2.99814
-2.99258
-2.99045
-2.98756
-2.98149
-2.96855
-2.96691
-2.95643
-2.94835
-2.94101
-2.93799
-2.92799
-2.92115
-2.91219
-2.90769
-2.90474
-2.90039
-2.89593
-2.89221
-2.88672
-2.87727
-2.8741
-2.85852
-2.85327
-2.84595
-2.84187
-2.83769
-2.8312
-2.82481
-2.82394
-2.81884
-2.81688
-2.80806
-2.79597
-2.7866
-2.78292
-2.77933
-2.77745
-2.76331
-2.76098
-2.75681
-2.75399
-2.7458
-2.74242
-2.73478
-2.72878
-2.71469
-2.70584
-2.70262
-2.6995
-2.69182
-2.68684
-2.67778
-2.67545
-2.66636
-2.66021
-2.65703
-2.6466
-2.64081
-2.63884
-2.63868
-2.62985
-2.62103
-2.61257
-2.60661
-2.59565
-2.58928
-2.58287
-2.57686
-2.57113
-2.56744
-2.54989
-2.54844
-2.5464
-2.53939
-2.52965
-2.52468
-2.51803
-2.51105
-2.50772
-2.49796
-2.49291
-2.48575
-2.47667
-2.47551
-2.47205
-2.46498
-2.46295
-2.45812
-2.45415
-2.4447
-2.44073
-2.43194
-2.42474
-2.41998
-2.41507
-2.40975
-2.40186
-2.39218
-2.39138
-2.3869
-2.37925
-2.37458
-2.36984
-2.3676
-2.35994
-2.35698
-2.34673
-2.34482
-2.34218
-2.33064
-2.32913
-2.32871
-2.3114
-2.30785
-2.30206
-2.29569
-2.29304
-2.29262
-2.28286
-2.27132
-2.26289
-2.25698
-2.25447
-2.24701
-2.2412
-2.23462
-2.23073
-2.2271
-2.21814
-2.21274
-2.20561
-2.20528
-2.20022
-2.19215
-2.18472
-2.17614
-2.1744
-2.16672
-2.16172
-2.15886
-2.15646
-2.154
-2.14768
-2.14364
-2.13729
-2.12748
-2.12297
-2.11436
-2.11115
-2.10644
-2.10012
-2.09507
-2.09382
-2.08705
-2.08341
-2.07882
-2.07373
-2.0706
-2.05742
-2.05303
-2.04692
-2.04636
-2.04206
-2.03762
-2.02307
-2.0202
-2.01977
-2.0122
-2.00699
-2.00569
-1.99568
-1.98572
-1.98187
-1.98055
-1.96581
-1.96528
-1.96001
-1.95861
-1.95157
-1.94866
-1.94134
-1.93843
-1.93388
-1.92323
-1.92009
-1.91296
-1.91127
-1.89839
-1.89443
-1.89334
-1.88871
-1.88068
-1.87924
-1.87421
-1.86691
-1.86213
-1.85789
-1.8533
-1.84486
-1.84177
-1.83412
-1.83051
-1.82739
-1.81778
-1.81503
-1.80721
-1.80238
-1.79726
-1.79407
-1.79107
-1.78215
-1.78084
-1.77829
-1.76935
-1.76602
-1.76018
-1.75201
-1.74962
-1.74629
-1.74037
-1.73811
-1.72524
-1.71944
-1.71477
-1.71277
-1.70792
-1.6999
-1.69523
-1.68557
-1.68362
-1.67905
-1.6759
-1.67317
-1.67033
-1.66583
-1.65848
-1.65558
-1.6519
-1.64996
-1.64024
-1.63566
-1.6301
-1.6255
-1.61851
-1.60986
-1.6059
-1.59564
-1.59198
-1.58661
-1.58483
-1.57999
-1.57256
-1.56681
-1.56202
-1.55927
-1.55742
-1.55068
-1.54529
-1.5417
-1.53884
-1.53236
-1.52911
-1.52193
-1.51632
-1.51445
-1.50518
-1.50201
-1.49598
-1.4918
-1.49023
-1.48377
-1.48054
-1.47528
-1.46525
-1.46055
-1.44886
-1.44712
-1.4408
-1.43917
-1.43298
-1.42976
-1.42494
-1.42344
-1.41735
-1.41166
-1.40697
-1.39698
-1.39368
-1.38524
-1.38247
-1.37272
-1.37003
-1.36429
-1.36333
-1.35882
-1.35193
-1.34561
-1.3437
-1.33832
-1.33702
-1.33287
-1.32455
-1.32215
-1.32006
-1.31736
-1.31055
-1.30181
-1.2995
-1.29545
-1.28933
-1.28441
-1.27611
-1.27263
-1.26446
-1.26134
-1.25652
-1.2506
-1.25006
-1.24008
-1.23875
-1.23607
-1.23313
-1.22891
-1.22232
-1.2196
-1.20465
-1.20374
-1.19946
-1.19614
-1.19435
-1.18805
-1.18502
-1.17881
-1.1708
-1.16646
-1.16322
-1.15953
-1.15698
-1.1498
-1.14664
-1.14479
-1.13405
-1.13121
-1.1277
-1.12277
-1.12193
-1.11431
-1.11069
-1.10786
-1.0988
-1.09282
-1.08865
-1.08722
-1.08298
-1.07349
-1.07155
-1.06609
-1.06332
-1.05763
-1.05084
-1.04614
-1.04229
-1.03908
-1.0313
-1.03065
-1.02587
-1.0221
-1.01924
-1.01187
-1.00719
-1.00416
-1.0016
-0.997721
-0.992279
-0.989705
-0.980273
-0.976571
-0.966866
-0.964492
-0.960624
-0.959338
-0.95254
-0.951981
-0.945279
-0.941201
-0.936627
-0.933597
-0.931536
-0.928924
-0.922474
-0.917974
-0.91319
-0.902995
-0.898774
-0.895453
-0.89087
-0.88818
-0.884987
-0.883244
-0.875187
-0.87188
-0.867819
-0.853212
-0.851312
-0.848484
-0.844924
-0.839286
-0.836801
-0.832844
-0.821153
-0.817832
-0.815293
-0.802481
-0.79337
-0.789199
-0.787903
-0.78457
-0.77798
-0.772025
-0.763493
-0.759785
-0.756728
-0.751393
-0.749144
-0.745288
-0.740357
-0.73385
-0.730123
-0.722693
-0.718993
-0.711147
-0.702322
-0.701806
-0.691143
-0.689331
-0.686503
-0.679623
-0.674634
-0.670198
-0.665021
-0.659838
-0.657856
-0.651351
-0.645007
-0.642036
-0.630625
-0.630071
-0.615592
-0.614003
-0.611633
-0.608451
-0.598119
-0.589086
-0.585036
-0.581423
-0.579022
-0.576214
-0.566631
-0.564087
-0.559212
-0.553773
-0.55068
-0.537787
-0.53417
-0.528913
-0.526955
-0.51748
-0.514593
-0.509817
-0.502755
-0.497529
-0.49471
-0.485712
-0.476243
-0.471969
-0.464347
-0.459754
-0.456592
-0.454946
-0.444184
-0.440737
-0.436251
-0.433094
-0.428162
-0.420914
-0.41612
-0.413497
-0.406981
-0.399776
-0.394594
-0.389565
-0.388892
-0.382446
-0.376754
-0.368614
-0.367407
-0.358991
-0.3582
-0.354138
-0.348573
-0.341739
-0.340626
-0.336513
-0.331391
-0.324429
-0.321385
-0.317139
-0.315305
-0.309588
-0.307253
-0.296445
-0.291392
-0.288528
-0.284879
-0.276484
-0.274425
-0.269948
-0.260975
-0.254099
-0.250996
-0.247225
-0.244207
-0.237152
-0.235648
-0.234356
-0.225191
-0.222312
-0.216681
-0.214874
-0.209013
-0.201362
-0.199286
-0.196908
-0.191436
-0.186535
-0.183621
-0.179195
-0.171839
-0.168627
-0.167108
-0.160569
-0.156594
-0.145439
-0.142812
-0.139033
-0.134479
-0.127368
-0.12041
-0.116699
-0.112902
-0.108027
-0.103192
-0.101159
-0.0949923
-0.088403
-0.0832235
-0.077981
-0.075238
-0.0667447
-0.0651668
-0.05945
-0.0541424
-0.0516373
-0.0452043
-0.0402365
-0.033537
-0.0280661
-0.0246454
-0.0196852
-0.0176565
-0.0117584
-0.0104794
-0.00572123
-0.00289094
0
0.0079227
0.0115065
0.0138876
0.0216704
0.0263634
0.0296021
0.0360515
0.0377723
0.0418283
0.0446389
0.0532925
0.0559133
0.0623131
0.0654931
0.0679115
0.0704381
0.0750019
0.0808099
0.0877291
0.0925031
0.095723
0.101647
0.10318
0.113513
0.118788
0.122836
0.125489
0.130376
0.138678
0.140584
0.142421
0.149839
0.155084
0.160025
0.162662
0.163638
0.171287
0.174186
0.180982
0.18612
0.190598
0.191545
0.193191
0.201508
0.211214
0.215131
0.217473
0.222021
0.226095
0.234246
0.236592
0.240547
0.250696
0.255617
0.263093
0.265717
0.266597
0.268939
0.280017
0.28379
0.286656
0.292089
0.296165
0.301848
0.306994
0.308208
0.311945
0.314964
0.320957
0.327395
0.335271
0.341547
0.345878
0.350822
0.352157
0.362465
0.368505
0.370816
0.378887
0.382112
0.386473
0.391884
0.40018
0.405165
0.415799
0.416412
0.41748
0.425706
0.431174
0.435756
0.437489
0.442019
0.44388
0.449037
0.453146
0.467339
0.469068
0.471416
0.477039
0.48195
0.492358
0.492574
0.498833
0.503754
0.510133
0.51634
0.524858
0.528172
0.532887
0.536495
0.547087
0.552161
0.556259
0.563497
0.567809
0.57343
0.582129
0.586075
0.587715
0.594461
0.597378
0.605898
0.613112
0.618873
0.621876
0.625824
0.631762
0.637496
0.642072
0.646943
0.652354
0.660642
0.663538
0.670978
0.677111
0.68216
0.687274
0.695294
0.698892
0.701145
0.70712
0.709637
0.715614
0.72195
0.727391
0.728831
0.734991
0.739895
0.74232
0.750258
0.754329
0.7595
0.77063
0.777425
0.779695
0.781772
0.784262
0.796259
0.799189
0.799929
0.810569
0.814276
0.821324
0.824954
0.831955
0.839137
0.840267
0.844877
0.847286
0.856281
0.862545
0.866259
0.872917
0.881209
0.885688
0.888302
0.89491
0.900164
0.906679
0.908466
0.91169
0.913525
0.923219
0.932244
0.935382
0.93862
0.947
0.957119
0.961555
0.965966
0.968843
0.975691
0.983265
0.990595
0.99212
1.00147
1.00556
1.00827
1.0209
1.02402
1.02466
1.0298
1.03409
1.03837
1.044
1.04849
1.05097
1.05614
1.0637
1.06914
1.07339
1.07721
1.08319
1.08932
1.09274
1.10026
1.10559
1.10871
1.11249
1.11586
1.12169
1.12778
1.13551
1.14524
1.14737
1.15695
1.16093
1.16361
1.17109
1.17565
1.18011
1.19128
1.19157
1.19506
1.19952
1.20674
1.20806
1.20953
1.22382
1.22721
1.22994
1.2408
1.24442
1.24752
1.25483
1.25715
1.26561
1.26835
1.27766
1.27872
1.28404
1.28843
1.29379
1.3019
1.30679
1.31324
1.317
1.32108
1.32716
1.32932
1.33462
1.33813
1.34318
1.35044
1.35522
1.35749
1.36048
1.37113
1.37519
1.37791
1.38153
1.38566
1.39179
1.39341
1.39555
1.40193
1.40469
1.41282
1.41941
1.4259
1.42879
1.43365
1.44124
1.44335
1.44658
1.45296
1.45638
1.4621
1.46517
1.46859
1.47322
1.4764
1.4887
1.49231
1.49696
1.50586
1.50759
1.50985
1.51231
1.51647
1.51877
1.52533
1.53159
1.53784
1.54449
1.54689
1.55394
1.556
1.55982
1.56208
1.56792
1.56823
1.57522
1.57894
1.58562
1.5953
1.59883
1.60049
1.60245
1.61848
1.62134
1.6261
1.63041
1.63939
1.64585
1.64673
1.64771
1.65549
1.65641
1.66401
1.66809
1.67212
1.6787
1.68424
1.69246
1.69479
1.70078
1.70824
1.71064
1.7149
1.71798
1.73025
1.73475
1.73832
1.74163
1.74949
1.7563
1.75882
1.76144
1.76481
1.76794
1.77315
1.77667
1.78005
1.78552
1.7926
1.79346
1.80989
1.81267
1.8168
1.82072
1.82313
1.83535
1.83577
1.83877
1.84126
1.84499
1.85446
1.85958
1.86458
1.87033
1.87471
1.87921
1.88635
1.89002
1.89266
1.89739
1.90139
1.90433
1.91132
1.91624
1.92481
1.92933
1.93131
1.93927
1.94271
1.94543
1.9502
1.95329
1.95664
1.96057
1.96223
1.96676
1.97371
1.97589
1.98145
1.98517
1.98866
1.99917
2.00526
2.00679
2.01609
2.01924
2.02471
2.02994
2.03376
2.03784
2.04219
2.04528
2.0493
2.05005
2.05556
2.06604
2.06838
2.07264
2.07649
2.0779
2.08551
2.09148
2.09585
2.10122
2.10375
2.11314
2.11751
2.121
2.12315
2.12746
2.13777
2.14219
2.14261
2.14846
2.15328
2.15363
2.15814
2.16529
2.16904
2.17261
2.18013
2.18583
2.18787
2.19767
2.20053
2.20337
2.20896
2.21299
2.21814
2.22377
2.22965
2.23472
2.23928
2.24316
2.24658
2.25535
2.25804
2.26307
2.26444
2.27184
2.28007
2.28254
2.28792
2.29332
2.29908
2.30339
2.30698
2.30758
2.31805
2.32544
2.32672
2.335
2.33799
2.34714
2.35299
2.35721
2.36144
2.37218
2.3735
2.37427
2.37945
2.38366
2.38629
2.38972
2.39208
2.39787
2.40555
2.4125
2.41602
2.42066
2.42798
2.43438
2.43854
2.44012
2.44436
2.44773
2.4573
2.4651
2.46664
2.47724
2.47776
2.48185
2.48671
2.49002
2.49424
2.49772
2.50498
2.50972
2.51211
2.51252
2.51717
2.52449
2.52571
2.52736
2.53368
2.54441
2.54867
2.55677
2.55923
2.56416
2.56812
2.57299
2.57859
2.58155
2.58571
2.58832
2.5938
2.5988
2.60092
2.60722
2.61592
2.61858
2.62097
2.62363
2.63204
2.63759
2.6429
2.64875
2.65145
2.65409
2.65948
2.66267
2.66385
2.66697
2.67514
2.68061
2.68101
2.68878
2.695
2.69851
2.70646
2.70923
2.71253
2.71463
2.72509
2.7282
2.7357
2.74235
2.7453
2.74749
2.75172
2.75566
2.76325
2.77017
2.77651
2.78019
2.78886
2.79001
2.79511
2.79831
2.80657
2.80834
2.81701
2.81766
2.82537
2.82787
2.83396
2.83592
2.84436
2.84646
2.85058
2.85896
2.86372
2.87113
2.87456
2.87895
2.88608
2.88834
2.89225
2.89939
2.90268
2.90776
2.91328
2.92189
2.92355
2.92762
2.9362
2.93952
2.94435
2.95174
2.95636
2.96458
2.9686
2.97331
2.97807
2.98114
2.98374
2.98782
2.99222
2.99734
3.01069
3.01788
3.01969
3.02482
3.02839
3.03301
3.04191
3.04479
3.05147
3.05689
3.06098
3.0623
3.0654
3.06729
3.0803
3.08233
3.08616
3.08937
3.09391
3.09595
3.10412
3.10566
3.11255
3.11639
3.11895
3.12129
3.12598
3.13159
3.13691
3.14377
3.14847
3.15409
3.15986
3.16603
3.16818
3.17161
3.17388
3.17607
3.1825
3.18618
3.19084
3.19628
3.19724
3.20469
3.20865
3.21329
3.22037
3.22367
3.22882
3.23327
3.23617
3.24379
3.24999
3.25059
3.25682
3.26112
3.26325
3.26848
3.2752
3.27636
3.28777
3.2907
3.29272
3.30095
3.30357
3.30703
3.30878
3.31305
3.31635
3.32861
3.33614
3.33659
3.33981
3.34097
3.34949
3.35527
3.35762
3.36199
3.36846
3.3731
3.37603
3.37754
3.383
3.38967
3.39435
3.39887
3.40824
3.41017
3.41378
3.41526
3.42361
3.4241
3.43254
3.43494
3.43846
3.44417
3.44866
3.45087
3.45503
3.46018
3.46888
3.47265
3.47903
3.48266
3.4871
3.49012
3.4965
3.50286
3.51082
3.51483
3.51543
3.51677
3.52706
3.5325
3.54126
3.54771
3.55384
3.55739
3.56084
3.56385
3.56676
3.57492
3.57795
3.58249
3.5859
3.58964
3.59672
3.59967
3.60604
3.60755
3.6142
3.61777
3.62382
3.62755
3.63317
3.64034
3.64633
3.65117
3.65341
3.6593
3.66352
3.66827
3.67849
3.68392
3.68597
3.68971
3.69481
3.70039
3.70096
3.70456
3.71531
3.7226
3.72636
3.73165
3.73817
3.74583
3.75029
3.75491
3.75613
3.76524
3.76709
3.77263
3.77711
3.77892
3.78341
3.7854
3.79583
3.80613
3.80837
3.81139
3.81438
3.82587
3.8311
3.83357
3.83751
3.84124
3.85029
3.8521
3.85443
3.86137
3.86861
3.87589
3.88484
3.8885
3.89577
3.89762
3.89962
3.90709
3.91128
3.92196
3.92481
3.93336
3.94098
3.94631
3.94763
3.9572
3.96382
3.96551
3.97592
3.97979
3.98977
3.99162
3.9965
3.99907
4.002
4.00865
4.01317
4.0186
4.02215
4.02519
4.02941
4.04278
4.04392
4.0534
4.05731
4.06282
4.06689
4.0706
4.07883
4.08126
4.09005
4.09663
4.10411
4.10477
4.10839
4.11799
4.12134
4.12452
4.12694
4.13262
4.14018
4.14668
4.15152
4.15606
4.16107
4.16711
4.17548
4.1846
4.187
4.19204
4.19759
4.20319
4.2053
4.21293
4.22122
4.22526
4.2298
4.23183
4.24184
4.24326
4.24868
4.25816
4.26449
4.2715
4.2728
4.27614
4.27832
4.28637
4.29498
4.29979
4.30339
4.30795
4.30995
4.31462
4.32242
4.3286
4.33465
4.33718
4.34098
4.35101
4.35754
4.35772
4.3628
4.36892
4.37026
4.38549
4.38622
4.39169
4.39499
4.39562
4.40215
4.40627
4.4122
4.42242
4.42399
4.42783
4.43567
4.44245
4.44691
4.44922
4.45731
4.46098
4.46701
4.47523
4.47583
4.48065
4.4848
4.48793
4.49297
4.5004
4.50211
4.50999
4.5151
4.52774
4.53032
4.53315
4.53679
4.53846
4.54551
4.5602
4.56384
4.56888
4.57295
4.58429
4.5846
4.59211
4.59815
4.60661
4.61148
4.61739
4.62257
4.63746
4.63901
4.64526
4.64642
4.6506
4.65951
4.66403
4.67015
4.6755
4.67779
4.6821
4.6867
4.69679
4.69874
4.70767
4.70832
4.71555
4.72296
4.72704
4.73261
4.73843
4.74128
4.74285
4.75471
4.75679
4.76626
4.77458
4.77578
4.7846
4.79252
4.79466
4.79899
4.80271
4.80315
4.80914
4.82081
4.82845
4.83336
4.83699
4.84233
4.84832
4.85097
4.85486
4.86573
4.87058
4.87359
4.87782
4.88187
4.88924
4.89419
4.90259
4.90451
4.91236
4.91732
4.92228
4.92572
4.93388
4.94355
4.9506
4.95836
4.96545
4.97288
4.97528
4.98042
4.98076
4.98523
4.98795
4.99359
4.99451
5.0062
5.00958
5.01027
5.01749
5.02262
5.02683
5.03361
5.04407
5.04588
5.04828
5.05966
5.06202
5.07138
5.07912
5.08429
5.08786
5.09394
5.10067
5.10304
5.10619
5.11716
5.12143
5.1278
5.12891
5.13639
5.13937
5.14775
5.15755
5.16139
5.1668
5.16852
5.17884
5.18441
5.18633
5.18962
5.19496
5.20051
5.20329
5.21167
5.22075
5.22565
5.2297
5.23564
5.24006
5.24281
5.25191
5.25647
5.26078
5.26226
5.26818
5.27238
5.27711
5.28186
5.28309
5.28677
5.29179
5.29807
5.30689
5.31008
5.31688
5.31938
5.3204
5.32637
5.33095
5.33322
5.34317
5.35546
5.36002
5.36575
5.37191
5.37601
5.37895
5.38105
5.3839
5.39319
5.4033
5.40553
5.40956
5.41291
5.41603
5.4224
5.42557
5.42769
5.43869
5.44041
5.44522
5.44842
5.45566
5.45998
5.46784
5.47234
5.47933
5.48209
5.48836
5.49313
5.50223
5.50323
5.51103
5.51331
5.5182
5.5304
5.53379
5.53788
5.53905
5.54164
5.54515
5.55392
5.55719
5.56012
5.56566
5.57236
5.57764
5.5864
5.58729
5.59133
5.59856
5.60356
5.61338
5.61564
5.61691
5.62384
5.62965
5.6326
5.63878
5.65198
5.65358
5.65673
5.66269
5.66883
5.67082
5.67959
5.68133
5.68665
5.69411
5.70022
5.70202
5.71052
5.71559
5.71699
5.72337
5.72651
5.73391
5.73867
5.74448
5.74763
5.75524
5.76205
5.76695
5.77196
5.77409
5.78605
5.79234
5.79593
5.79678
5.80573
5.81088
5.81928
5.8219
5.82683
5.83127
5.8367
5.84181
5.84717
5.84942
5.86139
5.86713
5.87322
5.87652
5.8804
5.88523
5.88882
5.89396
5.90098
5.90433
5.91271
5.91908
5.92634
5.93307
5.94004
5.94175
5.95096
5.95758
5.96044
5.96409
5.97116
5.97502
5.97726
5.97969
5.9877
5.98876
5.99819
5.99954
6.00596
6.01069
6.01397
6.01772
6.02979
6.03254
6.04064
6.04433
6.04535
6.05155
6.05794
6.06538
6.07485
6.07831
6.08507
6.0892
6.09092
6.09789
6.1
6.10866
6.10962
6.11479
6.12166
6.1297
6.13162
6.13537
6.14683
6.15285
6.15775
6.1612
6.16474
6.167
6.17045
6.17697
6.18395
6.18923
6.19421
6.19842
6.20394
6.21195
6.2162
6.22058
6.22716
6.23319
6.2397
6.24077
6.24987
6.25169
6.25866
6.2603
6.26772
6.2724
6.27861
6.28721
6.28751
6.29681
6.30084
6.30351
6.3111
6.31547
6.32082
6.32313
6.32703
6.32937
6.33453
6.34544
6.35049
6.35642
6.36356
6.36658
6.37033
6.37535
6.3802
6.38487
6.38859
6.39224
6.40576
6.41259
6.41476
6.42291
6.4268
6.43285
6.43513
6.44007
6.44387
6.4491
6.45974
6.46019
6.46717
6.47124
6.4732
6.47591
6.48084
6.49078
6.49444
6.5037
6.50873
6.51018
6.51323
6.51832
6.5235
6.52876
6.53245
6.54082
6.54212
6.5484
6.55238
6.5582
6.56157
6.56583
6.57087
6.58108
6.58224
6.59027
6.59496
6.59803
6.60772
6.61813
6.62142
6.62261
6.62778
6.63412
6.63481
6.64194
6.64626
6.64973
6.65342
6.65358
6.66682
6.66824
6.67542
6.68089
6.68571
6.69
6.69605
6.69946
6.70834
6.71528
6.71794
6.72772
6.73011
6.73475
6.74022
6.74663
6.75156
6.75662
6.76104
6.76526
6.76873
6.77532
6.77884
6.78436
6.7884
6.7935
6.79889
6.80178
6.80409
6.81286
6.81452
6.81841
6.82306
6.82527
6.83017
6.83313
6.8469
6.85494
6.85676
6.86113
6.86683
6.8721
6.87496
6.88294
6.88661
6.89039
6.89199
6.90143
6.90499
6.91069
6.91444
6.92261
6.92924
6.93146
6.93453
6.9414
6.9493
6.95602
6.9626
6.96518
6.96954
6.97223
6.97932
6.98299
6.98435
6.9926
6.9965
7.00487
7.00922
7.01419
7.02451
7.02722
7.03096
7.03856
7.042
7.05081
7.05435
7.06255
7.07084
7.07726
7.0827
7.08481
7.09477
7.09822
7.10167
7.11009
7.1169
7.12319
7.12683
7.12922
7.13434
7.14091
7.1451
7.15014
7.16084
7.16457
7.16628
7.16958
7.17279
7.18049
7.18931
7.19555
7.19955
7.205
7.2081
7.21481
7.21618
7.22351
7.22931
7.23343
7.23636
7.24132
7.24886
7.24924
7.25513
7.25861
7.26677
7.27032
7.27379
7.27896
7.2825
7.2872
7.28864
7.29644
7.30623
7.3189
7.32601
7.32902
7.33478
7.33952
7.34331
7.35315
7.35659
7.35866
7.36365
7.37529
7.38036
7.38307
7.38623
7.39119
7.40048
7.40994
7.41449
7.41977
7.42335
7.42627
7.43259
7.43497
7.44373
7.44484
7.45544
7.45602
7.46632
7.47016
7.47558
7.47813
7.48275
7.48976
7.49557
7.50661
7.5088
7.51085
7.51947
7.52528
7.53867
7.54425
7.55209
7.55807
7.56079
7.57099
7.5744
7.57629
7.578
7.58509
7.59752
7.59999
7.60457
7.60737
7.61624
7.62437
7.6317
7.63489
7.64451
7.64689
7.65193
7.6576
7.66938
7.67553
7.67885
7.68177
7.69119
7.69579
7.70359
7.71059
7.71572
7.71794
7.72118
7.72491
7.73299
7.7378
7.74394
7.75073
7.75142
7.7623
7.76389
7.76643
7.77741
7.78094
7.78779
7.79259
7.79776
7.80256
7.80906
7.81452
7.81994
7.82599
7.83337
7.83604
7.84405
7.84871
7.86253
7.86481
7.87416
7.87614
7.88214
7.89089
7.89462
7.90385
7.90777
7.91442
7.92025
7.92337
7.9272
7.93681
7.9422
7.94264
7.94964
7.95736
7.96409
7.97236
7.97739
7.98648
7.98953
7.99059
8.00009
8.00617
8.00937
8.01356
8.01993
8.02479
8.03294
8.04079
8.04302
8.05351
8.06024
8.06357
8.07874
8.08465
8.08841
8.09525
8.09688
8.1004
8.10788
8.11444
8.12329
8.12726
8.13569
8.14082
8.14897
8.157
8.15801
8.16417
8.16753
8.17325
8.18168
8.19118
8.19597
8.20507
8.20756
8.21883
8.22236
8.23153
8.2378
8.23915
8.24586
8.25119
8.25749
8.26434
8.26966
8.27411
8.28096
8.2891
8.29349
8.2991
8.30493
8.31333
8.31715
8.32262
8.33386
8.33685
8.34136
8.34488
8.35057
8.35655
8.36181
8.36769
8.37297
8.37953
8.38473
8.39218
8.39655
8.40567
8.41171
8.41456
8.41899
8.42463
8.4274
8.43823
8.43932
8.44312
8.45944
8.46125
8.46662
8.47068
8.48139
8.4906
8.49239
8.50262
8.50503
8.5094
8.51613
8.51807
8.52132
8.52981
8.53553
8.54707
8.55262
8.55531
8.5567
8.5669
8.57073
8.57736
8.58682
8.5907
8.59185
8.61123
8.61265
8.61767
8.62698
8.63717
8.63803
8.64784
8.65071
8.65505
8.66127
8.66938
8.67628
8.67976
8.68525
8.68926
8.69333
8.70008
8.70237
8.71251
8.72362
8.72799
8.73104
8.73628
8.74745
8.75171
8.75512
8.75789
8.76688
8.76982
8.77533
8.77847
8.78554
8.79042
8.79666
8.80532
8.81269
8.81477
8.82154
8.82234
8.82835
8.83142
8.8341
8.83943
8.84355
8.85048
8.85142
8.8593
8.86451
8.86954
8.87758
8.87954
8.88758
8.89272
8.89801
8.90039
8.90903
8.91347
8.92169
8.9264
8.93004
8.93675
8.94248
8.94615
8.95021
8.95687
8.95848
8.96624
8.96778
8.9717
8.97796
8.97982
8.98722
8.99434
8.99754
9.00463
9.0071
9.01108
9.01755
9.02255
9.0282
9.03251
9.03523
9.0476
9.05275
9.05739
9.06351
9.06375
9.06873
9.07672
9.07687
9.08376
9.09052
9.09262
9.10143
9.1103
9.11516
9.11811
9.1259
9.13299
9.13409
9.14058
9.14275
9.14981
9.15437
9.1582
9.16419
9.16641
9.17188
9.17805
9.18148
9.19565
9.19906
9.20737
9.21229
9.21553
9.22335
9.22639
9.22897
9.2383
9.23983
9.24618
9.25217
9.25884
9.26368
9.26481
9.27032
9.27266
9.27886
9.28312
9.28674
9.2898
9.3004
9.30551
9.30907
9.3127
9.3278
9.32911
9.33487
9.33594
9.34279
9.34547
9.35585
9.36143
9.37291
9.37806
9.38015
9.38279
9.38502
9.39331
9.39707
9.3984
9.4076
9.41428
9.41702
9.4184
9.42891
9.43247
9.44406
9.44598
9.44768
9.45726
9.46005
9.46901
9.47393
9.47739
9.47985
9.48374
9.49219
9.49791
9.50444
9.50782
9.51273
9.52035
9.52329
9.52596
9.53449
9.53704
9.54606
9.55097
9.5596
9.5624
9.56617
9.57027
9.57901
9.59121
9.59622
9.60247
9.60789
9.61685
9.6197
9.62168
9.62551
9.62979
9.63415
9.64097
9.64161
9.65409
9.6589
9.66159
9.6727
9.67698
9.68421
9.68753
9.6878
9.69086
9.70086
9.70715
9.70931
9.71667
9.71812
9.7231
9.73266
9.73613
9.74212
9.74968
9.75235
9.75525
9.75994
9.76458
9.76831
9.77394
9.7767
9.78496
9.79058
9.79799
9.80094
9.80995
9.8107
9.81599
9.82351
9.82756
9.83036
9.84332
9.84686
9.84773
9.85676
9.8661
9.87117
9.87799
9.8806
9.8895
9.89929
9.89992
9.90179
9.90972
9.91286
9.92346
9.92533
9.93218
9.93473
9.93941
9.95496
9.95725
9.95888
9.96569
9.97066
9.97623
9.9816
9.99068
9.99839
10.0019
10.0041
10.0137
10.0146
10.0182
10.0233
10.0258
10.0337
10.0463
10.0476
10.0536
10.0584
10.0624
10.0663
10.0718
10.0784
10.0799
10.0842
10.0953
10.1009
10.1075
10.112
10.1179
10.1212
10.1288
10.1349
10.1442
10.1464
10.1488
10.1539
10.1578
10.1645
10.1663
10.1717
10.1783
10.1807
10.1904
10.204
10.2057
10.2098
10.2135
10.2172
10.2189
10.2307
10.2368
10.2456
10.2551
10.2593
10.2687
10.2742
10.2769
10.2841
10.2879
10.2913
10.2959
10.3013
10.3084
10.3161
10.3193
10.3221
10.3269
10.3372
10.3412
10.3435
10.3526
10.3552
10.3588
10.3651
10.3696
10.3814
10.3881
10.3932
10.3948
10.3972
10.4106
10.4133
10.4168
10.4264
10.4292
10.4401
10.4439
10.4537
10.4613
10.4647
10.4712
10.4747
10.479
10.488
10.4917
10.5012
10.5055
10.5076
10.5188
10.5213
10.5284
10.5336
10.5408
10.5543
10.5579
10.564
10.5689
10.5776
10.5868
10.5896
10.5986
10.6044
10.6057
10.6097
10.6171
10.6198
10.6343
10.6416
10.6442
10.6571
10.66
10.6694
10.67
10.6805
10.6856
10.6914
10.695
10.7032
10.7076
10.7117
10.718
10.7262
10.734
10.7369
10.7444
10.7522
10.7562
10.7599
10.7679
10.7791
10.7817
10.7856
10.8026
10.8043
10.8066
10.8117
10.8308
10.8343
10.8412
10.8486
10.8539
10.8641
10.8737
10.8745
10.8875
10.8946
10.9022
10.9039
10.9186
10.931
10.9328
10.9416
10.946
10.9501
10.958
10.961
10.9659
10.9752
10.9804
10.9819
10.9924
10.9985
11.0033
11.012
11.0201
11.0273
11.032
11.0409
11.0469
11.0524
11.0588
11.0624
11.0713
11.0837
11.0882
11.0927
11.1037
11.1102
11.1153
11.1223
11.124
11.1358
11.1404
11.1422
11.1465
11.1602
11.1643
11.173
11.1784
11.1858
11.1888
11.2054
11.2073
11.216
11.2176
11.2246
11.2327
11.2342
11.2426
11.2595
11.2607
11.277
11.2846
11.2928
11.3008
11.3055
11.3071
11.3154
11.3203
11.3275
11.3345
11.3454
11.3483
11.3548
11.3616
11.3665
11.3704
11.3862
11.3947
11.4022
11.4109
11.4112
11.4213
11.4327
11.4402
11.4466
11.4544
11.4649
11.4776
11.4805
11.4943
11.504
11.5074
11.5158
11.5188
11.5282
11.53
11.5371
11.5405
11.5469
11.5522
11.5562
11.5622
11.5744
11.5759
11.5816
11.5999
11.6104
11.6134
11.6182
11.6272
11.6324
11.6374
11.641
11.6458
11.6515
11.658
11.6644
11.6759
11.6834
11.6923
11.6967
11.7009
11.7157
11.717
11.7278
11.7326
11.7408
11.7441
11.7511
11.7642
11.7675
11.7795
11.7847
11.7897
11.7982
11.8054
11.8089
11.8174
11.8213
11.8294
11.8352
11.8427
11.8491
11.8536
11.8545
11.8678
11.8679
11.8732
11.8821
11.894
11.8994
11.9037
11.9111
11.9184
11.9221
11.9325
11.9361
11.9386
11.9492
11.9586
11.9609
11.9716
11.9762
11.9769
11.9864
11.9938
12.0007
12.0097
12.0136
12.0186
12.0222
12.0287
12.04
12.057
12.0668
12.0695
12.079
12.0809
12.0889
12.0946
12.099
12.106
12.1067
12.1195
12.1231
12.1364
12.1393
12.1417
12.151
12.1578
12.1631
12.1715
12.1779
12.1818
12.1994
12.2013
12.2064
12.217
12.2229
12.2261
12.2333
12.2365
12.2412
12.2466
12.2526
12.2654
12.2693
12.2735
12.2807
12.2838
12.292
12.2975
12.3034
12.3108
12.318
12.322
12.3321
12.3341
12.3404
12.3441
12.3581
12.3636
12.3641
12.3746
12.3778
12.3916
12.3942
12.3987
12.4046
12.4156
12.419
12.4264
12.4342
12.4421
12.4524
12.462
12.4698
12.4714
12.4771
12.484
12.49
12.4936
12.4943
12.5052
12.5096
12.5189
12.5262
12.5351
12.54
12.5489
12.5496
12.5618
12.5662
12.5731
12.5787
12.5878
12.5907
12.6048
12.6049
12.6104
12.6122
12.6205
12.6353
12.64
12.6462
12.6484
12.6518
12.6535
12.6634
12.6787
12.6809
12.6866
12.6896
12.6932
12.6974
12.7134
12.7177
12.7226
12.733
12.7349
12.7425
12.751
12.7596
12.7651
12.7683
12.7746
12.7793
12.7852
12.7879
12.7917
12.796
12.8057
12.8121
12.8172
12.8242
12.8273
12.8323
12.8409
12.8548
12.8599
12.8704
12.8729
12.8762
12.8811
12.8949
12.8986
12.907
12.9134
12.9174
12.9248
12.9341
12.9467
12.9527
12.9551
12.9647
12.9685
12.9716
12.9819
12.9925
12.9959
13.0026
13.0058
13.0203
13.0286
13.0358
13.0384
13.0418
13.0574
13.0616
13.0672
13.0691
13.0715
13.0779
13.0916
13.0987
13.1033
13.1116
13.1177
13.1252
13.1254
13.132
13.1378
13.1475
13.1523
13.1589
13.1641
13.1753
13.1839
13.1889
13.2031
13.2101
13.2118
13.2218
13.2313
13.2366
13.2403
13.2489
13.2645
13.2686
13.2811
13.2892
13.2999
13.3035
13.3059
13.3161
13.3204
13.3323
13.3363
13.344
13.3505
13.3526
13.3603
13.3671
13.3761
13.3805
13.3905
13.3955
13.4018
13.4116
13.4175
13.4241
13.426
13.4328
13.4381
13.4412
13.4555
13.4577
13.4657
13.4709
13.4764
13.4838
13.491
13.5001
13.5044
13.5084
13.5133
13.5212
13.5273
13.5366
13.5405
13.55
13.5523
13.56
13.5736
13.5824
13.5865
13.5973
13.5992
13.6108
13.6198
13.622
13.6314
13.6416
13.6422
13.6521
13.6601
13.6638
13.6755
13.6796
13.6839
13.6926
13.6939
13.7031
13.707
13.7109
13.7181
13.7284
13.7295
13.738
13.742
13.7527
13.7553
13.7621
13.7639
13.7693
13.7823
13.7868
13.7981
13.7995
13.8085
13.815
13.8185
13.8241
13.8327
13.8476
13.8535
13.8617
13.8682
13.8729
13.8819
13.887
13.8917
13.9112
13.9137
13.9172
13.926
13.9287
13.9405
13.9459
13.9474
13.9571
13.9578
13.9614
13.9683
13.9771
13.9859
13.9951
13.9981
14.0104
14.0152
14.0216
14.0271
14.0335
14.035
14.0382
14.0458
14.0489
14.0668
14.0766
14.082
14.0885
14.0955
14.0991
14.1027
14.1128
14.1182
14.1255
14.1292
14.1371
14.1452
14.1531
14.1617
14.172
14.1737
14.1866
14.1886
14.2041
14.2133
14.2186
14.2227
14.23
14.2402
14.2451
14.2549
14.2631
14.2668
14.2724
14.2828
14.2914
14.2961
14.3082
14.3126
14.3182
14.3199
14.3288
14.3412
14.3471
14.3562
14.362
14.3768
14.3816
14.3898
14.3961
14.4004
14.4067
14.4156
14.4197
14.4257
14.4303
14.446
14.4471
14.4603
14.4656
14.475
14.4906
14.4929
14.4981
14.508
14.5229
14.5314
14.5326
14.554
14.5554
14.5587
14.565
14.5688
14.5813
14.5873
14.5929
14.6058
14.6133
14.6185
14.6226
14.6386
14.6521
14.6641
14.6706
14.681
14.6856
14.6955
14.6968
14.7059
14.7115
14.7262
14.7306
14.7373
14.746
14.755
14.7654
14.7721
14.7811
14.7934
14.7986
14.8073
14.8223
14.8284
14.8447
14.8471
14.8488
14.8603
14.8718
14.8857
14.8931
14.8963
14.9034
14.9161
14.926
14.9326
14.9379
14.9507
14.9542
14.9593
14.9652
14.9722
14.9805
14.9886
14.9938
15.0096
15.0114
15.0226
15.0241
15.0394
15.0454
15.0547
15.0691
15.075
15.079
15.0827
15.0914
15.1105
15.1167
15.127
15.1352
15.1435
15.1498
15.1595
15.1667
15.1784
15.1889
15.2012
15.2074
15.2158
15.2261
15.2347
15.2448
15.2653
15.2735
15.2789
15.288
15.2959
15.3016
15.3168
15.3252
15.336
15.3479
15.3531
15.3666
15.3697
15.3826
15.3922
15.3987
15.4094
15.4169
15.4271
15.4379
15.4445
15.4503
15.4588
15.4686
15.489
15.4904
15.501
15.5161
15.5306
15.5346
15.5361
15.5516
15.5583
15.5678
15.5788
15.5885
15.5993
15.6148
15.6358
15.6455
15.6526
15.6639
15.6723
15.6799
15.6909
15.6934
15.6981
15.7185
15.7203
15.7349
15.7519
15.7666
15.7696
15.777
15.7855
15.801
15.8086
15.8094
15.8177
15.8438
15.8556
15.8578
15.8635
15.8712
15.8815
15.892
15.8963
15.9115
15.9141
15.9324
15.9427
15.9481
15.9529
15.9706
15.9874
15.9909
16.0009
16.0143
16.0222
16.0259
16.0381
16.0456
16.0536
16.0618
16.0713
16.0771
16.0832
16.0994
16.1133
16.116
16.1246
16.1391
16.1521
16.1543
16.1586
16.1758
16.1761
16.184
16.1961
16.1985
16.2067
16.2128
16.214
16.2304
16.2367
16.2459
16.2628
16.2715
16.2743
16.2848
16.293
16.303
16.3057
16.3272
16.3353
16.3486
16.3564
16.3727
16.3775
16.3885
16.3936
16.409
16.4338
16.4468
16.4571
16.4677
16.4736
16.4831
16.4966
16.5103
16.5236
16.5257
16.5397
16.5509
16.5579
16.5693
16.5781
16.5908
16.6001
16.6009
16.6153
16.6223
16.6387
16.6499
16.6576
16.6659
16.6829
16.6883
16.7022
16.7105
16.7219
16.7371
16.7385
16.7551
16.767
16.7724
16.7812
16.7847
16.7954
16.8001
16.8197
16.8221
16.8395
16.8509
16.8532
16.8686
16.8748
16.8905
16.8992
16.9253
16.9268
16.9396
16.9499
16.9593
16.9647
16.9851
16.9971
17.0075
17.0099
17.0264
17.0312
17.0416
17.0499
17.0569
17.0691
17.0725
17.0922
17.104
17.1113
17.123
17.1333
17.1414
17.1526
17.1703
17.179
17.1836
17.1919
17.1986
17.2122
17.2244
17.233
17.2453
17.2552
17.2631
17.2693
17.276
17.2868
17.2951
17.3031
17.3152
17.3281
17.3458
17.3593
17.3761
17.3875
17.409
17.4256
17.4285
17.4411
17.4445
17.4576
17.4695
17.4732
17.4882
17.4948
17.5004
17.5204
17.5247
17.5468
17.5562
17.5644
17.5854
17.5923
17.5992
17.6096
17.6204
17.6293
17.6491
17.6619
17.6703
17.6774
17.686
17.6988
17.7194
17.7269
17.7364
17.7515
17.7633
17.7735
17.7861
17.8008
17.8067
17.8164
17.8212
17.8268
17.8364
17.851
17.8593
17.8711
17.8772
17.8987
17.9065
17.9267
17.9302
17.9421
17.9537
17.9605
17.9655
17.9804
17.9895
18.0062
18.0161
18.0281
18.0361
18.0452
18.0559
18.0589
18.0793
18.0999
18.102
18.1099
18.1226
18.1282
18.137
18.1468
18.1528
18.1694
18.1866
18.1928
18.2042
18.2174
18.2265
18.2379
18.2481
18.2576
18.2779
18.2835
18.2915
18.3
18.3129
18.319
18.3278
18.3456
18.3514
18.3561
18.3703
18.3821
18.389
18.4059
18.42
18.4315
18.4535
18.4689
18.4835
18.4947
18.5032
18.5067
18.5195
18.5274
18.5368
18.5576
18.5688
18.5992
18.6055
18.6146
18.6233
18.6415
18.6526
18.6581
18.6678
18.6823
18.689
18.7084
18.7188
18.7251
18.7347
18.752
18.7579
18.7756
18.7896
18.7984
18.8092
18.8209
18.8308
18.8344
18.8553
18.8598
18.8662
18.8896
18.9
18.9069
18.9148
18.9242
18.9471
18.9535
18.9674
18.9937
18.9994
19.0464
19.0542
19.0744
19.0813
19.1005
19.1075
19.1132
19.1177
19.1459
19.1487
19.1664
19.1862
19.1999
19.2347
19.247
19.2548
19.2709
19.272
19.2811
19.2954
19.3145
19.3263
19.3346
19.3513
19.3609
19.3729
19.3904
19.4113
19.4297
19.4573
19.4725
19.4789
19.4878
19.4949
19.5131
19.5317
19.5516
19.5633
19.5788
19.5875
19.5973
19.6176
19.6289
19.6345
19.6572
19.664
19.6808
19.6876
19.7007
19.7199
19.7282
19.7333
19.7612
19.7724
19.7823
19.8004
19.8227
19.8502
19.8534
19.8783
19.8837
19.9147
19.9224
19.9296
19.9507
19.9597
19.9618
19.9853
20.0025
20.0137
20.0182
20.0386
20.0726
20.0803
20.0856
20.095
20.1113
20.1327
20.1456
20.1522
20.1688
20.1919
20.2064
20.2255
20.2345
20.2538
20.2704
20.2902
20.3031
20.3192
20.3232
20.3341
20.3497
20.36
20.3811
20.3921
20.4072
20.4283
20.4497
20.4674
20.484
20.4883
20.4925
20.5111
20.524
20.5508
20.5608
20.5812
20.5939
20.6289
20.6407
20.6604
20.6748
20.7126
20.7186
20.7423
20.7667
20.7853
20.7929
20.8055
20.8226
20.8533
20.8796
20.8941
20.9207
20.929
20.9716
20.9746
20.9822
21.0077
21.0163
21.0263
21.033
21.0388
21.0581
21.09
21.0965
21.1285
21.1303
21.1438
21.1549
21.1835
21.203
21.2056
21.2425
21.2662
21.2836
21.3241
21.3428
21.3585
21.4173
21.441
21.47
21.4781
21.4818
21.5393
21.5485
21.5712
21.588
21.6005
21.6335
21.6485
21.6771
21.7036
21.7685
21.7936
21.8023
21.8156
21.8235
21.8297
21.8854
21.8943
21.9161
21.9438
21.9514
21.9739
21.9857
21.9956
22.0137
22.032
22.0562
22.0928
22.1225
22.1404
22.1549
22.1814
22.1875
22.1982
22.2073
22.2165
22.2304
22.2516
22.2719
22.3095
22.3227
22.3486
22.3664
22.3754
22.3851
22.4007
22.42
22.428
22.4474
22.4666
22.4978
22.5045
22.5212
22.5498
22.5565
22.577
22.5943
22.6072
22.6288
22.6538
22.6716
22.6855
22.6919
22.707
22.7201
22.7743
22.775
22.8045
22.8297
22.836
22.8541
22.8687
22.8855
22.9127
22.9448
22.9593
23.0006
23.0472
23.0537
23.0649
23.0838
23.1194
23.1311
23.1457
23.1752
23.181
23.202
23.2146
23.2343
23.3204
23.3449
23.4084
23.4233
23.4484
23.4684
23.5324
23.5351
23.5729
23.5764
23.5977
23.6131
23.6324
23.6433
23.658
23.6671
23.6718
23.7038
23.7075
23.7358
23.7436
23.7642
23.7889
23.8257
23.8411
23.8634
23.8795
23.9176
23.9639
23.9734
23.9901
24.0087
24.0235
24.0762
24.0949
24.115
24.1447
24.1576
24.1704
24.2075
24.2141
24.2602
24.2714
24.2993
24.311
24.3262
24.3472
24.3842
24.41
24.4242
24.4436
24.4451
24.4624
24.4801
24.4932
24.5186
24.5211
24.5496
24.5612
24.5866
24.5911
24.6012
24.7039
24.7438
24.7952
24.8284
24.8674
24.8913
24.9278
24.9889
25.014
25.1423
25.1679
25.1798
25.1973
25.2571
25.2927
25.2979
25.3216
25.3523
25.3874
25.4262
25.4355
25.4546
25.4648
25.4945
25.527
25.5374
25.5506
25.5601
25.6202
25.6688
25.688
25.696
25.727
25.7369
25.7537
25.7828
25.7865
25.8477
25.8918
25.9145
25.9422
25.9727
25.9943
26.0275
26.0332
26.146
26.1521
26.2172
26.25
26.3123
26.3425
26.3603
26.3913
26.46
26.5218
26.5465
26.566
26.5783
26.6257
26.6385
26.6765
26.7168
26.7753
26.7806
26.804
26.835
26.8688
26.886
26.932
26.9564
26.9855
27.0205
27.0395
27.0849
27.0968
27.1332
27.1831
27.1893
27.2555
27.2871
27.322
27.3929
27.4225
27.4419
27.5563
27.5856
27.6394
27.6787
27.7466
27.7842
27.8354
27.9319
27.9632
27.972
28.0296
28.0366
28.0915
28.1127
28.1466
28.1974
28.2719
28.3023
28.3736
28.4025
28.4611
28.518
28.5648
28.5938
28.6794
28.7023
28.7138
28.7245
28.7666
28.7772
28.8599
28.9033
28.9548
28.9631
28.9711
28.991
29.0004
29.0758
29.1097
29.1263
29.1328
29.1484
29.2577
29.2759
29.2878
29.3728
29.3928
29.399
29.485
29.5953
29.6104
29.6738
29.7216
29.7475
29.766
29.8325
29.8672
29.9421
30.0996
30.104
30.1289
30.1866
30.1985
30.2211
30.2477
30.296
30.3082
30.3764
30.3975
30.5132
30.5344
30.6423
30.7212
30.7606
30.825
30.8538
30.9917
31.0134
31.036
31.1717
31.2713
31.3846
31.4218
31.4413
31.5095
31.5353
31.5421
31.6176
31.6614
31.6877
31.7182
31.8839
31.9634
32.0948
32.1224
32.4055
32.5565
32.6522
32.6937
32.7312
32.8002
32.8248
32.9366
33.0208
33.0962
33.1872
33.4278
33.547
33.5768
33.6656
33.675
33.759
33.8269
33.8604
33.8991
34.0159
34.163
34.2064
34.4053
34.4488
34.555
34.5805
34.6954
34.7306
35.212
35.29
35.3039
35.3374
35.3437
35.3972
35.7438
35.7521
35.8594
36.5856
36.6546
36.872
36.934
37.3888
37.5228
37.6024
38.0643
38.8279
38.9031
39.017
39.1049
39.1459
39.2153
39.9362
40.0512
40.7418
40.8251
41.9296
41.9816
44.4632
44.5706
46.5005
46.5776
52.5777
