-27.4713
-26.03
-25.7361
-24.5976
-24.4497
-24.3713
-24.2038
-23.97
-23.8888
-23.2523
-22.287
-22.0409
-20.4732
-20.3462
-20.0896
-19.4277
-19.2794
-19.1591
-18.9935
-18.9069
-18.8559
-18.8397
-18.8014
-18.7382
-18.5938
-18.3023
-18.1626
-18.135
-18.0085
-17.9151
-17.7337
-17.5674
-17.3825
-17.2962
-17.2117
-17.2012
-17.1245
-17.0911
-16.9657
-16.943
-16.8902
-16.8136
-16.7339
-16.6901
-16.6705
-16.416
-16.373
-16.2605
-16.1355
-16.0318
-15.9135
-15.6786
-15.6337
-15.5174
-15.505
-15.3802
-15.3022
-15.2699
-15.2016
-15.1509
-15.1169
-15.1083
-15.0685
-15.0532
-15.0264
-14.9872
-14.9095
-14.8528
-14.713
-14.6719
-14.6498
-14.5368
-14.4722
-14.4144
-14.2255
-14.1355
-13.9435
-13.8825
-13.8327
-13.6862
-13.6542
-13.6444
-13.5974
-13.5828
-13.549
-13.4453
-13.4175
-13.399
-13.3948
-13.3446
-13.2938
-13.2428
-13.2207
-13.1556
-13.101
-12.9302
-12.8122
-12.688
-12.616
-12.5384
-12.4664
-12.3818
-12.3573
-12.2823
-12.2461
-12.1661
-12.1379
-12.1191
-12.0929
-11.9498
-11.9105
-11.901
-11.8309
-11.8078
-11.757
-11.7126
-11.6932
-11.689
-11.6186
-11.5401
-11.4431
-11.4338
-11.3456
-11.2868
-11.2381
-11.1451
-11.1067
-11.079
-11.0394
-11.0189
-10.9932
-10.9828
-10.8986
-10.8533
-10.8123
-10.7191
-10.699
-10.687
-10.632
-10.5601
-10.4729
-10.4554
-10.4177
-10.3986
-10.3327
-10.3173
-10.3084
-10.294
-10.2562
-10.2042
-10.168
-10.1581
-10.1204
-10.0323
-9.9744
-9.89058
-9.85334
-9.84636
-9.8366
-9.80235
-9.77251
-9.75641
-9.72508
-9.68746
-9.65672
-9.61878
-9.6019
-9.57643
-9.56955
-9.55816
-9.51652
-9.4645
-9.43874
-9.40683
-9.38641
-9.36457
-9.3568
-9.33002
-9.26297
-9.2145
-9.17872
-9.13734
-9.01276
-8.94364
-8.92414
-8.8767
-8.81561
-8.77467
-8.64168
-8.59351
-8.55768
-8.54446
-8.49222
-8.47183
-8.45374
-8.43712
-8.40091
-8.3352
-8.32046
-8.28807
-8.27854
-8.2613
-8.2511
-8.24204
-8.17973
-8.1655
-8.13647
-8.09432
-8.08638
-8.06768
-8.01988
-8.01206
-7.99986
-7.96678
-7.93873
-7.92667
-7.89744
-7.86967
-7.86537
-7.84828
-7.83201
-7.80776
-7.79909
-7.79031
-7.73814
-7.70915
-7.67071
-7.66571
-7.63117
-7.61343
-7.58837
-7.53585
-7.51128
-7.47066
-7.44272
-7.38427
-7.29044
-7.27508
-7.23441
-7.19369
-7.18539
-7.17006
-7.15386
-7.11859
-7.10988
-7.08511
-7.07283
-7.01617
-6.99849
-6.99718
-6.98687
-6.9499
-6.93864
-6.93303
-6.91127
-6.86837
-6.8471
-6.83643
-6.81804
-6.74872
-6.73168
-6.70272
-6.66844
-6.63552
-6.63229
-6.60477
-6.60146
-6.5442
-6.53881
-6.50033
-6.46933
-6.45266
-6.41769
-6.41063
-6.40486
-6.38263
-6.35063
-6.29095
-6.25039
-6.19388
-6.16704
-6.14188
-6.13037
-6.1126
-6.09927
-6.03691
-6.018
-5.977
-5.94472
-5.9314
-5.89422
-5.86662
-5.85811
-5.76454
-5.75764
-5.72818
-5.69364
-5.68
-5.67147
-5.63079
-5.59909
-5.58896
-5.56689
-5.54205
-5.52705
-5.48903
-5.45122
-5.44887
-5.40828
-5.39056
-5.37637
-5.34451
-5.32154
-5.31216
-5.29952
-5.26815
-5.25243
-5.23821
-5.21651
-5.18927
-5.15859
-5.12603
-5.10508
-5.09651
-5.06488
-5.0364
-4.99291
-4.97157
-4.95956
-4.93187
-4.91454
-4.85394
-4.83776
-4.81064
-4.80712
-4.75562
-4.73789
-4.7035
-4.68514
-4.66206
-4.63382
-4.62252
-4.58163
-4.54558
-4.52616
-4.51127
-4.49914
-4.47233
-4.46251
-4.44899
-4.42066
-4.39138
-4.38403
-4.36983
-4.35432
-4.32426
-4.30826
-4.30423
-4.29369
-4.28685
-4.24456
-4.23288
-4.22196
-4.19557
-4.19227
-4.17184
-4.15311
-4.13366
-4.12967
-4.11489
-4.09265
-4.07735
-4.0671
-4.06099
-4.03044
-4.00522
-3.9647
-3.92999
-3.91038
-3.86731
-3.85893
-3.8549
-3.83707
-3.80154
-3.78286
-3.76687
-3.73031
-3.71014
-3.68831
-3.65802
-3.6254
-3.60439
-3.59323
-3.56706
-3.55441
-3.52549
-3.47095
-3.45738
-3.44364
-3.42198
-3.4109
-3.39684
-3.37492
-3.36313
-3.35511
-3.31392
-3.30467
-3.29322
-3.26412
-3.25316
-3.2364
-3.22973
-3.19193
-3.18805
-3.16952
-3.15212
-3.14011
-3.11482
-3.08207
-3.0638
-3.04431
-3.03102
-3.01032
-2.96996
-2.95858
-2.90603
-2.84693
-2.83315
-2.8134
-2.80329
-2.79162
-2.76677
-2.75623
-2.74683
-2.72396
-2.70745
-2.67997
-2.65488
-2.61997
-2.58418
-2.54782
-2.5436
-2.52028
-2.49278
-2.48447
-2.46299
-2.44839
-2.41499
-2.3846
-2.36952
-2.36244
-2.32856
-2.30881
-2.27761
-2.24667
-2.23135
-2.22441
-2.19714
-2.17897
-2.15142
-2.13109
-2.11676
-2.09151
-2.07464
-2.02841
-2.02298
-1.98991
-1.97895
-1.94781
-1.93694
-1.8956
-1.8716
-1.8444
-1.82609
-1.81277
-1.78407
-1.76927
-1.7286
-1.70854
-1.70522
-1.69553
-1.67628
-1.64135
-1.6061
-1.59909
-1.57441
-1.55058
-1.52139
-1.50224
-1.49916
-1.48921
-1.46783
-1.45014
-1.42802
-1.3942
-1.38062
-1.36733
-1.35516
-1.34605
-1.33865
-1.32072
-1.31938
-1.31168
-1.29172
-1.25712
-1.24183
-1.21945
-1.19171
-1.17906
-1.1719
-1.14006
-1.13248
-1.11678
-1.08973
-1.08293
-1.04643
-1.0348
-1.0292
-1.0112
-1.00897
-0.960519
-0.941368
-0.93921
-0.935582
-0.912616
-0.901821
-0.878347
-0.847011
-0.83027
-0.806523
-0.795884
-0.790078
-0.74985
-0.74076
-0.726775
-0.713696
-0.704216
-0.67907
-0.656733
-0.637862
-0.619653
-0.600328
-0.589178
-0.568031
-0.537033
-0.514127
-0.504216
-0.491738
-0.459618
-0.436275
-0.408539
-0.38964
-0.372166
-0.337548
-0.31833
-0.309263
-0.303346
-0.295857
-0.25701
-0.231418
-0.216701
-0.196948
-0.18676
-0.173518
-0.160067
-0.139895
-0.118603
-0.112444
-0.0827033
-0.0600443
-0.0333208
-0.0289849
0
0.0119854
0.028095
0.0330643
0.0541812
0.0688596
0.104487
0.124836
0.148967
0.154278
0.168064
0.187717
0.191707
0.209246
0.236925
0.245613
0.269443
0.292614
0.300085
0.316098
0.319992
0.362855
0.379425
0.411303
0.424778
0.449172
0.46238
0.471424
0.488529
0.515926
0.520278
0.551175
0.567309
0.582048
0.619995
0.639926
0.652524
0.677976
0.707893
0.731695
0.745262
0.76353
0.803275
0.816566
0.82037
0.880462
0.915779
0.924141
0.939241
0.981243
1.021
1.03054
1.05927
1.09668
1.10718
1.12662
1.16771
1.2098
1.22053
1.25224
1.30146
1.30822
1.31966
1.37928
1.38938
1.40673
1.4231
1.44379
1.46694
1.48377
1.52341
1.54598
1.54912
1.57405
1.58135
1.62907
1.65812
1.67275
1.68612
1.70623
1.71361
1.72567
1.74028
1.74387
1.75931
1.78732
1.80224
1.82212
1.83881
1.84743
1.8667
1.89472
1.91747
1.92527
1.94292
1.95484
1.96648
1.98727
2.00948
2.02178
2.03401
2.05457
2.06909
2.09071
2.11371
2.11653
2.1343
2.15814
2.17646
2.18617
2.19283
2.2406
2.26066
2.27145
2.28809
2.31337
2.33228
2.35527
2.36829
2.40211
2.41253
2.41774
2.43251
2.45925
2.48098
2.49187
2.50006
2.51869
2.52619
2.54319
2.55848
2.58793
2.61547
2.62194
2.64589
2.65583
2.67877
2.71444
2.7456
2.75086
2.76806
2.79612
2.82533
2.84439
2.86741
2.8757
2.90496
2.91168
2.92249
2.96043
2.97695
2.98794
3.00729
3.01611
3.03757
3.05039
3.07414
3.08115
3.09378
3.11829
3.14872
3.16586
3.17781
3.20445
3.21618
3.226
3.25156
3.25424
3.27817
3.29594
3.32913
3.33743
3.34623
3.36182
3.37244
3.37744
3.41072
3.417
3.42727
3.44859
3.45905
3.47482
3.49638
3.5171
3.52801
3.54563
3.56481
3.56763
3.5996
3.61157
3.61963
3.63997
3.66319
3.67717
3.68811
3.71396
3.71708
3.74676
3.75457
3.77031
3.7983
3.80254
3.81855
3.83288
3.86193
3.89776
3.90439
3.92887
3.94756
3.9683
3.97838
3.99487
4.00858
4.0378
4.04102
4.05481
4.08076
4.10772
4.13431
4.13729
4.15396
4.17684
4.18858
4.20835
4.21872
4.28011
4.28628
4.3259
4.34859
4.36563
4.37687
4.43072
4.43297
4.47972
4.49892
4.51017
4.52658
4.54805
4.55568
4.59048
4.59599
4.63097
4.66115
4.67178
4.68094
4.71802
4.74281
4.74926
4.7791
4.78728
4.82451
4.84102
4.86585
4.87806
4.91885
4.93957
4.96606
4.97255
4.98388
5.01096
5.03817
5.04859
5.07804
5.10508
5.11488
5.15218
5.16497
5.17733
5.21628
5.23113
5.24733
5.26019
5.2683
5.32178
5.32355
5.33832
5.35585
5.38052
5.42476
5.43393
5.4453
5.47473
5.4916
5.50773
5.54088
5.55559
5.56379
5.58133
5.59353
5.59757
5.6098
5.65092
5.67978
5.69951
5.7145
5.73021
5.7448
5.74957
5.7899
5.80209
5.8105
5.84102
5.85649
5.87431
5.87808
5.89983
5.91628
5.92284
5.94536
5.95073
5.98273
5.98599
6.00049
6.02706
6.03029
6.05485
6.06617
6.08667
6.09444
6.10079
6.11835
6.13525
6.15716
6.17776
6.19306
6.22355
6.23135
6.25409
6.2718
6.28026
6.2985
6.31235
6.31916
6.34535
6.3488
6.37606
6.38614
6.40646
6.43294
6.43628
6.46986
6.49067
6.50961
6.52999
6.53557
6.56068
6.57892
6.59028
6.61492
6.63622
6.64837
6.65465
6.66773
6.68434
6.70716
6.71294
6.74184
6.74554
6.77109
6.7715
6.77621
6.80112
6.81257
6.82945
6.83792
6.84026
6.86495
6.89001
6.90241
6.90901
6.92121
6.9574
6.97926
6.99157
7.02302
7.04146
7.04639
7.09147
7.10554
7.11491
7.13831
7.15372
7.17692
7.19358
7.21317
7.22639
7.23561
7.24777
7.27762
7.3032
7.30659
7.34942
7.35648
7.36403
7.40157
7.41093
7.42542
7.44909
7.46834
7.47387
7.49474
7.50345
7.52901
7.55643
7.57731
7.58876
7.6297
7.64737
7.67107
7.70151
7.73232
7.74218
7.77371
7.81594
7.82821
7.84674
7.88259
7.89384
7.91375
7.93244
7.96368
7.96823
7.99705
8.05339
8.05675
8.07741
8.09885
8.10748
8.14248
8.18453
8.21772
8.23171
8.24988
8.2798
8.28167
8.3609
8.38284
8.38461
8.43933
8.46219
8.46945
8.49554
8.51939
8.55057
8.57021
8.59714
8.61942
8.63901
8.64708
8.66907
8.68879
8.70245
8.74543
8.7604
8.77897
8.77984
8.80403
8.81447
8.82576
8.8727
8.90007
8.91873
8.9258
8.95687
8.96297
8.97867
8.98503
9.02202
9.04828
9.0608
9.07582
9.09745
9.12997
9.15462
9.16846
9.19037
9.20452
9.2388
9.28755
9.32395
9.33364
9.35946
9.37515
9.39259
9.40597
9.44442
9.45457
9.46462
9.48933
9.49656
9.50558
9.51854
9.54875
9.56997
9.57584
9.60571
9.61864
9.62169
9.63744
9.67544
9.68741
9.69583
9.72305
9.75743
9.77431
9.77812
9.80981
9.81712
9.85746
9.87062
9.90531
9.95139
9.96688
9.98701
10.034
10.0457
10.0619
10.0732
10.0908
10.1142
10.1431
10.1823
10.2044
10.2207
10.2498
10.2561
10.2657
10.2794
10.3112
10.3148
10.3224
10.3419
10.3723
10.3836
10.4339
10.4545
10.479
10.491
10.5065
10.5156
10.553
10.5596
10.5997
10.6118
10.6317
10.6428
10.6714
10.687
10.6985
10.7177
10.7416
10.757
10.7769
10.7915
10.8086
10.8195
10.8278
10.8458
10.8619
10.8968
10.9248
10.9415
10.9645
10.9866
10.9964
11.0629
11.066
11.1029
11.1176
11.1265
11.1526
11.1716
11.2102
11.2399
11.2685
11.2817
11.3337
11.3532
11.3887
11.4052
11.4247
11.4618
11.4631
11.5127
11.5455
11.571
11.6351
11.6467
11.6866
11.7467
11.7819
11.7955
11.8204
11.8626
11.8659
11.8898
11.911
11.9251
11.9573
11.9791
12.0274
12.0546
12.0754
12.1218
12.1303
12.1568
12.1908
12.2413
12.247
12.2603
12.2803
12.3513
12.3811
12.4163
12.4607
12.5166
12.5336
12.5536
12.5826
12.5897
12.6021
12.6461
12.6782
12.727
12.7354
12.7645
12.7952
12.8067
12.8245
12.8458
12.8656
12.8901
12.9198
12.9701
13.0404
13.084
13.1067
13.1548
13.1921
13.2371
13.2603
13.2778
13.3186
13.3577
13.4019
13.4409
13.4439
13.4831
13.4959
13.5652
13.6237
13.6429
13.6745
13.7031
13.7453
13.7631
13.7944
13.8355
13.8837
13.9048
13.9303
13.9739
14.0294
14.0608
14.0865
14.0987
14.125
14.1407
14.2019
14.2334
14.2696
14.2885
14.3408
14.3598
14.4032
14.4484
14.4829
14.5062
14.5169
14.5573
14.5902
14.6254
14.6504
14.6658
14.6856
14.713
14.7719
14.8026
14.8509
14.8927
14.9196
14.9936
15.0309
15.044
15.0993
15.1151
15.1498
15.1865
15.221
15.3172
15.3398
15.3759
15.3786
15.4703
15.4997
15.5267
15.5478
15.5784
15.5794
15.6122
15.6361
15.6827
15.6875
15.751
15.8415
15.9559
15.9632
16.0695
16.0921
16.1153
16.2142
16.244
16.2776
16.3642
16.3931
16.3993
16.4815
16.5194
16.5232
16.57
16.5938
16.6115
16.6374
16.6879
16.7772
16.8039
16.8506
16.9041
16.9247
16.9342
16.9542
16.9798
17.039
17.0489
17.1049
17.133
17.2109
17.2208
17.3474
17.3792
17.3977
17.4626
17.5421
17.5584
17.592
17.674
17.6965
17.858
17.9233
18.0335
18.0889
18.1241
18.2092
18.2677
18.3248
18.4591
18.4607
18.571
18.5792
18.6743
18.7173
18.8271
18.8445
18.874
18.931
18.937
18.9903
19.0141
19.0841
19.1975
19.2573
19.2793
19.365
19.3946
19.4902
19.5444
19.5659
19.6655
19.6888
19.7049
19.8903
19.9656
20.0592
20.0902
20.1095
20.1752
20.2127
20.2304
20.3567
20.4538
20.5744
20.584
20.6026
20.6228
20.6642
20.7488
20.8683
20.9354
20.9533
20.9701
21.0325
21.0426
21.1229
21.3935
21.4662
21.4894
21.6067
21.689
21.7584
21.9559
22.0778
22.0963
22.1921
22.3524
22.3547
22.3998
22.4109
22.5458
22.6792
22.6951
22.778
22.8542
22.8688
23.1146
23.1685
23.3645
23.4025
23.4458
23.4921
23.5332
23.5471
23.6498
23.7647
23.8516
23.9554
23.998
24.0279
24.0437
24.1128
24.2763
24.3606
24.5342
24.6147
24.6417
24.8485
24.954
25.2369
25.3861
25.5376
25.5611
25.7051
25.7898
25.8564
26.0734
26.1608
26.5948
26.6088
26.7858
26.7978
26.8933
27.0588
27.1595
27.3601
27.6078
27.6526
27.8112
27.9532
28.2262
28.2979
28.4202
28.6591
28.6966
29.0351
29.1915
30.2746
30.3885
30.4091
30.5435
30.6751
30.8875
31.7239
32.0145
32.0198
32.1113
33.3911
33.4569
35.6831
35.8111
37.6306
37.7178
43.6271
