-29.8263
-29.7587
-29.5511
-29.3775
-27.6911
-27.6398
-27.6289
-26.1118
-26.0657
-26.0131
-25.9673
-24.5471
-24.4969
-24.3812
-24.3335
-24.2644
-24.2569
-24.2162
-24.1613
-23.3211
-23.2829
-23.0342
-22.9996
-22.5221
-22.4596
-22.3373
-20.9927
-20.922
-20.91
-20.8569
-20.8373
-20.7483
-20.7241
-20.6855
-20.643
-20.5969
-20.5836
-20.4975
-20.4703
-20.4436
-20.3892
-20.3006
-20.1758
-20.1647
-19.7927
-19.5809
-19.51
-19.4629
-19.4228
-19.2454
-19.2305
-19.2262
-19.1998
-19.13
-19.1234
-19.0947
-19.0786
-19.0442
-19.0405
-19.0084
-18.9931
-18.9739
-18.9439
-18.916
-18.8911
-18.8341
-18.7471
-18.6672
-18.583
-18.5609
-18.4644
-18.443
-18.3141
-18.1407
-18.0717
-17.9376
-17.8919
-17.7115
-17.6512
-17.6043
-17.5325
-17.3687
-17.3398
-17.325
-17.3179
-17.2214
-17.1971
-17.1966
-17.1761
-17.1566
-17.1202
-17.0703
-17.027
-16.7827
-16.7501
-16.7417
-16.7297
-16.7159
-16.6496
-16.636
-16.6215
-16.6043
-16.5643
-16.5425
-16.4934
-16.4574
-16.4507
-16.4138
-16.38
-16.3649
-16.3352
-16.2848
-16.2635
-16.2579
-16.2305
-16.0417
-15.9059
-15.7461
-15.7189
-15.6411
-15.634
-15.6156
-15.6059
-15.5448
-15.5317
-15.482
-15.4562
-15.4341
-15.4204
-15.3993
-15.3769
-15.352
-15.3218
-15.2482
-15.2165
-15.2091
-15.2046
-15.1844
-15.1752
-15.1282
-15.0954
-15.0928
-15.0586
-14.982
-14.9399
-14.8955
-14.8454
-14.8416
-14.8209
-14.807
-14.7912
-14.765
-14.7522
-14.7478
-14.7451
-14.6726
-14.5692
-14.3804
-14.3507
-14.2711
-14.2269
-14.2114
-14.2065
-14.1179
-14.0597
-13.9944
-13.9306
-13.9053
-13.8817
-13.8574
-13.8461
-13.8314
-13.8167
-13.7954
-13.7892
-13.7779
-13.7611
-13.7554
-13.7547
-13.7372
-13.7323
-13.6995
-13.6959
-13.6901
-13.6476
-13.638
-13.604
-13.509
-13.4891
-13.483
-13.4641
-13.4573
-13.4273
-13.3402
-13.307
-13.289
-13.2265
-13.2128
-13.1986
-13.1347
-13.1069
-13.1059
-13.0976
-13.0626
-13.0344
-13.008
-12.9564
-12.8426
-12.8264
-12.8091
-12.7418
-12.6094
-12.5771
-12.5597
-12.5056
-12.4818
-12.4631
-12.443
-12.4248
-12.3752
-12.3719
-12.3658
-12.303
-12.2889
-12.2741
-12.265
-12.2456
-12.2402
-12.2267
-12.2035
-12.1935
-12.192
-12.1673
-12.1634
-12.1598
-12.1489
-12.1245
-12.108
-12.1057
-12.0952
-12.071
-12.0417
-12.023
-12.0221
-12.0209
-11.9629
-11.9069
-11.8877
-11.8789
-11.8608
-11.842
-11.8205
-11.7955
-11.7653
-11.7605
-11.664
-11.6132
-11.5697
-11.5254
-11.5059
-11.4697
-11.4539
-11.4442
-11.4241
-11.3872
-11.3529
-11.3375
-11.3208
-11.2933
-11.2758
-11.2719
-11.2466
-11.2405
-11.2221
-11.2015
-11.188
-11.1787
-11.1703
-11.1656
-11.1437
-11.1292
-11.1196
-11.1016
-11.0898
-11.0522
-11.019
-11.0148
-10.9912
-10.9833
-10.9724
-10.9677
-10.9453
-10.9417
-10.9375
-10.9294
-10.9196
-10.9107
-10.9068
-10.879
-10.8619
-10.8235
-10.8152
-10.8111
-10.7984
-10.7639
-10.7543
-10.6889
-10.6849
-10.6579
-10.6105
-10.6008
-10.5763
-10.5692
-10.547
-10.4959
-10.4953
-10.4697
-10.4623
-10.448
-10.4168
-10.3829
-10.3699
-10.3593
-10.3263
-10.31
-10.2952
-10.2859
-10.2704
-10.2504
-10.2243
-10.2204
-10.1878
-10.1718
-10.1522
-10.1397
-10.1304
-10.1206
-10.1188
-10.091
-10.067
-10.063
-10.0273
-10.0067
-9.9828
-9.96922
-9.96219
-9.95033
-9.92578
-9.9141
-9.8996
-9.88658
-9.87873
-9.86667
-9.86215
-9.85215
-9.83973
-9.82323
-9.81605
-9.81136
-9.78664
-9.78328
-9.76077
-9.73989
-9.7254
-9.72125
-9.68614
-9.67972
-9.6561
-9.65224
-9.64483
-9.64291
-9.61125
-9.60227
-9.598
-9.58725
-9.58165
-9.56284
-9.547
-9.53346
-9.49929
-9.47985
-9.47274
-9.46313
-9.44539
-9.43699
-9.3895
-9.3861
-9.31842
-9.29576
-9.28802
-9.27704
-9.27354
-9.2592
-9.25318
-9.23729
-9.23022
-9.22177
-9.20647
-9.18219
-9.12864
-8.96518
-8.9254
-8.905
-8.90072
-8.87163
-8.80994
-8.75872
-8.70047
-8.69166
-8.68548
-8.61424
-8.5816
-8.57183
-8.56395
-8.53989
-8.52312
-8.5054
-8.48061
-8.46286
-8.45802
-8.44561
-8.43438
-8.41394
-8.40506
-8.38517
-8.37448
-8.35536
-8.34628
-8.33392
-8.32191
-8.29822
-8.29052
-8.28499
-8.2783
-8.26529
-8.26261
-8.24279
-8.22725
-8.21784
-8.19904
-8.1931
-8.16328
-8.1474
-8.14001
-8.08348
-8.07302
-8.05408
-8.01724
-8.01143
-7.99691
-7.97759
-7.96854
-7.95529
-7.92374
-7.90555
-7.90083
-7.89387
-7.87181
-7.8564
-7.84747
-7.79934
-7.79338
-7.7793
-7.77027
-7.76713
-7.76041
-7.76006
-7.7386
-7.73312
-7.68668
-7.65943
-7.63829
-7.63155
-7.61952
-7.6043
-7.57293
-7.56413
-7.54191
-7.52696
-7.51354
-7.50426
-7.47327
-7.46476
-7.44538
-7.43564
-7.41857
-7.4091
-7.37196
-7.36344
-7.34371
-7.31996
-7.31915
-7.30636
-7.28683
-7.24092
-7.21329
-7.20554
-7.19855
-7.17482
-7.1481
-7.12826
-7.1171
-7.11224
-7.09988
-7.09153
-7.08207
-7.07759
-7.06723
-7.04789
-7.03984
-7.02958
-7.01487
-7.00365
-6.99726
-6.97821
-6.97368
-6.96962
-6.96307
-6.9531
-6.94487
-6.9323
-6.92925
-6.92861
-6.92357
-6.91249
-6.90683
-6.89654
-6.88196
-6.87343
-6.87045
-6.86543
-6.85523
-6.84225
-6.83985
-6.83334
-6.82897
-6.81697
-6.80704
-6.80085
-6.79569
-6.78427
-6.76928
-6.76718
-6.75737
-6.75237
-6.73582
-6.7325
-6.70834
-6.69679
-6.68913
-6.67388
-6.66302
-6.64012
-6.63109
-6.61807
-6.60817
-6.59217
-6.58869
-6.56091
-6.52453
-6.51134
-6.50172
-6.49902
-6.48129
-6.46898
-6.46263
-6.43999
-6.40927
-6.36672
-6.34511
-6.33973
-6.31551
-6.26343
-6.26231
-6.23989
-6.23192
-6.21924
-6.19825
-6.15853
-6.1491
-6.14849
-6.13792
-6.12086
-6.10491
-6.10299
-6.08418
-6.05523
-6.03565
-6.02046
-6.00838
-6.00046
-5.99169
-5.96962
-5.95276
-5.94421
-5.92515
-5.87884
-5.85285
-5.84308
-5.79389
-5.78177
-5.77542
-5.76948
-5.75387
-5.74379
-5.72072
-5.71227
-5.69227
-5.68275
-5.67295
-5.649
-5.63739
-5.6241
-5.61507
-5.60906
-5.59489
-5.5773
-5.57331
-5.56573
-5.5565
-5.55115
-5.54408
-5.53811
-5.51989
-5.5163
-5.50963
-5.49544
-5.48758
-5.48149
-5.473
-5.4625
-5.45742
-5.44844
-5.43082
-5.42313
-5.41542
-5.41361
-5.40584
-5.38976
-5.3846
-5.3776
-5.37371
-5.36875
-5.35145
-5.34043
-5.33815
-5.33036
-5.31625
-5.29631
-5.28974
-5.28685
-5.26837
-5.24693
-5.24411
-5.23682
-5.23158
-5.22261
-5.20319
-5.18691
-5.18342
-5.16716
-5.16146
-5.14841
-5.14423
-5.13765
-5.13485
-5.12618
-5.09617
-5.09327
-5.08423
-5.0787
-5.06605
-5.05963
-5.02383
-5.00452
-4.97722
-4.95796
-4.88696
-4.87252
-4.85811
-4.85538
-4.83095
-4.82911
-4.80667
-4.7957
-4.76251
-4.7506
-4.7322
-4.72011
-4.69389
-4.68385
-4.67291
-4.66626
-4.65817
-4.64871
-4.63853
-4.61215
-4.58886
-4.55266
-4.54224
-4.53152
-4.51665
-4.5123
-4.497
-4.48808
-4.48116
-4.47966
-4.47043
-4.46673
-4.46326
-4.45384
-4.44461
-4.4358
-4.42905
-4.41924
-4.40859
-4.40041
-4.39897
-4.39621
-4.38203
-4.37878
-4.3576
-4.35054
-4.32511
-4.32399
-4.3126
-4.30587
-4.29423
-4.28842
-4.27822
-4.2657
-4.24964
-4.23706
-4.23226
-4.21653
-4.20738
-4.19697
-4.18467
-4.17746
-4.16049
-4.15754
-4.14616
-4.1416
-4.1233
-4.1014
-4.09492
-4.08869
-4.08508
-4.07912
-4.06676
-4.05536
-4.05133
-4.04636
-4.02554
-4.02377
-4.01046
-3.99794
-3.99345
-3.99092
-3.97864
-3.95889
-3.95213
-3.94553
-3.94108
-3.92432
-3.91697
-3.91434
-3.89878
-3.89344
-3.88941
-3.87973
-3.86955
-3.85673
-3.85091
-3.8464
-3.84167
-3.83191
-3.8009
-3.79539
-3.76708
-3.76345
-3.75484
-3.74777
-3.73862
-3.7238
-3.7128
-3.70158
-3.6862
-3.6784
-3.6683
-3.66114
-3.65634
-3.63781
-3.61442
-3.58852
-3.57541
-3.55253
-3.5355
-3.52479
-3.50745
-3.49888
-3.49108
-3.47891
-3.47294
-3.46314
-3.43619
-3.42472
-3.41632
-3.41269
-3.40009
-3.38285
-3.35999
-3.35359
-3.3419
-3.33178
-3.32977
-3.31952
-3.2953
-3.27675
-3.27306
-3.26425
-3.25448
-3.22969
-3.21119
-3.20774
-3.19364
-3.1872
-3.17532
-3.15633
-3.13955
-3.1363
-3.11908
-3.1022
-3.10035
-3.09386
-3.08527
-3.08222
-3.08208
-3.07691
-3.06574
-3.04808
-3.04116
-3.02528
-3.02272
-3.01125
-3.00356
-2.98739
-2.98626
-2.96571
-2.95939
-2.95404
-2.95257
-2.9395
-2.93235
-2.91491
-2.91075
-2.90663
-2.89707
-2.88918
-2.88318
-2.87533
-2.87296
-2.8688
-2.84583
-2.8434
-2.83299
-2.83119
-2.8273
-2.81814
-2.81366
-2.80773
-2.79663
-2.78657
-2.77576
-2.75705
-2.7446
-2.73749
-2.72634
-2.72355
-2.69941
-2.69068
-2.6823
-2.66872
-2.65781
-2.64996
-2.6317
-2.62048
-2.60663
-2.59467
-2.57513
-2.56631
-2.54936
-2.53804
-2.52521
-2.49474
-2.48936
-2.48319
-2.47738
-2.47073
-2.45444
-2.42083
-2.40474
-2.3911
-2.3617
-2.35313
-2.33353
-2.32434
-2.31433
-2.3067
-2.28582
-2.27364
-2.26279
-2.25508
-2.25422
-2.23586
-2.23055
-2.22404
-2.21614
-2.20102
-2.18834
-2.17922
-2.17103
-2.16394
-2.15185
-2.14463
-2.12579
-2.11484
-2.11104
-2.10605
-2.1013
-2.08454
-2.08197
-2.07593
-2.05855
-2.05673
-2.05126
-2.03358
-2.02429
-2.00121
-1.98055
-1.97216
-1.9588
-1.95532
-1.94557
-1.93091
-1.92584
-1.91126
-1.90243
-1.89964
-1.88463
-1.88015
-1.86614
-1.86168
-1.85397
-1.84329
-1.82133
-1.81983
-1.8082
-1.79624
-1.79024
-1.78628
-1.77349
-1.76579
-1.75477
-1.75337
-1.74884
-1.73421
-1.72869
-1.72012
-1.7089
-1.69872
-1.69663
-1.68068
-1.67555
-1.67462
-1.66331
-1.66078
-1.65054
-1.6411
-1.62844
-1.61732
-1.60962
-1.5992
-1.59891
-1.59493
-1.58859
-1.57557
-1.57192
-1.56471
-1.56194
-1.55423
-1.54836
-1.54052
-1.52897
-1.52509
-1.51444
-1.49974
-1.49675
-1.47959
-1.47475
-1.46638
-1.44718
-1.44049
-1.42976
-1.4229
-1.40832
-1.3986
-1.38218
-1.37355
-1.36809
-1.36021
-1.35438
-1.35198
-1.33424
-1.31789
-1.31315
-1.31209
-1.29865
-1.2934
-1.28306
-1.28257
-1.25592
-1.25053
-1.23661
-1.2262
-1.21316
-1.20552
-1.19101
-1.18427
-1.16209
-1.15611
-1.14527
-1.12414
-1.117
-1.09978
-1.09847
-1.08664
-1.07675
-1.07004
-1.05462
-1.03858
-1.03096
-1.00959
-0.999579
-0.996405
-0.994033
-0.976833
-0.960904
-0.949168
-0.946361
-0.942655
-0.922477
-0.916048
-0.906655
-0.903754
-0.898859
-0.893812
-0.88609
-0.869514
-0.846046
-0.837281
-0.823116
-0.816147
-0.801796
-0.795604
-0.791796
-0.78446
-0.777853
-0.765097
-0.757353
-0.736547
-0.72756
-0.715766
-0.704177
-0.698247
-0.685441
-0.6785
-0.653382
-0.642462
-0.641691
-0.623753
-0.617833
-0.613352
-0.609122
-0.601695
-0.592254
-0.572885
-0.564283
-0.558925
-0.549345
-0.528417
-0.518104
-0.48673
-0.475527
-0.460836
-0.451276
-0.444
-0.429307
-0.421778
-0.407775
-0.40456
-0.384792
-0.371328
-0.364994
-0.359193
-0.356775
-0.348154
-0.340149
-0.330425
-0.324206
-0.315381
-0.314446
-0.313178
-0.295935
-0.292066
-0.282281
-0.272984
-0.272578
-0.269458
-0.258094
-0.253424
-0.243618
-0.239232
-0.233306
-0.227493
-0.222778
-0.218345
-0.212869
-0.208075
-0.186772
-0.179062
-0.167243
-0.162131
-0.159168
-0.146544
-0.139365
-0.13808
-0.127689
-0.121935
-0.10808
-0.0982569
-0.0923572
-0.0880299
-0.0752272
-0.0714166
-0.0661323
-0.0606773
-0.0576619
-0.0510032
-0.0353714
-0.0238435
-0.0183918
-0.00863472
-0.00284499
0
0.00924885
0.0119355
0.0231795
0.029819
0.0374183
0.0414652
0.0469592
0.0584502
0.0615359
0.0695719
0.0797876
0.0860985
0.0884829
0.0959604
0.114333
0.127973
0.138622
0.150198
0.154768
0.165021
0.179204
0.184249
0.187692
0.19607
0.207674
0.232212
0.234308
0.246298
0.254466
0.260067
0.269248
0.281229
0.297671
0.312149
0.316997
0.322254
0.344147
0.348288
0.353967
0.376314
0.384495
0.392478
0.408768
0.42299
0.438467
0.448551
0.463607
0.464439
0.471033
0.486307
0.498198
0.512645
0.535459
0.544557
0.549664
0.555942
0.578977
0.596913
0.604983
0.630415
0.646251
0.648134
0.656027
0.660801
0.67431
0.682691
0.696136
0.715517
0.718108
0.72548
0.734064
0.739835
0.754234
0.764891
0.778846
0.812223
0.857031
0.865313
0.8699
0.886536
0.907053
0.912519
0.915823
0.922575
0.923356
0.931179
0.956217
0.962077
0.972868
0.996242
1.00571
1.01452
1.03607
1.05024
1.06469
1.07248
1.07558
1.08777
1.09324
1.09574
1.10114
1.10458
1.11289
1.11733
1.12011
1.12612
1.13274
1.14839
1.15174
1.1647
1.19738
1.20664
1.215
1.24035
1.24983
1.25207
1.26128
1.27973
1.28268
1.30477
1.3103
1.32061
1.32322
1.33748
1.34211
1.34712
1.35237
1.35637
1.37267
1.40196
1.40317
1.41832
1.42548
1.42971
1.43864
1.46185
1.48229
1.48693
1.49351
1.49688
1.507
1.51438
1.51894
1.52915
1.5423
1.56053
1.58054
1.58598
1.59125
1.59735
1.61191
1.61982
1.62879
1.63033
1.63461
1.6553
1.66555
1.69224
1.70083
1.71144
1.72253
1.73233
1.74317
1.7476
1.75711
1.76281
1.77347
1.78245
1.79271
1.80548
1.81084
1.82403
1.84142
1.84809
1.85235
1.87174
1.89585
1.89908
1.91064
1.91138
1.92814
1.94398
1.96414
1.97025
1.98675
2.00361
2.02039
2.03117
2.03891
2.04408
2.05301
2.07374
2.07848
2.08542
2.09348
2.10882
2.12047
2.14783
2.15687
2.16493
2.18212
2.21381
2.21997
2.22957
2.24843
2.25938
2.27155
2.27572
2.28478
2.28869
2.29245
2.30746
2.32263
2.32551
2.33329
2.33887
2.345
2.35663
2.35972
2.38118
2.38221
2.39318
2.40315
2.41714
2.42059
2.43251
2.44175
2.44402
2.45238
2.45642
2.45955
2.46123
2.47114
2.4755
2.48659
2.49004
2.492
2.49761
2.50514
2.52196
2.52798
2.53335
2.5422
2.54987
2.55767
2.57171
2.57908
2.58924
2.59054
2.59752
2.61707
2.62246
2.62934
2.63628
2.6391
2.65371
2.65968
2.68023
2.69451
2.70037
2.70655
2.71769
2.72776
2.73436
2.75419
2.75854
2.76379
2.77109
2.78807
2.79667
2.81059
2.81822
2.82536
2.83978
2.8471
2.8675
2.87733
2.8888
2.89246
2.90273
2.91172
2.91492
2.921
2.93229
2.93973
2.95552
2.98061
2.99596
3.00475
3.01524
3.02839
3.03722
3.0483
3.05208
3.05966
3.06167
3.06791
3.07055
3.09602
3.10338
3.12765
3.13375
3.14388
3.16573
3.17278
3.18732
3.19191
3.19251
3.21636
3.22675
3.23943
3.24115
3.24907
3.25112
3.26719
3.27333
3.28019
3.29059
3.29643
3.31367
3.33243
3.33627
3.34114
3.35725
3.37366
3.38098
3.39957
3.40358
3.42057
3.42924
3.44177
3.45604
3.46001
3.46495
3.47141
3.47872
3.48455
3.48937
3.49762
3.51358
3.52629
3.53891
3.5426
3.54872
3.5657
3.5694
3.57329
3.57586
3.58328
3.58386
3.59199
3.59609
3.60811
3.61289
3.62851
3.6321
3.63987
3.65429
3.65483
3.66702
3.68098
3.68306
3.68668
3.68827
3.69914
3.70005
3.70637
3.71721
3.72199
3.72988
3.74003
3.74916
3.7523
3.7601
3.76392
3.77726
3.78236
3.79909
3.80306
3.81379
3.82158
3.82871
3.83644
3.84124
3.85977
3.86352
3.87032
3.88699
3.89041
3.90444
3.91136
3.91475
3.92189
3.92572
3.93029
3.93922
3.94386
3.95346
3.9663
3.97177
3.97655
3.98401
4.0005
4.00829
4.01162
4.02024
4.02405
4.0289
4.03442
4.03873
4.05391
4.05776
4.06341
4.06561
4.07762
4.08093
4.08813
4.09662
4.10247
4.10988
4.11953
4.12295
4.13035
4.13763
4.15267
4.16027
4.1742
4.18476
4.19802
4.20404
4.2061
4.2182
4.2248
4.23761
4.25022
4.26744
4.2723
4.27922
4.29013
4.29331
4.30123
4.3152
4.32691
4.34302
4.35317
4.35631
4.36993
4.40712
4.41386
4.42933
4.43648
4.46528
4.47522
4.47638
4.51144
4.52023
4.54312
4.54714
4.56316
4.56442
4.59609
4.61002
4.61946
4.63031
4.63763
4.64899
4.65612
4.68098
4.68586
4.70016
4.71256
4.71992
4.72905
4.73512
4.75109
4.76476
4.78114
4.79077
4.80765
4.81352
4.83734
4.84328
4.85283
4.85996
4.87055
4.87922
4.88726
4.89332
4.90876
4.91301
4.92955
4.94862
4.96486
4.97885
4.9952
5.00023
5.02188
5.03405
5.04469
5.05259
5.05475
5.0616
5.07101
5.09515
5.11009
5.13502
5.14678
5.15733
5.1817
5.19128
5.20265
5.21241
5.23428
5.24039
5.2514
5.2548
5.27882
5.28755
5.30409
5.30737
5.32825
5.33269
5.35225
5.35708
5.36328
5.37684
5.38401
5.39373
5.40028
5.40465
5.42142
5.43079
5.43763
5.44857
5.46241
5.4705
5.48585
5.492
5.49974
5.51595
5.52745
5.52969
5.53404
5.5565
5.56567
5.58272
5.5981
5.60559
5.62404
5.63707
5.64472
5.65327
5.66965
5.6982
5.7003
5.73466
5.74515
5.75006
5.75756
5.76454
5.77133
5.78783
5.79803
5.82368
5.84495
5.85143
5.86028
5.87921
5.88715
5.89171
5.90016
5.91889
5.92484
5.92929
5.93708
5.95303
5.96538
5.9732
5.97455
5.98079
5.98921
6.00499
6.01215
6.0147
6.0218
6.03669
6.04359
6.05124
6.06299
6.07491
6.086
6.09693
6.10309
6.11513
6.12234
6.1246
6.13275
6.13977
6.15478
6.16326
6.16462
6.18707
6.19028
6.20154
6.20639
6.21339
6.21943
6.22531
6.24234
6.25721
6.26277
6.26874
6.27985
6.28702
6.29249
6.31072
6.3362
6.34553
6.35533
6.37096
6.38466
6.40001
6.40665
6.41508
6.41733
6.4218
6.44
6.44465
6.45266
6.46041
6.46594
6.47259
6.4756
6.4915
6.50452
6.50562
6.52277
6.53181
6.54003
6.54619
6.56105
6.56574
6.57728
6.59589
6.59762
6.61357
6.61871
6.62819
6.63956
6.64511
6.65196
6.65628
6.66715
6.67982
6.68498
6.69452
6.7043
6.70808
6.71409
6.72415
6.73023
6.75863
6.76249
6.77208
6.78007
6.79478
6.79877
6.80929
6.81306
6.81639
6.82306
6.84395
6.8501
6.8552
6.86153
6.87148
6.87558
6.88982
6.90009
6.90809
6.91618
6.91881
6.92734
6.93325
6.93741
6.95955
6.96543
6.97398
6.98655
7.00031
7.00276
7.01803
7.02573
7.03889
7.04273
7.05445
7.06902
7.07508
7.09129
7.09265
7.10723
7.12828
7.13916
7.15451
7.16784
7.1794
7.18181
7.1858
7.1912
7.19701
7.21244
7.22956
7.24471
7.24941
7.25411
7.25712
7.26033
7.2725
7.29226
7.30407
7.32229
7.32914
7.34018
7.3466
7.35291
7.36925
7.37403
7.38354
7.38572
7.39327
7.40504
7.40534
7.41549
7.42438
7.44209
7.44739
7.45846
7.4621
7.4813
7.48447
7.49574
7.49843
7.51332
7.52107
7.53581
7.54791
7.55467
7.57346
7.57884
7.58647
7.59177
7.59623
7.6054
7.62236
7.63484
7.63922
7.64902
7.66156
7.67734
7.67916
7.68589
7.69061
7.72299
7.73263
7.74581
7.75964
7.76636
7.78466
7.78947
7.79661
7.80328
7.82346
7.82724
7.84465
7.85846
7.86633
7.88477
7.8976
7.913
7.92918
7.9367
7.94067
7.94566
7.95718
7.96199
7.96859
7.97712
7.98191
7.99717
8.00842
8.01672
8.02257
8.04372
8.05747
8.05989
8.06428
8.08241
8.09369
8.10704
8.12602
8.13814
8.14917
8.15201
8.16446
8.17966
8.19721
8.20204
8.22986
8.2358
8.2518
8.25825
8.27527
8.28978
8.32482
8.33348
8.34726
8.34913
8.36875
8.39679
8.40214
8.4074
8.42849
8.43499
8.44194
8.45491
8.47101
8.48739
8.49181
8.49907
8.50943
8.53281
8.54181
8.55327
8.56185
8.5701
8.57512
8.58788
8.60227
8.6265
8.63024
8.65401
8.66005
8.66429
8.68099
8.69104
8.70181
8.71541
8.72587
8.73779
8.74774
8.754
8.76546
8.77768
8.78712
8.80374
8.80973
8.81377
8.8198
8.83818
8.84966
8.85819
8.87355
8.88601
8.88834
8.89484
8.90702
8.92073
8.92577
8.93479
8.93621
8.96058
8.97313
8.98463
8.987
8.99715
9.01071
9.01891
9.02678
9.04296
9.04935
9.05351
9.06348
9.06727
9.08011
9.09108
9.09872
9.11074
9.11638
9.13123
9.14101
9.14377
9.16162
9.17042
9.17808
9.19341
9.19985
9.20812
9.21147
9.22853
9.23419
9.23965
9.25132
9.25623
9.26162
9.26338
9.2853
9.2933
9.29447
9.31069
9.31553
9.32062
9.33535
9.33979
9.34445
9.35246
9.35497
9.3656
9.36637
9.39155
9.39719
9.40446
9.42161
9.42482
9.43064
9.44813
9.45077
9.46244
9.47531
9.48121
9.49492
9.50085
9.50628
9.51024
9.5365
9.54675
9.55943
9.56965
9.57961
9.5846
9.5903
9.6098
9.62002
9.62651
9.63615
9.6457
9.65158
9.65549
9.66119
9.67565
9.68573
9.69392
9.69762
9.70926
9.71899
9.7203
9.72973
9.73185
9.75585
9.76775
9.7811
9.78816
9.79041
9.79756
9.81506
9.81823
9.8214
9.83165
9.83281
9.85352
9.85937
9.86702
9.87168
9.87665
9.89048
9.89783
9.90571
9.91073
9.9184
9.92173
9.92819
9.93731
9.95236
9.95805
9.96469
9.96816
9.98477
9.9921
9.99724
10.0007
10.0136
10.0232
10.028
10.0383
10.0414
10.0671
10.0885
10.1007
10.1048
10.1288
10.1386
10.1518
10.1578
10.1651
10.1754
10.1774
10.197
10.2074
10.2304
10.2445
10.2494
10.2532
10.263
10.2724
10.288
10.3004
10.3079
10.316
10.32
10.3518
10.3591
10.3731
10.3774
10.3999
10.4021
10.4189
10.4247
10.4375
10.4642
10.4696
10.4896
10.4991
10.5142
10.5344
10.5349
10.5589
10.5592
10.5623
10.589
10.5934
10.6005
10.6208
10.626
10.6333
10.6519
10.6612
10.6694
10.6798
10.6828
10.6934
10.7052
10.7188
10.7221
10.7313
10.7408
10.7483
10.754
10.759
10.7743
10.7873
10.7961
10.8024
10.808
10.8106
10.8239
10.8386
10.848
10.8575
10.8653
10.8798
10.9056
10.9153
10.9162
10.9343
10.9376
10.946
10.9525
10.9638
10.9735
10.9837
10.9941
11.0173
11.0253
11.0365
11.0464
11.0533
11.0574
11.0622
11.0802
11.1041
11.1156
11.1294
11.141
11.1517
11.1676
11.1921
11.201
11.2226
11.2253
11.2425
11.2484
11.2624
11.2837
11.299
11.321
11.3314
11.3429
11.3587
11.3718
11.3809
11.4103
11.4191
11.4405
11.458
11.4722
11.4823
11.5069
11.5208
11.5356
11.5397
11.5576
11.5639
11.5794
11.5856
11.5918
11.5997
11.6111
11.6395
11.6566
11.6723
11.6799
11.6967
11.7121
11.7245
11.7394
11.7472
11.7619
11.7666
11.7701
11.8038
11.8354
11.8394
11.858
11.8687
11.8772
11.8859
11.8934
11.8963
11.9065
11.9253
11.9611
11.9802
11.9983
12.0013
12.0105
12.0141
12.051
12.06
12.0662
12.0795
12.086
12.0983
12.1061
12.1196
12.1221
12.1403
12.1592
12.1848
12.1945
12.2003
12.2127
12.2291
12.2515
12.2621
12.2773
12.2864
12.3038
12.3163
12.3183
12.3274
12.3368
12.3484
12.3711
12.3807
12.4136
12.4207
12.4711
12.4815
12.4892
12.4927
12.502
12.5144
12.527
12.535
12.5581
12.5617
12.5713
12.5907
12.6014
12.6089
12.6117
12.6224
12.6245
12.6306
12.6478
12.6559
12.6622
12.668
12.6877
12.6944
12.7021
12.7161
12.7216
12.732
12.7473
12.7617
12.778
12.7986
12.8146
12.8206
12.8288
12.844
12.8546
12.8565
12.8759
12.8875
12.8946
12.9088
12.9228
12.9307
12.9371
12.9478
12.9506
12.9654
12.9688
12.9897
13.0134
13.0161
13.0277
13.0392
13.0671
13.0797
13.0883
13.0939
13.1103
13.1135
13.1173
13.1301
13.1656
13.1748
13.1804
13.2002
13.2075
13.2326
13.2404
13.2445
13.251
13.255
13.2582
13.2768
13.2799
13.309
13.3146
13.3239
13.3432
13.3589
13.3719
13.3902
13.3928
13.4162
13.4268
13.4402
13.4489
13.4639
13.4859
13.4924
13.5075
13.5208
13.5247
13.5539
13.5641
13.5881
13.6044
13.617
13.6288
13.6447
13.6477
13.6741
13.6855
13.7034
13.7104
13.7172
13.721
13.7229
13.7413
13.7671
13.7732
13.7811
13.791
13.8007
13.81
13.822
13.8395
13.8461
13.8532
13.8559
13.8818
13.9008
13.9235
13.9317
13.9522
13.9579
13.9869
13.999
14.005
14.0223
14.0259
14.0576
14.0634
14.107
14.1191
14.15
14.1676
14.1724
14.2123
14.2465
14.2635
14.2756
14.2848
14.3208
14.351
14.3578
14.3612
14.3842
14.4057
14.4107
14.4321
14.444
14.469
14.4909
14.5011
14.5253
14.5414
14.5448
14.552
14.5654
14.5998
14.6086
14.6214
14.6324
14.6383
14.6429
14.6668
14.6717
14.6728
14.6809
14.7013
14.7096
14.7322
14.7408
14.7583
14.7765
14.7889
14.8155
14.8283
14.8367
14.8651
14.877
14.9259
14.9421
14.9581
14.9824
14.991
15.0046
15.0272
15.0556
15.0806
15.091
15.0946
15.1191
15.1251
15.1488
15.1683
15.1846
15.196
15.2336
15.255
15.2705
15.2812
15.3278
15.336
15.3659
15.3789
15.3984
15.4226
15.4517
15.4761
15.4848
15.5269
15.5628
15.5919
15.607
15.62
15.6294
15.6423
15.6513
15.6621
15.6709
15.7031
15.7228
15.7558
15.8048
15.807
15.8184
15.8267
15.8456
15.8611
15.8773
15.8898
15.9
15.9163
15.932
15.9682
15.9835
16.006
16.0493
16.0631
16.0673
16.1137
16.1234
16.1482
16.1538
16.1764
16.1898
16.2369
16.2408
16.2695
16.2928
16.3099
16.3348
16.4075
16.4653
16.4716
16.477
16.4961
16.5089
16.5161
16.547
16.5754
16.5944
16.6079
16.6247
16.6358
16.6435
16.6697
16.6739
16.6898
16.7269
16.7335
16.7555
16.7729
16.7842
16.7967
16.802
16.8084
16.8307
16.8968
16.9127
16.9205
16.9345
16.9416
16.9799
17.0192
17.0269
17.0327
17.0708
17.0859
17.0909
17.1036
17.1105
17.1348
17.1608
17.1689
17.202
17.2465
17.2729
17.2779
17.3039
17.3514
17.42
17.4246
17.4428
17.509
17.5265
17.5529
17.5538
17.6117
17.6214
17.6469
17.6707
17.6823
17.7002
17.73
17.7475
17.7747
17.7877
17.8163
17.8301
17.8499
17.9021
17.9329
17.9632
17.9756
18.0088
18.0174
18.0549
18.0639
18.0684
18.1094
18.1382
18.1504
18.1991
18.2216
18.2371
18.256
18.2696
18.3022
18.3539
18.3622
18.3738
18.4126
18.4279
18.4772
18.4858
18.4902
18.521
18.535
18.5888
18.5983
18.6112
18.7331
18.7605
18.8375
18.844
18.9
18.9229
18.9946
18.9985
19.0027
19.0096
19.0234
19.1134
19.1269
19.1539
19.243
19.2795
19.2875
19.3128
19.3194
19.3704
19.3845
19.4163
19.4456
19.5111
19.5221
19.558
19.6225
19.6562
19.677
19.7326
19.7486
19.7909
19.807
19.8356
19.8802
19.8951
19.9143
19.9239
19.9335
19.9765
19.9855
19.9982
20.063
20.0654
20.0967
20.1231
20.1439
20.1779
20.2645
20.2672
20.2713
20.2742
20.2812
20.2933
20.3836
20.4886
20.5022
20.5385
20.5566
20.5919
20.5978
20.6583
20.6745
20.7129
20.782
20.7849
20.8547
20.872
20.9401
20.9513
20.9819
21.0523
21.1238
21.1631
21.1796
21.2263
21.2896
21.3102
21.3335
21.3689
21.4355
21.4734
21.5091
21.5767
21.6336
21.647
21.6579
21.7228
21.7562
21.7619
21.8414
21.8905
21.9264
21.936
21.9619
22.0095
22.0842
22.1455
22.1472
22.1853
22.187
22.213
22.2775
22.296
22.362
22.3753
22.4198
22.5013
22.5566
22.6362
22.6912
22.7417
22.7527
22.7841
22.8015
22.864
22.9211
22.9353
22.9509
22.9888
22.9943
23.0023
23.007
23.1204
23.1411
23.1436
23.2045
23.2472
23.2704
23.3015
23.3117
23.3134
23.3841
23.4029
23.4378
23.4478
23.5133
23.5159
23.6113
23.6314
23.6642
23.7037
23.7192
23.7758
23.7871
23.8214
23.9143
23.919
23.9638
24.0036
24.012
24.124
24.2434
24.3636
24.4621
24.4901
24.5449
24.6016
24.7312
24.7727
24.9712
25.0014
25.1385
25.2084
25.2457
25.2918
25.3408
25.3895
25.4475
25.5293
25.539
25.5678
25.6061
25.6708
25.7029
25.7134
25.8242
25.8753
25.957
25.9696
25.9779
26.0226
26.0921
26.1038
26.1641
26.1781
26.2015
26.2182
26.2362
26.2639
26.2691
26.3044
26.3379
26.3539
26.4079
26.4722
26.4844
26.5301
26.6557
26.7071
26.7718
26.7851
26.8348
26.9264
26.9557
27.0222
27.0401
27.1522
27.1607
27.2383
27.2463
27.3379
27.3462
27.4771
27.4915
27.5594
27.5887
27.8001
28.0526
28.1996
28.4184
28.5477
28.5841
28.6585
28.6993
28.9078
29.0618
29.1026
29.1292
29.1891
29.3529
29.425
29.4532
29.5738
29.6559
29.7113
29.7617
29.7963
29.9785
29.9889
30.043
30.1026
30.2041
30.252
30.7569
30.8915
31.0822
31.1229
31.1865
31.2323
31.2504
31.5316
31.5506
31.9712
32.4396
32.956
32.9916
33.9813
34.0363
35.2658
35.3569
35.8699
35.8953
40.4437
