-73.0452 1
-71.5843 1
-70.1234 1
-68.6625 4
-67.2016 4
-65.7407 9
-64.2798 15
-62.8189 17
-61.358 30
-59.8971 47
-58.4362 86
-56.9753 151
-55.5144 250
-54.0535 422
-52.5925 656
-51.1316 980
-49.6707 1328
-48.2098 1909
-46.7489 2666
-45.288 3655
-43.8271 5003
-42.3662 6757
-40.9053 9067
-39.4444 11974
-37.9835 15578
-36.5226 19976
-35.0617 25274
-33.6008 31612
-32.1399 38975
-30.679 47616
-29.2181 57743
-27.7572 69042
-26.2963 81887
-24.8354 96278
-23.3745 111973
-21.9136 128830
-20.4527 146888
-18.9918 165572
-17.5308 185093
-16.0699 205069
-14.609 225123
-13.1481 244809
-11.6872 263975
-10.2263 281857
-8.76542 298692
-7.30452 313287
-5.84362 325904
-4.38271 336112
-2.92181 343402
-1.4609 347833
0 349530
1.4609 347833
2.92181 343402
4.38271 336112
5.84362 325904
7.30452 313287
8.76542 298692
10.2263 281857
11.6872 263975
13.1481 244809
14.609 225123
16.0699 205069
17.5308 185093
18.9918 165572
20.4527 146888
21.9136 128830
23.3745 111973
24.8354 96278
26.2963 81887
27.7572 69042
29.2181 57743
30.679 47616
32.1399 38975
33.6008 31612
35.0617 25274
36.5226 19976
37.9835 15578
39.4444 11974
40.9053 9067
42.3662 6757
43.8271 5003
45.288 3655
46.7489 2666
48.2098 1909
49.6707 1328
51.1316 980
52.5925 656
54.0535 422
55.5144 250
56.9753 151
58.4362 86
59.8971 47
61.358 30
62.8189 17
64.2798 15
65.7407 9
67.2016 4
68.6625 4
70.1234 1
71.5843 1
73.0452 1
