-40.2187
-34.0958
-34.0958
-34.0958
-34.0958
-28.905
-28.905
-28.905
-28.905
-28.4389
-28.4389
-28.4389
-28.4389
-27.9728
-25.4366
-25.4366
-25.4366
-25.4366
-24.2187
-24.1094
-24.1094
-24.1094
-24.1094
-24.1094
-24.1094
-24.1094
-24.1094
-24.1094
-24.1094
-24.1094
-24.1094
-24.1094
-24.1094
-24.1094
-24.1094
-22.7821
-22.7821
-22.7821
-22.7821
-22.7821
-22.7821
-22.7821
-22.7821
-22.7821
-22.7821
-22.7821
-22.7821
-22.7821
-22.7821
-22.7821
-22.7821
-21.7662
-21.7662
-21.7662
-21.7662
-21.7662
-21.7662
-21.7662
-21.7662
-21.7662
-21.7662
-21.7662
-21.7662
-21.7662
-21.7662
-21.7662
-21.7662
-20.905
-20.905
-20.905
-20.905
-20.4389
-20.4389
-20.4389
-20.4389
-20.4389
-20.4389
-20.4389
-20.4389
-19.7798
-19.7798
-19.7798
-19.7798
-19.3137
-19.3137
-19.3137
-19.3137
-19.3137
-19.3137
-19.3137
-19.3137
-19.3137
-19.3137
-19.3137
-19.3137
-19.3137
-19.3137
-19.3137
-19.3137
-19.3137
-19.3137
-18.4525
-18.4525
-18.4525
-18.4525
-18.4525
-18.4525
-18.4525
-18.4525
-18.4525
-18.4525
-18.4525
-18.4525
-18.4525
-18.4525
-18.4525
-18.4525
-18.0958
-18.0958
-18.0958
-18.0958
-17.9864
-17.9864
-17.9864
-17.9864
-17.9864
-17.9864
-17.9864
-17.9864
-17.9864
-17.9864
-17.9864
-17.9864
-17.9864
-17.9864
-17.9864
-17.9864
-17.5913
-17.1252
-17.1252
-17.1252
-17.1252
-16.6591
-16.6591
-16.6591
-16.6591
-16.1094
-16.1094
-16.1094
-16.1094
-16.1094
-16.1094
-16.1094
-16.1094
-16.1094
-16.1094
-16.1094
-16.1094
-16.1094
-16.1094
-16.1094
-16.1094
-16.1094
-16.1094
-16.1094
-16.1094
-16.1094
-16.1094
-16.1094
-16.1094
-16.1094
-16.1094
-16.1094
-16.1094
-16.1094
-16.1094
-16.1094
-16.1094
-15.6433
-15.6433
-15.6433
-15.6433
-15.6433
-15.6433
-15.6433
-15.6433
-15.6433
-15.6433
-15.6433
-15.6433
-15.6433
-15.6433
-15.6433
-15.6433
-14.7821
-14.7821
-14.7821
-14.7821
-14.7821
-14.7821
-14.7821
-14.7821
-14.7821
-14.7821
-14.7821
-14.7821
-14.7821
-14.7821
-14.7821
-14.7821
-14.1229
-14.1229
-14.1229
-14.1229
-14.1229
-14.1229
-14.1229
-14.1229
-14.1229
-14.1229
-14.1229
-14.1229
-14.1229
-14.1229
-14.1229
-14.1229
-13.6569
-13.6569
-13.6569
-13.6569
-13.6569
-13.6569
-13.6569
-13.6569
-13.6569
-13.6569
-13.6569
-13.6569
-13.6569
-13.6569
-13.6569
-13.6569
-13.6569
-13.6569
-13.6569
-13.6569
-13.6569
-13.6569
-13.6569
-13.6569
-13.6569
-13.6569
-13.6569
-13.6569
-13.6569
-13.6569
-13.6569
-13.6569
-13.1908
-13.1908
-13.1908
-13.1908
-12.905
-12.905
-12.905
-12.905
-12.7956
-12.7956
-12.7956
-12.7956
-12.7956
-12.7956
-12.7956
-12.7956
-12.7956
-12.7956
-12.7956
-12.7956
-12.7956
-12.7956
-12.7956
-12.7956
-12.4389
-12.4389
-12.4389
-12.4389
-12.3296
-12.3296
-12.3296
-12.3296
-12.3296
-12.3296
-12.3296
-12.3296
-12.3296
-12.3296
-12.3296
-12.3296
-12.3296
-12.3296
-12.3296
-12.3296
-11.9728
-11.7798
-11.7798
-11.7798
-11.7798
-11.7798
-11.7798
-11.7798
-11.7798
-11.4684
-11.4684
-11.4684
-11.4684
-11.3137
-11.3137
-11.3137
-11.3137
-10.6546
-10.4525
-10.4525
-10.4525
-10.4525
-10.4525
-10.4525
-10.4525
-10.4525
-10.4525
-10.4525
-10.4525
-10.4525
-10.4525
-10.4525
-10.4525
-10.4525
-10.4525
-10.4525
-10.4525
-10.4525
-10.4525
-10.4525
-10.4525
-10.4525
-10.4525
-10.4525
-10.4525
-10.4525
-10.4525
-10.4525
-10.4525
-10.4525
-10.4525
-10.4525
-10.4525
-10.4525
-10.4525
-10.4525
-10.4525
-10.4525
-10.4525
-10.4525
-10.4525
-10.4525
-10.4525
-10.4525
-10.4525
-10.4525
-10.4525
-10.4525
-10.4525
-10.4525
-10.4525
-10.4525
-10.4525
-10.4525
-10.4525
-10.4525
-10.4525
-10.4525
-10.4525
-10.4525
-10.4525
-10.4525
-9.98642
-9.98642
-9.98642
-9.98642
-9.98642
-9.98642
-9.98642
-9.98642
-9.98642
-9.98642
-9.98642
-9.98642
-9.98642
-9.98642
-9.98642
-9.98642
-9.98642
-9.98642
-9.98642
-9.98642
-9.98642
-9.98642
-9.98642
-9.98642
-9.98642
-9.98642
-9.98642
-9.98642
-9.98642
-9.98642
-9.98642
-9.98642
-9.43664
-9.43664
-9.43664
-9.43664
-9.32729
-9.32729
-9.32729
-9.32729
-9.32729
-9.32729
-9.32729
-9.32729
-9.32729
-9.32729
-9.32729
-9.32729
-9.32729
-9.32729
-9.32729
-9.32729
-9.12522
-9.12522
-9.12522
-9.12522
-9.12522
-9.12522
-9.12522
-9.12522
-8.65914
-8.65914
-8.65914
-8.65914
-8.46608
-8.46608
-8.46608
-8.46608
-8.10936
-8.10936
-8.10936
-8.10936
-8.10936
-8.10936
-8.10936
-8.10936
-8.10936
-8.10936
-8.10936
-8.10936
-8.10936
-8.10936
-8.10936
-8.10936
-8
-8
-8
-8
-8
-8
-8
-8
-8
-8
-8
-8
-8
-8
-8
-8
-8
-8
-8
-8
-8
-8
-8
-8
-8
-8
-8
-8
-8
-8
-8
-8
-8
-8
-8
-8
-8
-8
-8
-8
-8
-8
-8
-8
-8
-8
-8
-8
-8
-8
-8
-8
-8
-8
-8
-8
-8
-8
-8
-8
-8
-8
-8
-8
-8
-8
-8
-8
-8
-8
-8
-8
-8
-8
-8
-8
-7.53392
-7.53392
-7.53392
-7.53392
-6.98414
-6.98414
-6.98414
-6.98414
-6.98414
-6.98414
-6.98414
-6.98414
-6.98414
-6.98414
-6.98414
-6.98414
-6.98414
-6.98414
-6.98414
-6.98414
-6.78207
-6.78207
-6.78207
-6.78207
-6.78207
-6.78207
-6.78207
-6.78207
-6.78207
-6.78207
-6.78207
-6.78207
-6.78207
-6.78207
-6.78207
-6.78207
-6.67271
-6.67271
-6.67271
-6.67271
-6.67271
-6.67271
-6.67271
-6.67271
-6.67271
-6.67271
-6.67271
-6.67271
-6.67271
-6.67271
-6.67271
-6.67271
-6.12293
-6.12293
-6.12293
-6.12293
-6.12293
-6.12293
-6.12293
-6.12293
-6.12293
-6.12293
-6.12293
-6.12293
-6.12293
-6.12293
-6.12293
-6.12293
-5.65685
-5.65685
-5.65685
-5.65685
-5.65685
-5.65685
-5.65685
-5.65685
-5.65685
-5.65685
-5.65685
-5.65685
-5.65685
-5.65685
-5.65685
-5.65685
-5.65685
-5.65685
-5.65685
-5.65685
-5.65685
-5.65685
-5.65685
-5.65685
-5.65685
-5.65685
-5.65685
-5.65685
-5.65685
-5.65685
-5.65685
-5.65685
-5.65685
-5.65685
-5.65685
-5.65685
-5.65685
-5.65685
-5.65685
-5.65685
-5.65685
-5.65685
-5.65685
-5.65685
-5.65685
-5.65685
-5.65685
-5.65685
-5.65685
-5.65685
-5.65685
-5.65685
-5.65685
-5.65685
-5.65685
-5.65685
-5.65685
-5.65685
-5.65685
-5.65685
-5.65685
-5.65685
-5.65685
-5.65685
-5.34543
-4.79565
-4.79565
-4.79565
-4.79565
-4.79565
-4.79565
-4.79565
-4.79565
-4.79565
-4.79565
-4.79565
-4.79565
-4.79565
-4.79565
-4.79565
-4.79565
-4.79565
-4.79565
-4.79565
-4.79565
-4.79565
-4.79565
-4.79565
-4.79565
-4.79565
-4.79565
-4.79565
-4.79565
-4.79565
-4.79565
-4.79565
-4.79565
-4.53164
-4.53164
-4.53164
-4.53164
-4.32957
-4.32957
-4.32957
-4.32957
-4.32957
-4.32957
-4.32957
-4.32957
-4.32957
-4.32957
-4.32957
-4.32957
-4.32957
-4.32957
-4.32957
-4.32957
-4.32957
-4.32957
-4.32957
-4.32957
-4.32957
-4.32957
-4.32957
-4.32957
-4.32957
-4.32957
-4.32957
-4.32957
-4.32957
-4.32957
-4.32957
-4.32957
-4.32957
-4.32957
-4.32957
-4.32957
-4.32957
-4.32957
-4.32957
-4.32957
-4.32957
-4.32957
-4.32957
-4.32957
-4.32957
-4.32957
-4.32957
-4.32957
-4.32957
-4.32957
-4.32957
-4.32957
-4.32957
-4.32957
-4.32957
-4.32957
-4.32957
-4.32957
-4.32957
-4.32957
-4.32957
-4.32957
-4.32957
-4.32957
-3.77979
-3.77979
-3.77979
-3.77979
-3.67043
-3.67043
-3.67043
-3.67043
-3.67043
-3.67043
-3.67043
-3.67043
-3.67043
-3.67043
-3.67043
-3.67043
-3.67043
-3.67043
-3.67043
-3.67043
-3.31371
-3.31371
-3.31371
-3.31371
-3.31371
-3.31371
-3.31371
-3.31371
-3.31371
-3.31371
-3.31371
-3.31371
-3.31371
-3.31371
-3.31371
-3.31371
-3.31371
-3.31371
-3.20435
-3.20435
-3.20435
-3.20435
-3.20435
-3.20435
-3.20435
-3.20435
-3.20435
-3.20435
-3.20435
-3.20435
-3.20435
-3.20435
-3.20435
-3.20435
-2.80923
-2.80923
-2.80923
-2.80923
-2.4525
-2.4525
-2.4525
-2.4525
-2.4525
-2.4525
-2.4525
-2.4525
-2.4525
-2.4525
-2.4525
-2.4525
-2.4525
-2.4525
-2.4525
-2.4525
-2.34315
-2.34315
-2.34315
-2.34315
-2.34315
-2.34315
-2.34315
-2.34315
-2.34315
-2.34315
-2.34315
-2.34315
-2.34315
-2.34315
-2.34315
-2.34315
-2.34315
-2.34315
-2.34315
-2.34315
-2.34315
-2.34315
-2.34315
-2.34315
-2.34315
-2.34315
-2.34315
-2.34315
-2.34315
-2.34315
-2.34315
-2.34315
-1.98642
-1.98642
-1.98642
-1.98642
-1.98642
-1.98642
-1.98642
-1.98642
-1.98642
-1.98642
-1.98642
-1.98642
-1.98642
-1.98642
-1.98642
-1.98642
-1.87707
-1.87707
-1.87707
-1.87707
-1.87707
-1.87707
-1.87707
-1.87707
-1.87707
-1.87707
-1.87707
-1.87707
-1.87707
-1.87707
-1.87707
-1.87707
-1.5913
-1.32729
-1.32729
-1.32729
-1.32729
-1.32729
-1.32729
-1.32729
-1.32729
-1.32729
-1.32729
-1.32729
-1.32729
-1.32729
-1.32729
-1.32729
-1.32729
-1.32729
-1.32729
-1.32729
-1.32729
-1.32729
-1.32729
-1.32729
-1.32729
-1.32729
-1.32729
-1.32729
-1.32729
-1.32729
-1.32729
-1.32729
-1.32729
-1.12522
-1.12522
-1.12522
-1.12522
-0.861205
-0.861205
-0.861205
-0.861205
-0.861205
-0.861205
-0.861205
-0.861205
-0.861205
-0.861205
-0.861205
-0.861205
-0.861205
-0.861205
-0.861205
-0.861205
-0.659138
-0.659138
-0.659138
-0.659138
-0.466081
-0.466081
-0.466081
-0.466081
-0.466081
-0.466081
-0.466081
-0.466081
0
0
0
0
0
0
0
0
0
0
0
0
0
0
0
0
0
0
0
0
0
0
0
0
0
0
0
0
0
0
0
0
0
0
0
0
0
0
0
0
0
0
0
0
0
0
0
0
0
0
0
0
0
0
0
0
0
0
0
0
0
0
0
0
0
0
0
0
0
0
7.10543e-15
7.10543e-15
7.10543e-15
7.10543e-15
7.10543e-15
7.10543e-15
7.10543e-15
7.10543e-15
7.10543e-15
7.10543e-15
7.10543e-15
7.10543e-15
7.10543e-15
7.10543e-15
7.10543e-15
7.10543e-15
7.10543e-15
7.10543e-15
0.466081
0.466081
0.466081
0.466081
0.466081
0.466081
0.466081
0.466081
0.659138
0.659138
0.659138
0.659138
0.861205
0.861205
0.861205
0.861205
0.861205
0.861205
0.861205
0.861205
0.861205
0.861205
0.861205
0.861205
0.861205
0.861205
0.861205
0.861205
1.12522
1.12522
1.12522
1.12522
1.32729
1.32729
1.32729
1.32729
1.32729
1.32729
1.32729
1.32729
1.32729
1.32729
1.32729
1.32729
1.32729
1.32729
1.32729
1.32729
1.32729
1.32729
1.32729
1.32729
1.32729
1.32729
1.32729
1.32729
1.32729
1.32729
1.32729
1.32729
1.32729
1.32729
1.32729
1.32729
1.5913
1.87707
1.87707
1.87707
1.87707
1.87707
1.87707
1.87707
1.87707
1.87707
1.87707
1.87707
1.87707
1.87707
1.87707
1.87707
1.87707
1.98642
1.98642
1.98642
1.98642
1.98642
1.98642
1.98642
1.98642
1.98642
1.98642
1.98642
1.98642
1.98642
1.98642
1.98642
1.98642
2.34315
2.34315
2.34315
2.34315
2.34315
2.34315
2.34315
2.34315
2.34315
2.34315
2.34315
2.34315
2.34315
2.34315
2.34315
2.34315
2.34315
2.34315
2.34315
2.34315
2.34315
2.34315
2.34315
2.34315
2.34315
2.34315
2.34315
2.34315
2.34315
2.34315
2.34315
2.34315
2.4525
2.4525
2.4525
2.4525
2.4525
2.4525
2.4525
2.4525
2.4525
2.4525
2.4525
2.4525
2.4525
2.4525
2.4525
2.4525
2.80923
2.80923
2.80923
2.80923
3.20435
3.20435
3.20435
3.20435
3.20435
3.20435
3.20435
3.20435
3.20435
3.20435
3.20435
3.20435
3.20435
3.20435
3.20435
3.20435
3.31371
3.31371
3.31371
3.31371
3.31371
3.31371
3.31371
3.31371
3.31371
3.31371
3.31371
3.31371
3.31371
3.31371
3.31371
3.31371
3.31371
3.31371
3.67043
3.67043
3.67043
3.67043
3.67043
3.67043
3.67043
3.67043
3.67043
3.67043
3.67043
3.67043
3.67043
3.67043
3.67043
3.67043
3.77979
3.77979
3.77979
3.77979
4.32957
4.32957
4.32957
4.32957
4.32957
4.32957
4.32957
4.32957
4.32957
4.32957
4.32957
4.32957
4.32957
4.32957
4.32957
4.32957
4.32957
4.32957
4.32957
4.32957
4.32957
4.32957
4.32957
4.32957
4.32957
4.32957
4.32957
4.32957
4.32957
4.32957
4.32957
4.32957
4.32957
4.32957
4.32957
4.32957
4.32957
4.32957
4.32957
4.32957
4.32957
4.32957
4.32957
4.32957
4.32957
4.32957
4.32957
4.32957
4.32957
4.32957
4.32957
4.32957
4.32957
4.32957
4.32957
4.32957
4.32957
4.32957
4.32957
4.32957
4.32957
4.32957
4.32957
4.32957
4.53164
4.53164
4.53164
4.53164
4.79565
4.79565
4.79565
4.79565
4.79565
4.79565
4.79565
4.79565
4.79565
4.79565
4.79565
4.79565
4.79565
4.79565
4.79565
4.79565
4.79565
4.79565
4.79565
4.79565
4.79565
4.79565
4.79565
4.79565
4.79565
4.79565
4.79565
4.79565
4.79565
4.79565
4.79565
4.79565
5.34543
5.65685
5.65685
5.65685
5.65685
5.65685
5.65685
5.65685
5.65685
5.65685
5.65685
5.65685
5.65685
5.65685
5.65685
5.65685
5.65685
5.65685
5.65685
5.65685
5.65685
5.65685
5.65685
5.65685
5.65685
5.65685
5.65685
5.65685
5.65685
5.65685
5.65685
5.65685
5.65685
5.65685
5.65685
5.65685
5.65685
5.65685
5.65685
5.65685
5.65685
5.65685
5.65685
5.65685
5.65685
5.65685
5.65685
5.65685
5.65685
5.65685
5.65685
5.65685
5.65685
5.65685
5.65685
5.65685
5.65685
5.65685
5.65685
5.65685
5.65685
5.65685
5.65685
5.65685
5.65685
6.12293
6.12293
6.12293
6.12293
6.12293
6.12293
6.12293
6.12293
6.12293
6.12293
6.12293
6.12293
6.12293
6.12293
6.12293
6.12293
6.67271
6.67271
6.67271
6.67271
6.67271
6.67271
6.67271
6.67271
6.67271
6.67271
6.67271
6.67271
6.67271
6.67271
6.67271
6.67271
6.78207
6.78207
6.78207
6.78207
6.78207
6.78207
6.78207
6.78207
6.78207
6.78207
6.78207
6.78207
6.78207
6.78207
6.78207
6.78207
6.98414
6.98414
6.98414
6.98414
6.98414
6.98414
6.98414
6.98414
6.98414
6.98414
6.98414
6.98414
6.98414
6.98414
6.98414
6.98414
7.53392
7.53392
7.53392
7.53392
8
8
8
8
8
8
8
8
8
8
8
8
8
8
8
8
8
8
8
8
8
8
8
8
8
8
8
8
8
8
8
8
8
8
8
8
8
8
8
8
8
8
8
8
8
8
8
8
8
8
8
8
8
8
8
8
8
8
8
8
8
8
8
8
8
8
8
8
8
8
8
8
8
8
8
8
8.10936
8.10936
8.10936
8.10936
8.10936
8.10936
8.10936
8.10936
8.10936
8.10936
8.10936
8.10936
8.10936
8.10936
8.10936
8.10936
8.46608
8.46608
8.46608
8.46608
8.65914
8.65914
8.65914
8.65914
9.12522
9.12522
9.12522
9.12522
9.12522
9.12522
9.12522
9.12522
9.32729
9.32729
9.32729
9.32729
9.32729
9.32729
9.32729
9.32729
9.32729
9.32729
9.32729
9.32729
9.32729
9.32729
9.32729
9.32729
9.43664
9.43664
9.43664
9.43664
9.98642
9.98642
9.98642
9.98642
9.98642
9.98642
9.98642
9.98642
9.98642
9.98642
9.98642
9.98642
9.98642
9.98642
9.98642
9.98642
9.98642
9.98642
9.98642
9.98642
9.98642
9.98642
9.98642
9.98642
9.98642
9.98642
9.98642
9.98642
9.98642
9.98642
9.98642
9.98642
10.4525
10.4525
10.4525
10.4525
10.4525
10.4525
10.4525
10.4525
10.4525
10.4525
10.4525
10.4525
10.4525
10.4525
10.4525
10.4525
10.4525
10.4525
10.4525
10.4525
10.4525
10.4525
10.4525
10.4525
10.4525
10.4525
10.4525
10.4525
10.4525
10.4525
10.4525
10.4525
10.4525
10.4525
10.4525
10.4525
10.4525
10.4525
10.4525
10.4525
10.4525
10.4525
10.4525
10.4525
10.4525
10.4525
10.4525
10.4525
10.4525
10.4525
10.4525
10.4525
10.4525
10.4525
10.4525
10.4525
10.4525
10.4525
10.4525
10.4525
10.4525
10.4525
10.4525
10.4525
10.6546
11.3137
11.3137
11.3137
11.3137
11.4684
11.4684
11.4684
11.4684
11.7798
11.7798
11.7798
11.7798
11.7798
11.7798
11.7798
11.7798
11.9728
12.3296
12.3296
12.3296
12.3296
12.3296
12.3296
12.3296
12.3296
12.3296
12.3296
12.3296
12.3296
12.3296
12.3296
12.3296
12.3296
12.4389
12.4389
12.4389
12.4389
12.7956
12.7956
12.7956
12.7956
12.7956
12.7956
12.7956
12.7956
12.7956
12.7956
12.7956
12.7956
12.7956
12.7956
12.7956
12.7956
12.905
12.905
12.905
12.905
13.1908
13.1908
13.1908
13.1908
13.6569
13.6569
13.6569
13.6569
13.6569
13.6569
13.6569
13.6569
13.6569
13.6569
13.6569
13.6569
13.6569
13.6569
13.6569
13.6569
13.6569
13.6569
13.6569
13.6569
13.6569
13.6569
13.6569
13.6569
13.6569
13.6569
13.6569
13.6569
13.6569
13.6569
13.6569
13.6569
14.1229
14.1229
14.1229
14.1229
14.1229
14.1229
14.1229
14.1229
14.1229
14.1229
14.1229
14.1229
14.1229
14.1229
14.1229
14.1229
14.7821
14.7821
14.7821
14.7821
14.7821
14.7821
14.7821
14.7821
14.7821
14.7821
14.7821
14.7821
14.7821
14.7821
14.7821
14.7821
15.6433
15.6433
15.6433
15.6433
15.6433
15.6433
15.6433
15.6433
15.6433
15.6433
15.6433
15.6433
15.6433
15.6433
15.6433
15.6433
16.1094
16.1094
16.1094
16.1094
16.1094
16.1094
16.1094
16.1094
16.1094
16.1094
16.1094
16.1094
16.1094
16.1094
16.1094
16.1094
16.1094
16.1094
16.1094
16.1094
16.1094
16.1094
16.1094
16.1094
16.1094
16.1094
16.1094
16.1094
16.1094
16.1094
16.1094
16.1094
16.6591
16.6591
16.6591
16.6591
17.1252
17.1252
17.1252
17.1252
17.5913
17.9864
17.9864
17.9864
17.9864
17.9864
17.9864
17.9864
17.9864
17.9864
17.9864
17.9864
17.9864
17.9864
17.9864
17.9864
17.9864
18.0958
18.0958
18.0958
18.0958
18.4525
18.4525
18.4525
18.4525
18.4525
18.4525
18.4525
18.4525
18.4525
18.4525
18.4525
18.4525
18.4525
18.4525
18.4525
18.4525
19.3137
19.3137
19.3137
19.3137
19.3137
19.3137
19.3137
19.3137
19.3137
19.3137
19.3137
19.3137
19.3137
19.3137
19.3137
19.3137
19.3137
19.3137
19.7798
19.7798
19.7798
19.7798
20.4389
20.4389
20.4389
20.4389
20.4389
20.4389
20.4389
20.4389
20.905
20.905
20.905
20.905
21.7662
21.7662
21.7662
21.7662
21.7662
21.7662
21.7662
21.7662
21.7662
21.7662
21.7662
21.7662
21.7662
21.7662
21.7662
21.7662
22.7821
22.7821
22.7821
22.7821
22.7821
22.7821
22.7821
22.7821
22.7821
22.7821
22.7821
22.7821
22.7821
22.7821
22.7821
22.7821
24.1094
24.1094
24.1094
24.1094
24.1094
24.1094
24.1094
24.1094
24.1094
24.1094
24.1094
24.1094
24.1094
24.1094
24.1094
24.1094
24.2187
25.4366
25.4366
25.4366
25.4366
27.9728
28.4389
28.4389
28.4389
28.4389
28.905
28.905
28.905
28.905
34.0958
34.0958
34.0958
34.0958
40.2187
