-65.4732 0
-64.1637 0
-62.8542 0
-61.5448 0
-60.2353 0
-58.9258 0
-57.6164 3
-56.3069 7
-54.9974 26
-53.688 25
-52.3785 36
-51.0691 58
-49.7596 78
-48.4501 113
-47.1407 144
-45.8312 239
-44.5217 303
-43.2123 425
-41.9028 585
-40.5934 785
-39.2839 1079
-37.9744 1415
-36.665 1858
-35.3555 2311
-34.046 2894
-32.7366 3566
-31.4271 4390
-30.1176 5371
-28.8082 6534
-27.4987 7792
-26.1893 9235
-24.8798 10874
-23.5703 12703
-22.2609 14672
-20.9514 16712
-19.6419 18958
-18.3325 21264
-17.023 23691
-15.7136 26157
-14.4041 28525
-13.0946 31093
-11.7852 33581
-10.4757 35936
-9.16624 38042
-7.85678 39937
-6.54732 41922
-5.23785 43274
-3.92839 44400
-2.61893 45306
-1.30946 45911
0 46127
1.30946 45735
2.61893 45408
3.92839 44530
5.23785 43318
6.54732 41730
7.85678 39991
9.16624 37947
10.4757 36004
11.7852 33539
13.0946 31117
14.4041 28602
15.7136 26244
17.023 23730
18.3325 21229
19.6419 18877
20.9514 16679
22.2609 14627
23.5703 12579
24.8798 10866
26.1893 9312
27.4987 7850
28.8082 6607
30.1176 5432
31.4271 4413
32.7366 3602
34.046 2844
35.3555 2281
36.665 1741
37.9744 1380
39.2839 1052
40.5934 792
41.9028 598
43.2123 470
44.5217 366
45.8312 246
47.1407 157
48.4501 105
49.7596 78
51.0691 41
52.3785 23
53.688 21
54.9974 16
56.3069 8
57.6164 1
58.9258 4
60.2353 4
61.5448 0
62.8542 1
64.1637 1
65.4732 1
