-22.5037
-20.6768
-19.2296
-19.1082
-19.0103
-18.8978
-17.3995
-17.3102
-17.117
-14.2084
-13.9991
-13.8519
-13.7736
-13.6023
-13.4844
-13.3669
-13.3328
-12.5899
-12.1301
-12.0483
-12.0128
-11.8944
-11.5873
-11.4795
-11.113
-11.0716
-10.9705
-10.765
-10.5444
-10.4047
-10.3775
-10.2353
-9.84215
-9.77643
-9.64024
-9.59483
-9.50161
-9.38414
-9.21284
-9.14539
-8.45807
-8.39856
-8.35297
-8.31756
-8.22211
-8.21116
-8.17142
-8.12469
-8.04072
-7.86495
-7.82137
-7.71973
-7.16543
-6.97101
-6.94333
-6.90343
-6.88941
-6.81318
-6.73254
-6.71961
-6.55919
-6.46301
-6.29821
-6.18275
-6.0391
-5.48616
-5.44768
-5.3977
-5.29135
-5.27189
-5.17673
-5.17318
-5.09743
-5.04967
-4.83604
-4.6911
-4.58853
-4.56451
-4.52814
-4.45017
-4.34967
-4.32811
-4.23521
-4.21539
-4.1683
-4.14311
-4.08446
-4.06865
-3.94104
-3.89728
-3.79163
-3.75714
-3.63365
-3.57258
-3.39361
-3.26766
-3.23293
-3.20607
-3.16256
-3.0338
-3.02776
-3.00058
-2.84238
-2.78156
-2.70405
-2.60571
-2.47894
-2.4101
-2.15648
-2.03675
-2.00464
-1.93742
-1.77399
-1.67302
-1.5039
-1.17272
-1.14648
-1.09208
-1.06048
-1.04368
-0.945852
-0.773812
-0.714279
-0.632648
-0.584293
-0.497712
-0.471359
-0.385904
-0.340874
-0.291845
-0.242855
-0.161396
-0.152076
-0.0760688
-0.0280065
0
0.058551
0.0899237
0.101196
0.194322
0.240285
0.285938
0.356388
0.391776
0.508299
0.57228
0.637706
0.748296
0.835997
0.936138
1.01808
1.16567
1.30025
1.36943
1.38447
1.42101
1.5569
1.6637
1.71685
1.79089
1.85234
2.01387
2.09788
2.16617
2.18749
2.25922
2.27908
2.33326
2.3842
2.41844
2.47838
2.52132
2.53151
2.55216
2.64225
2.68134
2.75629
2.79546
2.85003
2.87034
2.91349
3.0214
3.10229
3.12363
3.22175
3.29067
3.31086
3.32243
3.36555
3.38715
3.40356
3.4532
3.53012
3.59514
3.65049
3.7793
3.83025
3.83891
3.93848
3.95949
4.03736
4.07906
4.1372
4.15199
4.20237
4.33112
4.41067
4.61416
4.68151
4.71939
4.75144
4.817
4.93604
4.95732
5.04328
5.14288
5.31809
5.37308
5.44094
5.49455
5.55098
5.63209
5.70077
5.72693
5.81102
5.83336
5.88598
6.06223
6.07611
6.18476
6.21237
6.27691
6.30104
6.35679
6.61629
6.68892
6.72378
6.76577
6.87746
6.88731
6.89573
6.92497
6.94625
6.96119
6.97442
7.09772
7.11168
7.1263
7.1388
7.21325
7.27643
7.35751
7.46785
7.66402
7.76336
7.8053
7.89311
7.97808
8.13549
8.16103
8.32534
8.38042
8.49137
8.74961
8.77361
8.96099
9.02002
9.16907
9.34491
9.43475
9.51054
9.53499
9.72012
9.76151
9.8961
9.96298
10.1042
10.1215
10.2029
10.3297
10.3384
10.4074
10.5027
10.65
10.7197
10.7781
10.8338
10.8753
10.8965
10.9518
11.0124
11.2011
11.3113
11.4332
11.7764
12.2869
12.4131
12.4387
12.4646
12.8547
12.9127
12.9908
13.2752
13.2791
13.4048
13.532
13.5659
13.6672
13.8038
13.9094
13.9667
14.0727
14.2384
14.3665
14.538
14.66
14.9356
15.3967
15.4972
15.5954
15.6934
15.9194
16.0399
16.0705
16.2497
16.5388
16.6123
16.7609
16.8437
17.0135
17.1567
17.337
17.3735
17.4301
17.6541
17.8201
17.9052
18.5875
18.6511
18.9012
19.4413
19.5032
19.8157
20.0061
20.0701
20.1895
20.5341
20.7007
20.8726
20.9665
21.2095
21.3533
21.4813
21.5965
22.2078
22.2571
22.2792
23.5803
24.2416
24.5034
25.8324
25.9655
27.0323
27.0976
32.262
