-29.8177
-29.7394
-29.4892
-29.1107
-27.5718
-27.565
-27.4231
-26.0554
-25.9643
-25.8553
-25.7663
-24.4908
-24.3951
-24.392
-24.3024
-24.2036
-24.1829
-24.0552
-23.9642
-23.3231
-23.3049
-23.1069
-23.0165
-22.3339
-22.323
-22.1818
-21.268
-20.9943
-20.9671
-20.8521
-20.8069
-20.7914
-20.691
-20.6455
-20.5662
-20.4962
-20.435
-20.4237
-20.4042
-20.3542
-20.316
-20.2224
-20.0409
-19.9911
-19.8929
-19.7695
-19.5873
-19.5352
-19.415
-19.2902
-19.2466
-19.2329
-19.2061
-19.1084
-19.0156
-18.9926
-18.9326
-18.9114
-18.9092
-18.8957
-18.8501
-18.8412
-18.827
-18.8187
-18.7948
-18.7379
-18.6876
-18.6777
-18.4512
-18.4319
-18.3866
-18.3699
-18.279
-18.2668
-18.2156
-17.9698
-17.9303
-17.8815
-17.7811
-17.7107
-17.5866
-17.3858
-17.3662
-17.3492
-17.3166
-17.2673
-17.1986
-17.163
-17.1537
-17.1377
-17.1204
-17.0489
-16.9326
-16.884
-16.8779
-16.8607
-16.7566
-16.7431
-16.6969
-16.6835
-16.6667
-16.6618
-16.6506
-16.6262
-16.6114
-16.48
-16.4406
-16.3756
-16.3358
-16.3186
-16.3074
-16.2277
-16.1968
-16.1582
-16.1228
-16.0746
-16.0023
-15.9308
-15.8775
-15.7535
-15.688
-15.5735
-15.5626
-15.5448
-15.4915
-15.4399
-15.4181
-15.3891
-15.3378
-15.3281
-15.275
-15.2516
-15.2246
-15.1855
-15.1659
-15.1546
-15.1271
-15.111
-15.0937
-15.0641
-15.0502
-15.017
-14.9976
-14.9707
-14.949
-14.8983
-14.8456
-14.8142
-14.8041
-14.7689
-14.7497
-14.7203
-14.6816
-14.6347
-14.6162
-14.5888
-14.5584
-14.536
-14.4554
-14.3498
-14.3185
-14.2988
-14.2743
-14.1671
-14.0533
-14.0473
-13.9995
-13.9525
-13.9454
-13.918
-13.8927
-13.8141
-13.802
-13.7916
-13.7638
-13.7361
-13.6993
-13.689
-13.6761
-13.6688
-13.6453
-13.6228
-13.6106
-13.5915
-13.5732
-13.5593
-13.5133
-13.4886
-13.446
-13.4277
-13.4105
-13.4042
-13.4024
-13.3715
-13.3396
-13.3111
-13.2748
-13.2492
-13.219
-13.1974
-13.1523
-13.1369
-13.1054
-13.0657
-13.0464
-13.01
-12.9816
-12.9782
-12.9164
-12.8946
-12.8782
-12.7692
-12.6747
-12.626
-12.599
-12.582
-12.5603
-12.5366
-12.4851
-12.4717
-12.454
-12.4387
-12.3697
-12.3541
-12.3294
-12.3135
-12.2839
-12.2694
-12.2499
-12.2417
-12.2312
-12.1929
-12.1756
-12.1573
-12.1496
-12.1159
-12.1071
-12.0863
-12.0743
-12.0667
-12.0543
-12.0366
-12.0098
-12.007
-11.9959
-11.9859
-11.9629
-11.9546
-11.9115
-11.8833
-11.8803
-11.8525
-11.8321
-11.7579
-11.7416
-11.7257
-11.7122
-11.6817
-11.6419
-11.5924
-11.5704
-11.5395
-11.5114
-11.508
-11.4856
-11.464
-11.4221
-11.3745
-11.3664
-11.3507
-11.3252
-11.3102
-11.3027
-11.2627
-11.2543
-11.2318
-11.221
-11.2005
-11.1907
-11.1739
-11.1527
-11.1367
-11.1054
-11.0846
-11.0808
-11.0501
-11.0242
-11.0124
-11.0005
-10.9885
-10.9743
-10.9645
-10.9264
-10.9182
-10.9081
-10.9015
-10.8855
-10.8661
-10.8511
-10.8352
-10.8024
-10.769
-10.7657
-10.7638
-10.7511
-10.7384
-10.7119
-10.6924
-10.6583
-10.6238
-10.6143
-10.6024
-10.583
-10.5636
-10.5483
-10.5343
-10.5041
-10.474
-10.4385
-10.4158
-10.4022
-10.3902
-10.3857
-10.3746
-10.3378
-10.3207
-10.3127
-10.2814
-10.278
-10.2609
-10.2519
-10.2398
-10.2343
-10.2169
-10.1868
-10.1488
-10.134
-10.1205
-10.1143
-10.094
-10.0681
-10.0633
-10.0486
-10.0131
-9.98029
-9.94691
-9.92497
-9.90124
-9.88766
-9.87711
-9.86211
-9.83825
-9.82681
-9.8087
-9.79678
-9.79311
-9.78557
-9.76328
-9.75211
-9.7319
-9.71578
-9.70824
-9.69559
-9.67743
-9.66769
-9.65175
-9.64443
-9.62986
-9.62263
-9.61841
-9.61072
-9.60644
-9.59169
-9.57297
-9.5499
-9.52818
-9.5142
-9.51015
-9.49628
-9.49064
-9.48442
-9.43711
-9.4226
-9.37322
-9.35204
-9.33592
-9.31531
-9.30304
-9.29359
-9.27758
-9.24624
-9.22833
-9.21806
-9.18878
-9.16482
-9.14063
-9.07037
-9.05223
-9.02809
-8.97926
-8.96968
-8.93399
-8.9317
-8.92629
-8.89064
-8.86354
-8.84855
-8.84196
-8.79247
-8.75714
-8.74853
-8.7274
-8.68792
-8.66541
-8.61436
-8.59666
-8.58377
-8.55567
-8.54332
-8.51631
-8.50027
-8.4926
-8.4766
-8.45126
-8.43244
-8.42608
-8.41439
-8.37652
-8.36468
-8.34136
-8.32783
-8.32216
-8.29654
-8.29256
-8.26388
-8.22724
-8.20407
-8.18925
-8.1717
-8.1606
-8.1584
-8.12523
-8.11068
-8.10651
-8.09355
-8.07785
-8.07419
-8.06828
-8.06651
-8.04761
-8.02737
-8.02081
-8.01335
-7.99673
-7.99077
-7.98582
-7.96877
-7.94456
-7.9268
-7.91841
-7.90026
-7.88489
-7.85948
-7.84744
-7.82569
-7.79984
-7.7962
-7.78447
-7.77237
-7.76505
-7.73612
-7.72661
-7.71879
-7.6998
-7.69079
-7.66729
-7.65838
-7.65076
-7.64552
-7.64191
-7.62631
-7.60815
-7.5852
-7.56551
-7.54972
-7.5314
-7.52203
-7.49296
-7.48268
-7.47468
-7.45071
-7.41222
-7.40072
-7.38419
-7.36457
-7.34525
-7.32114
-7.30698
-7.29144
-7.28574
-7.26037
-7.25127
-7.23417
-7.22635
-7.21468
-7.20341
-7.1808
-7.16803
-7.15468
-7.14245
-7.13057
-7.10292
-7.08975
-7.07645
-7.06778
-7.05968
-7.04821
-7.03825
-7.01958
-7.01517
-7.00344
-6.99054
-6.97331
-6.96427
-6.95365
-6.9419
-6.9358
-6.92691
-6.92326
-6.91703
-6.91043
-6.89342
-6.88553
-6.87834
-6.8621
-6.85574
-6.83476
-6.82748
-6.81378
-6.80774
-6.78739
-6.77064
-6.75829
-6.75219
-6.73534
-6.72258
-6.72156
-6.7025
-6.69091
-6.68153
-6.66344
-6.65842
-6.65469
-6.62883
-6.61824
-6.60854
-6.58701
-6.58462
-6.57164
-6.56163
-6.55014
-6.53653
-6.53234
-6.49524
-6.4909
-6.47663
-6.45814
-6.45361
-6.43285
-6.41856
-6.39465
-6.38223
-6.3618
-6.35634
-6.34719
-6.3266
-6.31241
-6.2978
-6.28114
-6.26879
-6.2492
-6.21639
-6.20848
-6.18551
-6.1691
-6.14209
-6.13301
-6.10872
-6.09593
-6.08196
-6.06283
-6.03443
-6.02809
-6.00101
-5.98639
-5.97403
-5.96969
-5.94027
-5.9243
-5.90566
-5.9001
-5.88292
-5.86353
-5.85431
-5.83205
-5.82302
-5.80812
-5.78829
-5.77902
-5.76781
-5.75461
-5.72165
-5.71412
-5.70904
-5.68156
-5.67812
-5.66562
-5.64376
-5.62631
-5.60981
-5.60423
-5.59336
-5.59157
-5.57886
-5.5733
-5.56403
-5.54912
-5.52521
-5.51663
-5.51083
-5.48936
-5.4886
-5.48089
-5.46879
-5.45135
-5.43481
-5.43377
-5.40691
-5.40103
-5.38473
-5.38115
-5.37064
-5.36404
-5.3466
-5.33886
-5.32758
-5.31892
-5.30528
-5.29801
-5.28981
-5.2793
-5.26724
-5.26006
-5.25136
-5.23726
-5.22272
-5.21505
-5.20626
-5.18905
-5.17923
-5.17398
-5.16681
-5.14825
-5.14292
-5.13716
-5.12945
-5.11223
-5.08834
-5.08228
-5.06183
-5.04767
-5.01919
-5.00874
-4.99182
-4.98217
-4.97362
-4.94633
-4.93696
-4.92185
-4.91073
-4.87846
-4.87665
-4.86696
-4.84258
-4.83884
-4.82314
-4.80862
-4.79798
-4.78841
-4.76622
-4.76463
-4.7292
-4.70882
-4.68383
-4.68021
-4.6631
-4.65413
-4.63919
-4.63307
-4.61814
-4.60703
-4.6005
-4.57302
-4.57267
-4.55748
-4.55544
-4.53916
-4.5297
-4.5261
-4.51746
-4.50551
-4.49639
-4.48345
-4.47825
-4.46483
-4.46266
-4.44017
-4.42637
-4.42598
-4.41383
-4.40649
-4.39877
-4.38663
-4.3781
-4.37151
-4.36683
-4.3618
-4.35576
-4.3361
-4.33182
-4.31933
-4.31299
-4.29435
-4.28946
-4.2763
-4.27261
-4.25742
-4.24694
-4.2398
-4.22441
-4.21707
-4.20306
-4.19234
-4.19091
-4.17667
-4.17035
-4.15873
-4.14569
-4.14396
-4.13253
-4.12615
-4.10912
-4.10052
-4.09785
-4.091
-4.07975
-4.07331
-4.0601
-4.05165
-4.0417
-4.02611
-4.01165
-3.99798
-3.99357
-3.97896
-3.97455
-3.97174
-3.957
-3.9337
-3.93122
-3.92832
-3.92284
-3.90517
-3.89332
-3.882
-3.88067
-3.8688
-3.84712
-3.84034
-3.82383
-3.81796
-3.81207
-3.79597
-3.78632
-3.78337
-3.77524
-3.76267
-3.75248
-3.73827
-3.73606
-3.72009
-3.70754
-3.6999
-3.69116
-3.68152
-3.66187
-3.64877
-3.64025
-3.63207
-3.61277
-3.60905
-3.59636
-3.57707
-3.56198
-3.55424
-3.55033
-3.54262
-3.52211
-3.50847
-3.49388
-3.47777
-3.46105
-3.45589
-3.44855
-3.43548
-3.41774
-3.40228
-3.3944
-3.3891
-3.37996
-3.36572
-3.34846
-3.3379
-3.32649
-3.31965
-3.31008
-3.30314
-3.29415
-3.28338
-3.27701
-3.25238
-3.25069
-3.24397
-3.24213
-3.2297
-3.22143
-3.20815
-3.19943
-3.19598
-3.18863
-3.17176
-3.16644
-3.15129
-3.1429
-3.13337
-3.1235
-3.1149
-3.10911
-3.09988
-3.09477
-3.09161
-3.0806
-3.0623
-3.04041
-3.02351
-3.01415
-3.0067
-2.99123
-2.98403
-2.96333
-2.95889
-2.95587
-2.94254
-2.91701
-2.9083
-2.89879
-2.88526
-2.88188
-2.87743
-2.87169
-2.85899
-2.84362
-2.83241
-2.82929
-2.82683
-2.81283
-2.80425
-2.80115
-2.78675
-2.78021
-2.77132
-2.75954
-2.72606
-2.7231
-2.69957
-2.68926
-2.66798
-2.65586
-2.6328
-2.62592
-2.61712
-2.61667
-2.59524
-2.5837
-2.55718
-2.55458
-2.5439
-2.53398
-2.5267
-2.51689
-2.49626
-2.48859
-2.48136
-2.46631
-2.45539
-2.44837
-2.43899
-2.42456
-2.42125
-2.39591
-2.38495
-2.36594
-2.35962
-2.35344
-2.34797
-2.33736
-2.33381
-2.32095
-2.29238
-2.28741
-2.26717
-2.26378
-2.25102
-2.22321
-2.22296
-2.20751
-2.19989
-2.18947
-2.18709
-2.17657
-2.16755
-2.1648
-2.15846
-2.13734
-2.12926
-2.12471
-2.11521
-2.098
-2.09273
-2.06849
-2.06643
-2.05509
-2.05285
-2.04555
-2.032
-2.01602
-2.00854
-1.9961
-1.98823
-1.97796
-1.96749
-1.96197
-1.9449
-1.93031
-1.91357
-1.89108
-1.88766
-1.87263
-1.87012
-1.85099
-1.83591
-1.83249
-1.82016
-1.81199
-1.80691
-1.80423
-1.80067
-1.79555
-1.77458
-1.77231
-1.75825
-1.74087
-1.7345
-1.72319
-1.71526
-1.69936
-1.69595
-1.6842
-1.6827
-1.67431
-1.65931
-1.64675
-1.63233
-1.63119
-1.6109
-1.60256
-1.59394
-1.58592
-1.57731
-1.56283
-1.55609
-1.54624
-1.53434
-1.52198
-1.51898
-1.51214
-1.50482
-1.49613
-1.4826
-1.47713
-1.46291
-1.45011
-1.43932
-1.43099
-1.41574
-1.40702
-1.40093
-1.40003
-1.3907
-1.3819
-1.37235
-1.3589
-1.3558
-1.34638
-1.33219
-1.33074
-1.31645
-1.30994
-1.30202
-1.28515
-1.27127
-1.26079
-1.25279
-1.24427
-1.23596
-1.23008
-1.22496
-1.21539
-1.20711
-1.19578
-1.18757
-1.17787
-1.16627
-1.16095
-1.1521
-1.1309
-1.12861
-1.12525
-1.12136
-1.11385
-1.10097
-1.09253
-1.07604
-1.07107
-1.05843
-1.05388
-1.04247
-1.03986
-1.02691
-1.02656
-1.02044
-0.994581
-0.989735
-0.975924
-0.967446
-0.965282
-0.957162
-0.93855
-0.924674
-0.908237
-0.906783
-0.896926
-0.893464
-0.870511
-0.862754
-0.852026
-0.842209
-0.838274
-0.826237
-0.821155
-0.809199
-0.801765
-0.79586
-0.788379
-0.772761
-0.767594
-0.751279
-0.744801
-0.735595
-0.726251
-0.712825
-0.706925
-0.694442
-0.688336
-0.681998
-0.674822
-0.67172
-0.64372
-0.641654
-0.63082
-0.627787
-0.617341
-0.600249
-0.59135
-0.576355
-0.563707
-0.560646
-0.551293
-0.541787
-0.531601
-0.516321
-0.49248
-0.484627
-0.466209
-0.462171
-0.450323
-0.441758
-0.435401
-0.428292
-0.413005
-0.395296
-0.387742
-0.378924
-0.37536
-0.362038
-0.358934
-0.350838
-0.34167
-0.335225
-0.332994
-0.32017
-0.310937
-0.302055
-0.294061
-0.290781
-0.276259
-0.26697
-0.257801
-0.249934
-0.246877
-0.226371
-0.226055
-0.219528
-0.205206
-0.198523
-0.19193
-0.185552
-0.177496
-0.164559
-0.158955
-0.154295
-0.140864
-0.13734
-0.120889
-0.113643
-0.108862
-0.0994319
-0.0963256
-0.0826931
-0.0694859
-0.0629024
-0.0551364
-0.0367668
-0.0279049
-0.0188141
-0.0108175
-0.0104656
-0.00109178
0
0.0145477
0.0185198
0.0276954
0.0287587
0.04646
0.0481536
0.0645729
0.0707975
0.0823987
0.0914737
0.103454
0.109609
0.115483
0.118379
0.132719
0.145347
0.156365
0.15882
0.171891
0.181919
0.19046
0.193456
0.200841
0.205582
0.23291
0.240053
0.249836
0.257355
0.275463
0.280719
0.286658
0.299055
0.309392
0.321095
0.33307
0.339325
0.345583
0.361623
0.368062
0.378675
0.386175
0.396942
0.415167
0.427885
0.43734
0.446466
0.471264
0.476976
0.486869
0.508261
0.527185
0.528279
0.531947
0.549487
0.557494
0.563322
0.573935
0.594991
0.600982
0.616251
0.627032
0.639933
0.6483
0.652077
0.668455
0.676211
0.687366
0.695883
0.704677
0.72132
0.722894
0.743498
0.755202
0.785262
0.798238
0.808014
0.813932
0.826477
0.833407
0.861086
0.876021
0.879193
0.912604
0.914955
0.919343
0.943256
0.955733
0.961278
0.986326
0.988033
1.00427
1.00617
1.02389
1.02631
1.03997
1.04675
1.06255
1.07367
1.09248
1.10831
1.11914
1.12963
1.13803
1.15299
1.16479
1.16964
1.1829
1.18749
1.20147
1.21266
1.21824
1.22761
1.24474
1.25863
1.27166
1.28088
1.28843
1.30147
1.31422
1.31974
1.32334
1.32997
1.35851
1.36137
1.36791
1.37119
1.38684
1.39333
1.40466
1.4077
1.42347
1.43333
1.44603
1.4504
1.46231
1.46833
1.47802
1.48845
1.49493
1.50179
1.51529
1.52579
1.52924
1.53707
1.5457
1.55218
1.56905
1.57863
1.5925
1.59496
1.61001
1.6166
1.64245
1.64497
1.66065
1.66295
1.66526
1.67085
1.68555
1.69225
1.70531
1.71821
1.72283
1.73131
1.7407
1.74971
1.76924
1.77712
1.78967
1.79186
1.80671
1.8139
1.81537
1.82544
1.84139
1.85232
1.8593
1.86046
1.87518
1.89254
1.89815
1.90952
1.91958
1.93238
1.93936
1.95556
1.96235
1.96658
1.9758
1.98113
1.99391
2.00416
2.00897
2.02207
2.03172
2.04983
2.05566
2.06199
2.06933
2.08445
2.09057
2.09937
2.1122
2.11398
2.12564
2.13603
2.14219
2.16354
2.16723
2.16787
2.18921
2.19797
2.20189
2.21103
2.22008
2.22668
2.23835
2.24297
2.24993
2.26543
2.26682
2.27849
2.28491
2.29784
2.3112
2.31933
2.32363
2.33059
2.33659
2.34434
2.3475
2.37094
2.38027
2.38977
2.39512
2.41622
2.42494
2.43128
2.4431
2.45772
2.47401
2.47732
2.49017
2.49964
2.50513
2.51326
2.52887
2.53512
2.54033
2.54742
2.55445
2.56428
2.58396
2.58997
2.60167
2.61551
2.62715
2.63722
2.64757
2.65476
2.66558
2.66803
2.68944
2.69954
2.70505
2.71467
2.72465
2.72988
2.74003
2.75637
2.77084
2.77638
2.79361
2.79835
2.8095
2.81907
2.83026
2.83708
2.84038
2.85529
2.86087
2.87329
2.88762
2.89641
2.90759
2.91988
2.93379
2.94111
2.94954
2.96264
2.97251
2.98909
2.99802
3.00629
3.01359
3.03057
3.0341
3.04302
3.04808
3.05551
3.05822
3.06809
3.08039
3.08495
3.09156
3.09907
3.10973
3.11796
3.13408
3.15442
3.16252
3.16805
3.17462
3.18715
3.18862
3.19552
3.20891
3.21444
3.22381
3.23865
3.24032
3.25662
3.26557
3.27154
3.27934
3.28609
3.2905
3.29917
3.30807
3.32104
3.33005
3.33905
3.34811
3.35545
3.36186
3.3655
3.37266
3.37876
3.38072
3.39231
3.40144
3.41285
3.42429
3.43727
3.4468
3.44913
3.46122
3.46989
3.47457
3.48116
3.48308
3.50108
3.50199
3.51476
3.52637
3.53135
3.53323
3.53795
3.5427
3.54731
3.56091
3.56818
3.57926
3.58988
3.59323
3.60075
3.61304
3.62054
3.63532
3.64343
3.65223
3.66301
3.66789
3.68248
3.69462
3.71003
3.71225
3.72889
3.73731
3.75794
3.77178
3.77999
3.78076
3.78798
3.79678
3.81376
3.82604
3.83641
3.84552
3.85983
3.86284
3.86885
3.88348
3.8939
3.90018
3.90614
3.92503
3.928
3.93282
3.95697
3.96236
3.97249
3.98113
3.98647
3.99924
4.00333
4.01495
4.02512
4.04207
4.05255
4.06548
4.08433
4.09152
4.09414
4.09852
4.11987
4.12616
4.14043
4.14978
4.15871
4.16319
4.17843
4.18336
4.19163
4.1953
4.20647
4.21431
4.22187
4.24137
4.24886
4.25152
4.26369
4.27819
4.30182
4.31539
4.31874
4.32801
4.34184
4.35412
4.3688
4.36991
4.37855
4.38457
4.40855
4.41989
4.42374
4.42982
4.45203
4.45724
4.46843
4.47932
4.49149
4.51126
4.51494
4.52354
4.53766
4.54838
4.55997
4.57395
4.5874
4.60541
4.61249
4.61276
4.62503
4.6501
4.6567
4.66668
4.68665
4.69541
4.71206
4.71832
4.74031
4.75521
4.76283
4.76958
4.78973
4.79722
4.8087
4.81203
4.81968
4.83167
4.85423
4.86433
4.87712
4.89111
4.8999
4.90785
4.91001
4.9216
4.9313
4.94575
4.95396
4.97022
4.97817
4.98316
4.98846
4.9992
5.00308
5.01963
5.03045
5.03273
5.04988
5.06212
5.07733
5.08289
5.09569
5.10417
5.11334
5.11527
5.12325
5.13171
5.14943
5.15259
5.16213
5.18712
5.19543
5.20112
5.20945
5.22219
5.23428
5.23569
5.24298
5.25796
5.27271
5.28486
5.29319
5.30422
5.31005
5.32553
5.33336
5.33535
5.34549
5.35359
5.36314
5.37769
5.38151
5.39672
5.39919
5.4191
5.42661
5.43589
5.44625
5.45788
5.46955
5.48605
5.49589
5.52206
5.52515
5.53629
5.55313
5.55944
5.57705
5.58352
5.59518
5.60257
5.61582
5.62488
5.63622
5.6512
5.65963
5.66778
5.67509
5.68558
5.69271
5.70393
5.72214
5.72625
5.73417
5.74407
5.75672
5.76621
5.79077
5.79324
5.80896
5.82744
5.84841
5.85156
5.85436
5.8767
5.87803
5.8912
5.89784
5.90464
5.9148
5.91893
5.92996
5.94947
5.95393
5.95904
5.96112
5.97396
5.98322
5.99368
6.00349
6.01665
6.02496
6.0345
6.03875
6.05373
6.06462
6.07159
6.07714
6.09212
6.09882
6.10623
6.11548
6.12288
6.13266
6.14705
6.15634
6.15959
6.16607
6.17529
6.19461
6.19615
6.20776
6.2142
6.22566
6.23977
6.24487
6.2561
6.26999
6.27576
6.28605
6.29765
6.30471
6.31789
6.3328
6.33401
6.34981
6.35704
6.36048
6.37158
6.37547
6.38743
6.39139
6.40887
6.41845
6.42444
6.44047
6.4458
6.45475
6.47052
6.47234
6.47728
6.48743
6.49131
6.50061
6.50391
6.50737
6.52532
6.53205
6.5446
6.54898
6.5645
6.57227
6.58081
6.59704
6.60081
6.61382
6.61962
6.63515
6.64592
6.65134
6.66317
6.66755
6.67406
6.69719
6.70637
6.71213
6.72058
6.73554
6.74024
6.75367
6.76443
6.76982
6.78164
6.78667
6.79286
6.80454
6.82392
6.83482
6.83854
6.84055
6.85044
6.85916
6.86142
6.87486
6.88045
6.89709
6.9071
6.92114
6.93579
6.94107
6.95751
6.96534
6.97338
6.99469
6.9967
7.00358
7.00625
7.01439
7.02042
7.02862
7.04598
7.06055
7.06385
7.07876
7.08897
7.09102
7.11003
7.12567
7.12917
7.14563
7.15049
7.1642
7.16727
7.17519
7.18576
7.19307
7.20243
7.21421
7.21561
7.23548
7.2439
7.25691
7.26996
7.27805
7.28506
7.2911
7.2988
7.31479
7.32068
7.33288
7.33789
7.35164
7.3541
7.36217
7.38419
7.392
7.39624
7.4075
7.42307
7.43043
7.43701
7.45773
7.45951
7.47547
7.48919
7.49138
7.50958
7.52352
7.52858
7.54122
7.54574
7.55937
7.57662
7.58168
7.59263
7.60479
7.61359
7.63394
7.64098
7.64752
7.67391
7.68558
7.68993
7.69566
7.70092
7.70979
7.72443
7.72765
7.74893
7.76147
7.77254
7.78386
7.79319
7.80325
7.81967
7.83452
7.84066
7.8597
7.86869
7.88079
7.88897
7.90387
7.91652
7.92019
7.94511
7.95073
7.961
7.96991
7.97487
8.0038
8.00835
8.01529
8.0296
8.0551
8.06586
8.06695
8.08226
8.08563
8.10219
8.12564
8.13521
8.14374
8.1516
8.16314
8.1639
8.18922
8.20484
8.21402
8.22648
8.23062
8.23514
8.24527
8.25555
8.2845
8.29257
8.29883
8.32163
8.32494
8.35266
8.35943
8.36199
8.39066
8.41186
8.42109
8.42483
8.43195
8.44034
8.45985
8.477
8.48472
8.4912
8.49826
8.51536
8.53121
8.53757
8.55237
8.56188
8.5635
8.5856
8.59094
8.61453
8.62308
8.63042
8.63581
8.64411
8.65227
8.66284
8.67146
8.68211
8.69634
8.70999
8.71715
8.7195
8.73945
8.74734
8.75623
8.76086
8.77516
8.78036
8.79351
8.79979
8.80952
8.83215
8.83886
8.85962
8.86769
8.87711
8.88284
8.88722
8.90301
8.92396
8.92957
8.94201
8.96857
8.97088
8.97795
8.98665
8.99572
9.00162
9.01329
9.03094
9.03453
9.0425
9.05766
9.0697
9.08442
9.09466
9.09892
9.11026
9.11916
9.12928
9.14075
9.15654
9.16961
9.17597
9.17843
9.19119
9.21452
9.21686
9.22015
9.22531
9.24375
9.24913
9.25815
9.26113
9.28113
9.29041
9.2974
9.30726
9.31379
9.32036
9.32964
9.3361
9.34681
9.3526
9.37162
9.38165
9.39423
9.40455
9.41258
9.41826
9.42683
9.44277
9.45139
9.46141
9.4667
9.47355
9.48993
9.49284
9.50021
9.50608
9.51545
9.52442
9.53401
9.54007
9.55274
9.55557
9.57054
9.57458
9.59269
9.6014
9.60238
9.60647
9.61662
9.62031
9.63606
9.6418
9.65095
9.65934
9.67778
9.68761
9.69136
9.70607
9.71327
9.7197
9.73584
9.73868
9.74981
9.75376
9.77413
9.78192
9.79198
9.79498
9.80408
9.81165
9.82713
9.83235
9.83597
9.84963
9.85499
9.86684
9.87531
9.89001
9.90533
9.91554
9.92539
9.93653
9.94252
9.95036
9.9594
9.97038
9.97523
9.98804
9.99916
10.006
10.0179
10.028
10.035
10.0424
10.0607
10.0755
10.0896
10.095
10.0996
10.1054
10.1139
10.126
10.1392
10.1422
10.1557
10.1655
10.1711
10.1765
10.1905
10.2009
10.2095
10.2121
10.2198
10.2413
10.2469
10.2513
10.2698
10.2757
10.2819
10.2875
10.2946
10.3134
10.3307
10.3378
10.3436
10.3558
10.3808
10.3834
10.3934
10.3985
10.4109
10.4121
10.4268
10.4437
10.4516
10.4622
10.468
10.4904
10.4953
10.5063
10.5282
10.5314
10.5415
10.5462
10.5599
10.5695
10.5753
10.5859
10.5998
10.6134
10.6294
10.6429
10.6464
10.6564
10.6598
10.6674
10.6873
10.6889
10.6963
10.7042
10.717
10.7259
10.7327
10.7463
10.7596
10.7758
10.7795
10.7893
10.795
10.8136
10.8266
10.838
10.8489
10.8648
10.8811
10.8872
10.9065
10.9151
10.9341
10.9522
10.9613
10.9756
10.9825
11.0101
11.0192
11.0338
11.0467
11.064
11.0718
11.0783
11.1004
11.1303
11.1479
11.1546
11.167
11.1788
11.186
11.2003
11.2162
11.2337
11.2485
11.253
11.2719
11.2906
11.3038
11.3227
11.335
11.3498
11.3604
11.3823
11.3918
11.4196
11.4293
11.4546
11.467
11.4861
11.5042
11.5397
11.5552
11.5644
11.5878
11.5951
11.6084
11.6268
11.6438
11.6576
11.6707
11.673
11.7015
11.7134
11.7205
11.7403
11.7465
11.7619
11.7753
11.7902
11.8016
11.8142
11.817
11.8268
11.8366
11.8566
11.8661
11.885
11.8924
11.9033
11.9083
11.9234
11.9406
11.9486
11.9568
11.969
11.9915
12.0028
12.017
12.0278
12.0394
12.0546
12.0695
12.0881
12.1073
12.1258
12.1381
12.143
12.1673
12.1839
12.1867
12.1923
12.1984
12.2245
12.2416
12.2589
12.2698
12.2763
12.2844
12.3086
12.3188
12.3332
12.3384
12.3582
12.3721
12.3819
12.3968
12.4167
12.4217
12.4281
12.437
12.4511
12.4621
12.4848
12.5161
12.541
12.5534
12.5614
12.578
12.5955
12.6103
12.6165
12.6355
12.6515
12.6594
12.6671
12.6828
12.6901
12.6951
12.7084
12.7379
12.7494
12.7566
12.7656
12.7731
12.7883
12.7914
12.8074
12.8165
12.828
12.836
12.8538
12.8632
12.8727
12.8961
12.9163
12.9299
12.9374
12.9535
12.9623
12.9728
12.9916
13.0045
13.0242
13.0324
13.0402
13.0515
13.0764
13.084
13.0867
13.0991
13.1132
13.1369
13.1538
13.1599
13.1644
13.1945
13.2123
13.2306
13.2382
13.2559
13.2698
13.2812
13.2987
13.3126
13.3195
13.3362
13.3402
13.3591
13.3801
13.4087
13.4274
13.4379
13.4555
13.458
13.4608
13.4941
13.5083
13.5385
13.5587
13.5596
13.585
13.5928
13.6122
13.6398
13.6476
13.6546
13.6685
13.6934
13.6958
13.7129
13.7285
13.7331
13.7462
13.7577
13.7654
13.7857
13.7949
13.8093
13.8219
13.8359
13.8407
13.8531
13.8627
13.8724
13.8768
13.8895
13.9041
13.9043
13.9193
13.9296
13.9478
13.955
13.9738
13.9775
13.9878
13.9983
14.0212
14.0301
14.0377
14.056
14.07
14.0865
14.0889
14.1071
14.1206
14.1338
14.1416
14.1473
14.1701
14.1878
14.1901
14.2016
14.2226
14.2287
14.2366
14.2506
14.2766
14.2991
14.3175
14.3322
14.3424
14.3589
14.3757
14.3804
14.403
14.4147
14.426
14.4392
14.451
14.4657
14.4976
14.5029
14.5178
14.5289
14.5559
14.5604
14.5838
14.6051
14.6234
14.6396
14.644
14.6523
14.6752
14.7023
14.7117
14.7421
14.7607
14.7761
14.7958
14.8255
14.8544
14.8783
14.8957
14.9188
14.9438
14.9793
14.9864
15.0038
15.0277
15.0358
15.0557
15.0614
15.0792
15.0964
15.128
15.1456
15.1563
15.1615
15.2025
15.2216
15.2415
15.2601
15.289
15.3175
15.3269
15.3444
15.3558
15.3737
15.3762
15.3909
15.4171
15.4317
15.4814
15.491
15.5505
15.5587
15.5749
15.6163
15.6203
15.6282
15.6517
15.6541
15.6828
15.7094
15.7375
15.7469
15.7547
15.7652
15.7671
15.7839
15.8179
15.826
15.8401
15.8594
15.8738
15.9059
15.9302
15.9441
15.9483
15.9731
16.0019
16.0063
16.0184
16.049
16.0775
16.0903
16.1172
16.1428
16.1776
16.1931
16.1991
16.2084
16.2554
16.2582
16.3033
16.3176
16.3504
16.3799
16.4135
16.4699
16.4868
16.5122
16.5355
16.5655
16.5694
16.5971
16.615
16.6253
16.6561
16.6711
16.6868
16.729
16.74
16.753
16.7672
16.7938
16.806
16.831
16.8785
16.8872
16.8918
16.9026
16.9108
16.924
16.9727
16.998
17.0212
17.048
17.054
17.0922
17.1064
17.1131
17.1248
17.1574
17.169
17.1851
17.2566
17.2759
17.3035
17.3479
17.3765
17.4019
17.4075
17.4531
17.4814
17.5097
17.5188
17.5856
17.6029
17.6161
17.6303
17.6587
17.7034
17.7247
17.7562
17.7704
17.8023
17.8194
17.8646
17.8685
17.8732
17.9194
17.9632
17.9787
18.0116
18.0219
18.0376
18.0457
18.0661
18.1059
18.1227
18.1701
18.1962
18.2114
18.222
18.2611
18.2703
18.2739
18.3053
18.3416
18.3524
18.4071
18.416
18.4269
18.427
18.4913
18.5011
18.5213
18.5251
18.5443
18.5578
18.5706
18.5891
18.6179
18.6832
18.6917
18.7017
18.7401
18.7529
18.7864
18.8014
18.8039
18.8121
18.8231
18.8667
18.8855
18.9141
18.9682
19.0171
19.1297
19.1837
19.2283
19.2645
19.2824
19.2928
19.3079
19.3765
19.4077
19.4175
19.4795
19.505
19.5564
19.6141
19.6572
19.659
19.6839
19.7038
19.7221
19.739
19.7745
19.7863
19.8343
19.8578
19.8706
19.9098
19.9167
19.9575
19.9775
19.9957
20.0455
20.0548
20.062
20.0828
20.1265
20.138
20.1696
20.1977
20.2037
20.2335
20.2712
20.2791
20.3085
20.3532
20.3603
20.3996
20.4225
20.4518
20.4553
20.5274
20.5367
20.563
20.6213
20.6648
20.7253
20.817
20.8771
20.8901
20.922
20.9582
20.9675
21.0257
21.0752
21.0905
21.1387
21.1772
21.2347
21.2732
21.3212
21.4175
21.4719
21.5568
21.5871
21.6561
21.7108
21.8102
21.82
21.8512
21.8764
21.9516
21.9699
22.0185
22.038
22.1016
22.1417
22.2085
22.2442
22.2895
22.3171
22.3198
22.3479
22.4195
22.4249
22.542
22.5761
22.5956
22.6157
22.6362
22.6982
22.7424
22.754
22.7655
22.852
22.8859
22.9813
23.0104
23.0226
23.0361
23.0416
23.0433
23.0801
23.104
23.1538
23.1704
23.2079
23.2769
23.2817
23.3071
23.3579
23.4526
23.4614
23.5351
23.5531
23.634
23.6773
23.7098
23.7948
23.8313
23.8442
23.9124
23.9366
23.9491
24.0291
24.0337
24.0731
24.1325
24.1529
24.2114
24.28
24.3305
24.3464
24.4163
24.4743
24.5332
24.556
24.5591
24.7265
24.7731
24.855
25.1236
25.1992
25.2638
25.3097
25.3262
25.3485
25.4087
25.4851
25.5293
25.607
25.6356
25.6514
25.7327
25.7644
25.7902
25.8712
25.9696
25.9882
26.0508
26.1387
26.1525
26.1979
26.2567
26.3875
26.5061
26.5219
26.5586
26.672
26.6892
26.7988
26.8212
26.8362
26.8394
26.907
26.9824
27.0538
27.1176
27.1671
27.1923
27.2678
27.3011
27.3341
27.3563
27.3898
27.4235
27.581
27.6407
27.79
27.9528
27.9766
28.0456
28.1914
28.3977
28.5834
28.6973
28.751
28.7941
28.8022
28.9033
28.9748
28.9907
29.0775
29.1497
29.4257
29.655
29.7079
29.7469
29.779
30.0018
30.0305
30.037
30.1847
30.3098
30.3846
30.4668
30.6166
30.6879
30.7781
31.1363
31.2499
31.3131
31.509
31.5819
31.7511
31.815
32.3
32.4411
33.1498
33.3117
33.3889
33.4448
33.4873
33.5916
34.1248
34.6138
34.6815
34.7836
34.8777
36.3112
36.3698
38.3373
38.4434
39.8304
39.8948
45.3498
