-22.6851
-20.7846
-19.2389
-19.2389
-19.2389
-19.2389
-17.5251
-17.5251
-17.2128
-13.9676
-13.9676
-13.8564
-13.8564
-13.8564
-13.8564
-13.5251
-13.5251
-12.4005
-12.3107
-12.3107
-12.1094
-12.1094
-10.9282
-10.9282
-10.9282
-10.9282
-10.583
-10.583
-9.85641
-9.85641
-9.85641
-9.85641
-9.83437
-9.83437
-9.83437
-9.83437
-9.65685
-9.65685
-9.65685
-9.65685
-8.82872
-8.58506
-8.58506
-8.58506
-8.58506
-8.31073
-8.31073
-8.31073
-8.31073
-7.87846
-7.87846
-6.9282
-6.9282
-6.9282
-6.9282
-6.9282
-6.9282
-6.9282
-6.9282
-6.58301
-6.58301
-5.98642
-5.98642
-5.85641
-5.85641
-5.38253
-5.38253
-5.38253
-5.38253
-5.1423
-5.1423
-5.01584
-5.01584
-4.58506
-4.58506
-4.58506
-4.58506
-4.56302
-4.56302
-4.31073
-4.31073
-4.02203
-4.02203
-4.02203
-4.02203
-4
-4
-4
-4
-4
-4
-4
-4
-3.3564
-3.31371
-3.31371
-2.9282
-2.9282
-2.9282
-2.9282
-2.9282
-2.9282
-2.9282
-2.9282
-2.90617
-2.90617
-2.73616
-2.73616
-2.65388
-2.65388
-1.9263
-1.9263
-1.65685
-1.65685
-1.45588
-1.01584
-1.01584
-0.795649
-0.795649
0
0
0
0
0
0
0
0
0
0
0
0
0
0
0
0
0
0
0
0
0
0
0
1.0718
1.0718
1.0718
1.0718
1.0718
1.0718
1.09383
1.09383
1.09383
1.09383
1.24932
1.24932
1.45588
1.65685
1.65685
1.65685
1.65685
1.9263
1.9263
2.0737
2.0737
2.34315
2.34315
2.34315
2.34315
2.67271
2.67271
2.72865
2.72865
2.72865
2.72865
2.73616
2.73616
2.90617
2.90617
2.9282
2.9282
2.9282
2.9282
3.3564
4
4
4
4
4
4
4
4
4
4
4
4
4
4
4
4
4
4
4.02203
4.02203
4.02203
4.02203
5.01584
5.01584
5.0718
5.0718
5.0718
5.0718
5.0718
5.0718
5.09383
5.09383
5.1423
5.1423
5.27135
5.27135
5.27135
5.27135
5.32729
5.32729
5.38253
5.38253
5.38253
5.38253
5.9263
5.9263
6.34315
6.34315
6.34315
6.34315
6.72865
6.72865
6.72865
6.72865
6.75068
6.75068
6.90617
6.90617
6.90617
6.90617
6.9282
6.9282
6.9282
6.9282
6.9282
6.9282
6.9282
6.9282
7.87846
7.87846
8
8
8
8
8
8
8
8
8
8
8.79565
8.79565
8.82872
9.01584
9.01584
9.27135
9.27135
9.27135
9.27135
9.65685
9.65685
9.83437
9.83437
9.83437
9.83437
10.583
10.583
10.6539
10.6539
10.9062
10.9062
10.9282
10.9282
10.9282
10.9282
10.9282
10.9282
10.9282
10.9282
12
12
12.3107
12.3107
12.4005
12.563
12.563
13.6569
13.6569
13.6569
13.6569
13.8564
13.8564
13.8564
13.8564
13.9864
13.9864
14.583
14.583
14.9282
14.9282
14.9282
14.9282
14.9282
14.9282
16
16
16.3107
16.3107
16.3107
16.3107
16.5851
16.5851
16.5851
16.5851
17.2128
17.5251
17.5251
17.6569
17.6569
17.6569
17.6569
17.8564
17.8564
17.8564
17.8564
18.9282
18.9282
18.9282
18.9282
18.9282
18.9282
19.2389
19.2389
19.2389
19.2389
19.3137
19.3137
20.1094
20.1094
20.3107
20.3107
20.5851
20.5851
20.5851
20.5851
20.7846
21.5251
21.5251
21.8564
21.8564
21.9676
21.9676
22.6851
