-29.8358
-29.8343
-29.6127
-29.6116
-27.8192
-27.8187
-27.7121
-26.1666
-26.1661
-26.1656
-26.1651
-24.6205
-24.6199
-24.4526
-24.4521
-24.4517
-24.4512
-24.1423
-24.1412
-23.313
-23.3126
-22.8955
-22.8949
-22.6836
-22.683
-22.3824
-20.8959
-20.8955
-20.8952
-20.8948
-20.7844
-20.7841
-20.7832
-20.7827
-20.6208
-20.62
-20.5917
-20.584
-20.4678
-20.4664
-20.4528
-20.4521
-20.4163
-20.4133
-19.4657
-19.4549
-19.3308
-19.3208
-19.2417
-19.2416
-19.2385
-19.2384
-19.2379
-19.2373
-19.237
-19.2365
-19.2004
-19.1998
-19.1813
-19.1805
-19.1513
-19.1502
-19.0372
-19.0364
-19.0358
-19.0349
-18.6842
-18.6841
-18.6823
-18.6821
-18.6565
-18.6558
-18.2428
-17.8595
-17.8586
-17.8575
-17.8567
-17.5235
-17.523
-17.5134
-17.5127
-17.512
-17.5113
-17.3266
-17.3264
-17.2545
-17.2543
-17.2128
-17.2122
-16.8138
-16.8132
-16.7868
-16.7866
-16.7697
-16.7686
-16.7352
-16.7344
-16.5875
-16.5867
-16.5863
-16.5856
-16.5853
-16.5851
-16.5849
-16.5847
-16.5756
-16.5752
-16.3136
-16.3128
-16.3124
-16.3118
-16.3116
-16.3112
-16.3108
-16.3103
-15.7724
-15.7576
-15.7555
-15.7552
-15.7412
-15.7265
-15.7214
-15.704
-15.5123
-15.5118
-15.5116
-15.5111
-15.3188
-15.3158
-15.261
-15.2599
-15.2538
-15.2533
-15.2386
-15.2383
-15.238
-15.2378
-15.224
-15.2211
-15.2112
-15.2055
-15.2015
-15.1997
-15.1969
-15.1956
-15.1625
-15.1553
-15.1472
-15.1426
-14.8066
-14.8063
-14.806
-14.8049
-14.6648
-14.6638
-14.6192
-14.6183
-14.3866
-14.2373
-14.2343
-14.0812
-14.0805
-14.0803
-14.0797
-13.9661
-13.9658
-13.9653
-13.9649
-13.8629
-13.8616
-13.8572
-13.8568
-13.8561
-13.856
-13.8559
-13.8558
-13.8557
-13.8557
-13.8554
-13.8548
-13.8543
-13.7667
-13.766
-13.5269
-13.5265
-13.5252
-13.5249
-13.5246
-13.5243
-13.5123
-13.5118
-13.4759
-13.4756
-13.2665
-13.2654
-13.2573
-13.2545
-13.2138
-13.2136
-13.2121
-13.2119
-12.9993
-12.9939
-12.9173
-12.9168
-12.9165
-12.9159
-12.7873
-12.7852
-12.5878
-12.5865
-12.4054
-12.4031
-12.3144
-12.3138
-12.313
-12.3118
-12.3114
-12.3109
-12.3103
-12.31
-12.3096
-12.3095
-12.3094
-12.3093
-12.3092
-12.3088
-12.3087
-12.3086
-12.2544
-12.2542
-12.246
-12.2456
-12.2394
-12.2387
-12.2298
-12.2296
-12.1053
-12.1037
-12.0721
-12.0715
-12.0709
-12.0699
-11.984
-11.9839
-11.945
-11.945
-11.9434
-11.9434
-11.7298
-11.7272
-11.5366
-11.5358
-11.5145
-11.5137
-11.4988
-11.4978
-11.4701
-11.4691
-11.3137
-11.3127
-11.3052
-11.3049
-11.2693
-11.2641
-11.2564
-11.2515
-11.2463
-11.2442
-11.2417
-11.2394
-11.2208
-11.2183
-11.2174
-11.212
-11.2047
-11.1949
-11.1734
-11.173
-11.1528
-11.1513
-11.0726
-10.9793
-10.9791
-10.9596
-10.9594
-10.9334
-10.9319
-10.9303
-10.93
-10.9292
-10.929
-10.9289
-10.9287
-10.9286
-10.9284
-10.9282
-10.9282
-10.928
-10.9272
-10.9268
-10.9267
-10.9211
-10.9209
-10.9004
-10.9003
-10.6549
-10.6521
-10.6003
-10.6
-10.5965
-10.5962
-10.5841
-10.5832
-10.4733
-10.4726
-10.47
-10.4699
-10.3853
-10.3844
-10.3717
-10.3702
-10.37
-10.3689
-10.2951
-10.2847
-10.2842
-10.2838
-10.2389
-10.2384
-10.2378
-10.2373
-10.2327
-10.0964
-10.0823
-10.0815
-10.08
-10.0701
-10.0531
-9.96752
-9.96728
-9.96705
-9.96681
-9.96681
-9.96657
-9.96633
-9.96609
-9.88
-9.87928
-9.87226
-9.87191
-9.87149
-9.87116
-9.85777
-9.85736
-9.85644
-9.85611
-9.85595
-9.85562
-9.84254
-9.84105
-9.82191
-9.82079
-9.82043
-9.81929
-9.81359
-9.81243
-9.6711
-9.66974
-9.66437
-9.66308
-9.65714
-9.65669
-9.65092
-9.65014
-9.64919
-9.64877
-9.57877
-9.57819
-9.57784
-9.57726
-9.53251
-9.53174
-9.53139
-9.53062
-9.52676
-9.52664
-9.52612
-9.52599
-9.40426
-9.40402
-9.40254
-9.40229
-9.27108
-9.26987
-9.13863
-9.13804
-9.13798
-9.13746
-8.86619
-8.8582
-8.85566
-8.85541
-8.85503
-8.85478
-8.82714
-8.82673
-8.75907
-8.75595
-8.5841
-8.58391
-8.58361
-8.58342
-8.58245
-8.58218
-8.58169
-8.58141
-8.5259
-8.40454
-8.40407
-8.40206
-8.40158
-8.38586
-8.38547
-8.31244
-8.31134
-8.31089
-8.31073
-8.31028
-8.31017
-8.30069
-8.29904
-8.29829
-8.29674
-8.14852
-8.145
-8.10866
-8.10798
-8.10748
-8.1068
-8.00568
-8.00285
-8.00132
-7.99941
-7.9617
-7.95988
-7.94432
-7.94306
-7.92774
-7.92369
-7.92306
-7.91993
-7.90994
-7.90755
-7.88115
-7.8771
-7.8769
-7.87649
-7.8654
-7.86497
-7.86239
-7.86167
-7.84996
-7.84763
-7.7342
-7.72817
-7.72775
-7.72631
-7.72576
-7.72558
-7.72501
-7.72412
-7.67799
-7.67445
-7.64457
-7.63907
-7.47798
-7.47685
-7.29903
-7.29848
-7.28088
-7.28053
-7.28
-7.27964
-7.08189
-7.08045
-7.03847
-7.0376
-7.03619
-7.03532
-6.97035
-6.95414
-6.94695
-6.94519
-6.94509
-6.94496
-6.94449
-6.94328
-6.943
-6.94265
-6.94148
-6.93873
-6.93575
-6.93543
-6.93482
-6.93433
-6.93336
-6.93261
-6.93226
-6.93122
-6.93071
-6.92979
-6.92967
-6.92947
-6.92942
-6.9289
-6.92865
-6.92844
-6.92829
-6.9282
-6.92811
-6.9281
-6.92806
-6.92792
-6.9277
-6.92769
-6.92731
-6.92726
-6.92723
-6.92718
-6.92668
-6.92665
-6.92608
-6.92543
-6.92008
-6.91118
-6.90334
-6.89503
-6.89277
-6.89269
-6.891
-6.89051
-6.88988
-6.88866
-6.88754
-6.88583
-6.72623
-6.72502
-6.67333
-6.67223
-6.67059
-6.66947
-6.60641
-6.60438
-6.59831
-6.59612
-6.5851
-6.58468
-6.58277
-6.58235
-6.47335
-6.4729
-6.47148
-6.47137
-6.47078
-6.46984
-6.46826
-6.46764
-6.07282
-6.07053
-6.05051
-6.04814
-6.0472
-6.04523
-5.98718
-5.98626
-5.9445
-5.92913
-5.89932
-5.89802
-5.87923
-5.87819
-5.86387
-5.86193
-5.86083
-5.86008
-5.85889
-5.84718
-5.84536
-5.84482
-5.84357
-5.84178
-5.82749
-5.82551
-5.81521
-5.81378
-5.78734
-5.78589
-5.77334
-5.77217
-5.77178
-5.77016
-5.69916
-5.69749
-5.68021
-5.67915
-5.67135
-5.65849
-5.65813
-5.65811
-5.65771
-5.65727
-5.65633
-5.65607
-5.65572
-5.65549
-5.65517
-5.65464
-5.6543
-5.65087
-5.65032
-5.64995
-5.64982
-5.64725
-5.64694
-5.64214
-5.6411
-5.63017
-5.47911
-5.47837
-5.47433
-5.47164
-5.40472
-5.4043
-5.40313
-5.40271
-5.38339
-5.38289
-5.38251
-5.3825
-5.38234
-5.38202
-5.37987
-5.37968
-5.27872
-5.27822
-5.27582
-5.27443
-5.2722
-5.272
-5.27171
-5.27159
-5.26508
-5.26462
-5.20449
-5.20252
-5.18175
-5.18095
-5.18031
-5.17952
-5.14268
-5.14255
-5.14152
-5.14117
-5.13923
-5.1386
-5.13684
-5.13497
-5.02598
-5.0254
-5.02453
-5.02407
-5.01919
-5.01724
-5.00315
-4.99946
-4.99885
-4.99795
-4.9937
-4.99287
-4.96179
-4.87142
-4.87034
-4.85561
-4.85438
-4.82927
-4.82926
-4.82663
-4.82662
-4.81929
-4.81856
-4.79834
-4.79722
-4.61432
-4.6139
-4.60003
-4.59986
-4.59915
-4.59899
-4.5845
-4.5843
-4.58424
-4.58403
-4.58398
-4.58372
-4.58364
-4.58337
-4.54853
-4.54805
-4.54717
-4.5467
-4.38606
-4.33942
-4.33804
-4.32668
-4.32615
-4.31331
-4.31285
-4.31249
-4.31203
-4.30564
-4.30291
-4.2568
-4.2557
-4.2547
-4.25366
-4.19776
-4.19728
-4.19697
-4.19648
-4.19628
-4.19578
-4.19485
-4.19339
-4.11144
-4.11049
-4.04095
-4.04082
-4.02411
-4.02392
-4.02224
-4.02205
-4.01575
-4.01571
-4.00435
-4.00401
-4.00281
-4.00247
-4.00238
-4.00217
-4.00159
-4.00125
-4.00074
-4.00068
-4.00045
-4.00033
-4.00008
-3.99977
-3.99931
-3.99881
-3.99781
-3.99773
-3.98308
-3.98295
-3.88344
-3.88045
-3.87987
-3.87973
-3.87956
-3.87696
-3.87679
-3.87676
-3.85302
-3.84623
-3.79292
-3.79287
-3.79163
-3.79154
-3.72908
-3.72487
-3.67207
-3.67131
-3.65663
-3.65651
-3.62453
-3.61787
-3.61444
-3.60806
-3.58416
-3.58185
-3.58153
-3.57993
-3.57986
-3.57907
-3.5779
-3.5736
-3.57297
-3.57047
-3.35565
-3.35543
-3.33929
-3.33517
-3.30728
-3.30614
-3.20532
-3.20475
-3.07258
-2.97499
-2.97316
-2.96938
-2.96728
-2.95709
-2.95595
-2.95015
-2.94869
-2.94709
-2.94565
-2.9451
-2.94469
-2.94052
-2.93926
-2.93846
-2.93727
-2.93299
-2.93277
-2.93225
-2.93152
-2.93117
-2.93107
-2.93047
-2.93026
-2.93018
-2.93008
-2.92964
-2.9296
-2.9294
-2.92921
-2.9292
-2.92906
-2.92888
-2.92875
-2.92859
-2.9285
-2.92849
-2.9284
-2.9282
-2.92812
-2.92769
-2.9275
-2.92664
-2.92564
-2.91454
-2.91065
-2.91018
-2.90841
-2.89728
-2.89594
-2.89428
-2.89325
-2.89273
-2.89255
-2.88784
-2.88627
-2.87999
-2.87803
-2.86536
-2.86352
-2.78858
-2.73883
-2.7382
-2.73786
-2.73724
-2.72955
-2.72936
-2.72856
-2.72833
-2.72693
-2.72507
-2.72137
-2.72113
-2.72024
-2.72002
-2.65255
-2.65198
-2.65174
-2.65117
-2.58459
-2.58427
-2.58216
-2.58188
-2.57127
-2.56979
-2.47369
-2.47254
-2.4703
-2.46854
-2.45841
-2.45242
-2.44947
-2.44806
-2.25664
-2.25499
-2.25346
-2.25195
-2.22991
-2.22958
-2.22933
-2.2266
-2.13656
-2.11567
-2.07105
-2.0695
-2.06695
-2.04078
-2.03885
-2.03793
-1.99068
-1.99022
-1.98809
-1.98764
-1.93398
-1.931
-1.9288
-1.92809
-1.92787
-1.92675
-1.92144
-1.92027
-1.91444
-1.89867
-1.89626
-1.89582
-1.87999
-1.87779
-1.87698
-1.87465
-1.86105
-1.85848
-1.85646
-1.85364
-1.84831
-1.84389
-1.83098
-1.82833
-1.82479
-1.82264
-1.82145
-1.81902
-1.79445
-1.79346
-1.78849
-1.78288
-1.78253
-1.78029
-1.77273
-1.77246
-1.77064
-1.76176
-1.73424
-1.72719
-1.72622
-1.72518
-1.72489
-1.72387
-1.66136
-1.66062
-1.65995
-1.65971
-1.65941
-1.65927
-1.65878
-1.65792
-1.65773
-1.65744
-1.6572
-1.65688
-1.65658
-1.65633
-1.65603
-1.65591
-1.65577
-1.65568
-1.65544
-1.65511
-1.65433
-1.65429
-1.65423
-1.65401
-1.65381
-1.65378
-1.65332
-1.65259
-1.65215
-1.65132
-1.65106
-1.64832
-1.64809
-1.64341
-1.59187
-1.58959
-1.58032
-1.57797
-1.53679
-1.53612
-1.53332
-1.53099
-1.5289
-1.52816
-1.52783
-1.52739
-1.4532
-1.45049
-1.38991
-1.38926
-1.38894
-1.38829
-1.38344
-1.3828
-1.38247
-1.38183
-1.27593
-1.27256
-1.18264
-1.18227
-1.14442
-1.1442
-1.14317
-1.14311
-1.14198
-1.14176
-1.14148
-1.14141
-1.0958
-1.0949
-1.09466
-1.09428
-1.09375
-1.0931
-1.08578
-1.08477
-1.02159
-1.01946
-1.01862
-1.01796
-1.01627
-1.01582
-0.999275
-0.996141
-0.965977
-0.963128
-0.953994
-0.953582
-0.950707
-0.948196
-0.92635
-0.926098
-0.925399
-0.925143
-0.854486
-0.85438
-0.800086
-0.798235
-0.710461
-0.709614
-0.705845
-0.704728
-0.639077
-0.637648
-0.637175
-0.636451
-0.61104
-0.610496
-0.610024
-0.609486
-0.598708
-0.598232
-0.597744
-0.597287
-0.58631
-0.584116
-0.581669
-0.579621
-0.550929
-0.550087
-0.549563
-0.548722
-0.540608
-0.539814
-0.539312
-0.538517
-0.528524
-0.315295
-0.314733
-0.314331
-0.313769
-0.308586
-0.30806
-0.278183
-0.273202
-0.226763
-0.22517
-0.20154
-0.199465
-0.184568
-0.181384
-0.158476
-0.155943
-0.110325
-0.109822
-0.0505074
-0.0499806
-0.0428488
-0.0424362
-0.037353
-0.0367328
-0.0328508
-0.0323889
-0.0244966
-0.024162
-0.0171669
-0.0165372
-0.0134093
-0.0121123
-0.00835442
-0.00804407
-0.00711556
-0.00692887
-0.00670923
-0.00652728
-0.00551581
-0.0050512
-0.00487531
-0.00375753
-0.00355239
-0.00314466
-0.0026869
-0.00266208
-0.00245276
-0.00219076
-0.00183956
-0.00140402
-0.00138812
-0.00123556
-0.00108771
-0.00103706
-0.000936355
-0.000855818
-0.000810133
-0.000675718
-0.000559897
-0.000483321
-0.000449955
-0.000282143
-0.000106225
0
2.5093e-05
7.68657e-05
0.0001394
0.000289591
0.000459062
0.000491673
0.000931649
0.0013344
0.00164587
0.0020439
0.00206983
0.00286468
0.00397041
0.0044609
0.00726539
0.00768587
0.00803593
0.00853999
0.00888063
0.00938835
0.0117423
0.0126941
0.012969
0.0147518
0.0153109
0.0182286
0.0188888
0.023666
0.0244864
0.0321602
0.0325031
0.110167
0.11047
0.142788
0.143657
0.270033
0.270481
0.271888
0.276732
0.278314
0.28139
0.329505
0.330729
0.33915
0.343247
0.392302
0.395911
0.406904
0.408859
0.625277
0.634661
0.63487
0.639953
0.641039
0.641798
0.642336
0.645066
0.649418
0.652346
0.689874
0.69046
0.690841
0.691443
0.857869
0.860514
0.925491
0.925817
0.939047
0.939271
0.943912
0.9441
0.947711
0.949099
0.976279
0.980452
1.0162
1.01927
1.04142
1.04278
1.04415
1.05501
1.05636
1.06097
1.06446
1.06592
1.06749
1.06917
1.06985
1.07014
1.07081
1.07249
1.07268
1.07296
1.07315
1.07342
1.07482
1.07502
1.07528
1.07548
1.09149
1.09276
1.09356
1.09794
1.10018
1.10294
1.10489
1.10493
1.11318
1.11502
1.13448
1.13555
1.13605
1.13691
1.17379
1.1838
1.25146
1.25156
1.25207
1.25215
1.25993
1.26094
1.26114
1.26213
1.26334
1.26413
1.26442
1.2652
1.26786
1.27066
1.33867
1.33932
1.3396
1.34024
1.34697
1.3476
1.3479
1.34853
1.44547
1.4546
1.53839
1.53922
1.53952
1.54033
1.64874
1.65393
1.6546
1.6554
1.65647
1.66364
1.72162
1.7217
1.72219
1.72242
1.73529
1.73655
1.76806
1.76861
1.77062
1.77107
1.78179
1.78417
1.78497
1.78641
1.83771
1.83975
1.86513
1.8681
1.90629
1.90717
1.90795
1.90937
1.91272
1.91493
1.93215
1.93292
1.93488
1.9389
1.95992
1.96179
2.0058
2.00847
2.04318
2.06044
2.06485
2.06669
2.06925
2.07027
2.07142
2.07243
2.07929
2.08642
2.09147
2.09786
2.12644
2.13034
2.16707
2.25139
2.25196
2.25276
2.25405
2.30145
2.30306
2.32354
2.32482
2.33602
2.33791
2.34017
2.34199
2.34337
2.34342
2.34376
2.34384
2.34452
2.34486
2.34491
2.34578
2.34799
2.35692
2.37887
2.37996
2.40514
2.40626
2.46911
2.46955
2.47139
2.47224
2.47237
2.47305
2.47366
2.47565
2.5403
2.54219
2.54266
2.54473
2.57108
2.57121
2.60349
2.60436
2.61236
2.61321
2.64124
2.64194
2.64222
2.64292
2.66792
2.66938
2.72775
2.72812
2.72873
2.72911
2.72932
2.73021
2.73078
2.73239
2.73408
2.73445
2.73632
2.73741
2.77078
2.88706
2.8873
2.88763
2.88789
2.89961
2.90333
2.90396
2.9043
2.90564
2.90602
2.90633
2.90643
2.90674
2.90692
2.90719
2.90809
2.92336
2.92401
2.92482
2.9253
2.92603
2.92611
2.92637
2.92708
2.92762
2.92763
2.92822
2.92827
2.92855
2.92907
2.92949
2.9436
2.94483
2.94505
2.94546
2.94569
2.97604
2.97834
2.98031
2.9826
3.19696
3.19901
3.20205
3.20285
3.2049
3.20522
3.28984
3.29209
3.29472
3.29682
3.33411
3.33517
3.34902
3.34974
3.35461
3.3548
3.3553
3.35654
3.4076
3.41196
3.41929
3.42353
3.53943
3.57495
3.58849
3.59005
3.59227
3.59373
3.62019
3.6203
3.62088
3.62287
3.62342
3.65371
3.65431
3.65543
3.65602
3.67131
3.6774
3.67865
3.69697
3.72901
3.73146
3.7343
3.73573
3.74007
3.74251
3.78502
3.78744
3.79186
3.79442
3.94173
3.94857
3.95259
3.95342
3.95501
3.96
3.96083
3.96274
3.96661
3.96741
3.97373
3.97563
3.97576
3.97602
3.97704
3.97717
3.97863
3.98111
3.98249
3.98367
3.98523
3.98645
3.98855
3.98966
3.99036
3.99121
3.99155
3.99176
3.99265
3.99401
3.99417
3.9945
3.99495
3.99541
3.99547
3.99555
3.99583
3.99595
3.99599
3.99622
3.99653
3.99668
3.99671
3.99696
3.99707
3.99714
3.99727
3.99741
3.99743
3.9977
3.99804
3.99817
3.99821
3.99851
3.99879
3.99899
3.99923
3.99933
3.9995
3.99965
3.9999
4.00021
4.00055
4.00087
4.00188
4.00232
4.00297
4.00364
4.00617
4.00685
4.00702
4.00703
4.01318
4.0136
4.01453
4.01823
4.01902
4.01971
4.0251
4.02976
4.03049
4.03062
4.03115
4.03271
4.03824
4.03957
4.04125
4.04241
4.05667
4.05907
4.19071
4.19143
4.19202
4.19249
4.25166
4.25249
4.27734
4.27815
4.32967
4.33013
4.33295
4.33342
4.3897
4.58381
4.58758
4.60252
4.6041
4.6321
4.63782
4.64174
4.64399
4.65685
4.65853
4.68733
4.68819
4.79697
4.80007
4.83105
4.83527
4.98684
4.99361
4.9976
4.99873
4.99875
5.00024
5.00143
5.00451
5.02371
5.02481
5.02488
5.02639
5.03337
5.03501
5.04472
5.04634
5.05716
5.05979
5.06593
5.06798
5.06898
5.06943
5.07457
5.08931
5.10855
5.11059
5.11854
5.12054
5.13183
5.133
5.13351
5.13535
5.13781
5.14043
5.14429
5.15772
5.20433
5.24972
5.24986
5.24987
5.25003
5.2506
5.25073
5.25076
5.2509
5.26796
5.26924
5.27136
5.27168
5.27202
5.27215
5.27278
5.27334
5.27439
5.27452
5.34538
5.34808
5.38832
5.38927
5.38971
5.39061
5.39172
5.39262
5.39528
5.39638
5.44178
5.44396
5.44524
5.45016
5.45172
5.46006
5.47213
5.47491
5.62028
5.63022
5.63978
5.64214
5.64667
5.64784
5.64855
5.6509
5.65095
5.65368
5.6541
5.65599
5.65655
5.65668
5.65673
5.65753
5.65761
5.6597
5.65978
5.66128
5.66563
5.66703
5.66942
5.67084
5.68354
5.68388
5.814
5.81415
5.90013
5.90605
5.90994
5.91582
5.92599
5.9314
5.93207
5.93299
5.9346
5.94012
6.02706
6.03408
6.03915
6.04722
6.06736
6.06866
6.07003
6.07131
6.07236
6.07675
6.08315
6.08346
6.08839
6.09026
6.13127
6.13338
6.14875
6.14973
6.3401
6.34031
6.3413
6.34152
6.34519
6.34791
6.46228
6.46683
6.47085
6.47225
6.66402
6.66574
6.66949
6.67115
6.70507
6.7064
6.70721
6.70852
6.72167
6.72322
6.72381
6.72492
6.72669
6.72776
6.72887
6.72925
6.72963
6.73089
6.73099
6.73173
6.73293
6.73323
6.735
6.73612
6.75929
6.76137
6.76257
6.76471
6.87858
6.89761
6.89875
6.90349
6.90423
6.90475
6.90526
6.90576
6.90644
6.91109
6.9112
6.91635
6.91648
6.91695
6.91734
6.91768
6.9185
6.9186
6.9189
6.91946
6.91973
6.92034
6.92051
6.92077
6.92161
6.92238
6.92256
6.92281
6.923
6.92307
6.92403
6.92503
6.92556
6.9263
6.92682
6.927
6.92745
6.92772
6.92782
6.92813
6.92861
6.92868
6.92886
6.92893
6.92929
6.92976
6.93013
6.93034
6.9316
6.93278
6.93972
6.94678
6.95737
6.97135
7.05416
7.05488
7.06139
7.06235
7.08024
7.08032
7.13747
7.139
7.17475
7.17951
7.18016
7.1869
7.1941
7.20112
7.26336
7.27355
7.27704
7.27806
7.28344
7.30173
7.32313
7.34775
7.34977
7.35002
7.35845
7.36062
7.36979
7.37208
7.47753
7.48049
7.6358
7.63828
7.65315
7.65581
7.68066
7.68823
7.72279
7.72459
7.72477
7.72829
7.73044
7.73212
7.73335
7.73395
7.84857
7.85193
7.87189
7.87529
7.91455
7.9154
7.91899
7.92425
7.92883
7.92906
7.94242
7.94479
7.95621
7.95858
7.96126
7.96307
7.97572
7.97732
7.98467
7.98642
7.98707
7.98869
7.98917
7.98942
7.9903
7.99154
7.99194
7.99208
7.99221
7.99234
7.99301
7.99336
7.99381
7.99391
7.99404
7.99525
7.99582
7.99625
7.99652
7.99714
7.99811
7.99838
7.99866
7.99945
7.99979
7.99981
8.0007
8.00081
8.00177
8.00178
8.00195
8.00214
8.00233
8.00369
8.00431
8.0069
8.01396
8.01693
8.02181
8.02283
8.02307
8.02441
8.02456
8.02552
8.027
8.02923
8.0334
8.03558
8.05536
8.05775
8.06077
8.06324
8.17949
8.18043
8.1819
8.18278
8.28262
8.2831
8.28361
8.28481
8.31639
8.31837
8.31837
8.32033
8.32718
8.32749
8.32823
8.32937
8.36117
8.38032
8.53008
8.5779
8.58148
8.58317
8.58445
8.58487
8.58917
8.58971
8.59221
8.59698
8.61251
8.68131
8.68918
8.70456
8.7098
8.73118
8.74922
8.76183
8.77291
8.83304
8.84886
8.85424
8.85566
8.8582
8.86341
8.86786
8.87077
8.87445
8.89212
8.928
8.92832
8.92938
8.92971
8.99113
8.99431
8.99955
8.99978
9.00243
9.00623
9.01658
9.02347
9.02515
9.02699
9.03607
9.0379
9.0541
9.0553
9.06378
9.06657
9.06967
9.0843
9.11249
9.11466
9.12268
9.12491
9.12517
9.13139
9.13678
9.13845
9.14532
9.14887
9.1517
9.16385
9.26362
9.26416
9.2651
9.26587
9.27013
9.2708
9.27132
9.27181
9.27216
9.2722
9.27293
9.27395
9.33422
9.33685
9.34212
9.34493
9.36662
9.36808
9.37251
9.37424
9.38653
9.38773
9.39098
9.39243
9.42017
9.42235
9.42786
9.43014
9.5193
9.51965
9.52176
9.5221
9.59585
9.59763
9.59976
9.6015
9.61664
9.61681
9.63017
9.63039
9.63146
9.63167
9.63474
9.63943
9.64472
9.64599
9.64712
9.64855
9.64978
9.65174
9.65195
9.65256
9.65327
9.65385
9.65481
9.65639
9.65663
9.65699
9.65713
9.65787
9.65804
9.65879
9.65937
9.66006
9.66073
9.66237
9.66353
9.66416
9.66569
9.6677
9.66872
9.67344
9.70612
9.70736
9.81279
9.81359
9.83333
9.83396
9.83436
9.83498
9.83577
9.83612
9.83663
9.83702
9.84436
9.84579
9.84794
9.84919
9.91904
9.9242
9.92961
9.93491
10.0337
10.0339
10.0512
10.0547
10.0828
10.0833
10.1261
10.1264
10.2822
10.2851
10.2922
10.2939
10.3366
10.3371
10.3379
10.3383
10.3667
10.3689
10.3866
10.3881
10.392
10.3945
10.5809
10.582
10.6476
10.6481
10.6488
10.6493
10.6548
10.6558
10.6603
10.6607
10.6611
10.6622
10.6626
10.6668
10.6872
10.6889
10.6909
10.6926
10.7049
10.7065
10.7088
10.7104
10.7261
10.7268
10.7296
10.7304
10.7528
10.755
10.7585
10.7607
10.7618
10.764
10.7677
10.77
10.7754
10.8696
10.8722
10.8926
10.8945
10.8951
10.9002
10.9016
10.9024
10.9029
10.9036
10.9053
10.9079
10.9093
10.9127
10.9134
10.914
10.9142
10.9143
10.915
10.9157
10.9162
10.9165
10.9176
10.9188
10.9198
10.921
10.9215
10.9221
10.923
10.9232
10.9241
10.9245
10.9247
10.9248
10.925
10.9254
10.926
10.9265
10.9267
10.9269
10.9277
10.9284
10.9291
10.931
10.9347
10.9388
10.9468
10.9481
10.9518
10.9533
10.9541
10.9612
10.9869
10.9896
11.0663
11.168
11.1745
11.186
11.1925
11.2383
11.2406
11.282
11.2875
11.316
11.3303
11.3601
11.3742
11.4886
11.4925
11.5712
11.5772
11.5892
11.5937
11.5971
11.6017
11.6048
11.6088
11.7231
11.7303
11.8328
11.8362
11.8553
11.8574
11.8586
11.8608
11.8791
11.8825
11.8998
11.9069
11.9322
11.9446
11.9457
11.9494
11.9514
11.9622
11.9734
11.9741
11.9801
11.9842
11.9848
11.9859
11.9879
11.9885
11.9891
11.9896
11.9898
11.9914
11.9921
11.9931
11.9935
11.9951
11.9965
11.9969
11.9982
11.9989
12.0005
12.0012
12.0034
12.0037
12.0085
12.0111
12.0153
12.0168
12.0195
12.0208
12.0237
12.0267
12.0269
12.0345
12.0479
12.05
12.0534
12.0544
12.0573
12.0601
12.062
12.0665
12.0668
12.0764
12.1915
12.1924
12.1939
12.195
12.2128
12.219
12.2564
12.2582
12.2666
12.2698
12.2756
12.2774
12.2844
12.2883
12.2936
12.2986
12.3026
12.31
12.3118
12.3125
12.3139
12.3143
12.3147
12.3159
12.316
12.3215
12.3308
12.3323
12.334
12.3344
12.3355
12.3359
12.3755
12.3762
12.3768
12.3776
12.3971
12.4013
12.4253
12.5641
12.5649
12.5903
12.5908
12.5946
12.606
12.6727
12.6909
12.701
12.7201
12.7398
12.7586
12.7616
12.7785
12.8234
12.8311
12.8372
12.8491
12.8503
12.857
12.8598
12.8737
13.0018
13.0054
13.0275
13.0296
13.035
13.0471
13.0509
13.0605
13.2558
13.2565
13.257
13.2577
13.2623
13.2624
13.2655
13.2663
13.2668
13.2678
13.2809
13.2821
13.2872
13.2882
13.2948
13.295
13.2957
13.2959
13.3226
13.3319
13.3485
13.3551
13.3676
13.3725
13.395
13.3985
13.4122
13.4185
13.4254
13.4308
13.4339
13.4349
13.4917
13.4926
13.5789
13.6042
13.6109
13.6167
13.6205
13.6255
13.6281
13.6343
13.6417
13.6432
13.6479
13.6508
13.6523
13.656
13.6574
13.6595
13.6636
13.6682
13.6849
13.7197
13.7227
13.7273
13.8266
13.8271
13.8276
13.8281
13.8316
13.8328
13.8334
13.8339
13.8344
13.8349
13.8414
13.8421
13.8429
13.8478
13.8545
13.8552
13.8556
13.8563
13.8567
13.8579
13.873
13.9861
13.9874
14.046
14.0628
14.2301
14.2646
14.3331
14.3342
14.5773
14.5786
14.581
14.5823
14.6203
14.6224
14.642
14.6448
14.6453
14.6476
14.6496
14.6503
14.651
14.6552
14.6588
14.6595
14.6604
14.6611
14.6622
14.6673
14.6688
14.6723
14.677
14.6844
14.7128
14.7158
14.7304
14.7327
14.7632
14.7864
14.7919
14.8055
14.8661
14.8833
14.8914
14.8966
14.899
14.9001
14.9005
14.9015
14.9037
14.9044
14.9049
14.9049
14.9056
14.9059
14.9073
14.913
14.9153
14.917
14.9214
14.9226
14.9238
14.925
14.9298
14.9302
14.9309
14.9311
14.9444
14.9448
14.945
14.9465
14.9481
14.9933
14.9987
15.0114
15.0194
15.05
15.0537
15.0886
15.1867
15.191
15.1957
15.2002
15.2132
15.2146
15.2254
15.2263
15.5395
15.5652
15.587
15.5981
15.5985
15.6134
15.6938
15.7185
15.7365
15.74
15.7907
15.7999
15.8208
15.8316
15.8649
15.8684
15.9157
15.9219
15.9226
15.9286
15.9292
15.9309
15.937
15.9376
15.9593
15.975
15.9789
15.981
15.984
15.9857
15.9904
15.9926
16.0126
16.0516
16.1797
16.182
16.1905
16.1931
16.2669
16.2995
16.3011
16.3102
16.3118
16.3228
16.3766
16.3804
16.3826
16.3903
16.5534
16.555
16.5557
16.5568
16.5637
16.5647
16.58
16.5808
16.5817
16.5825
16.5866
16.5878
16.5887
16.5894
16.5964
16.5975
16.6162
16.7558
16.7568
16.7573
16.7583
16.8063
16.8182
17.2173
17.2189
17.2799
17.2806
17.2923
17.2929
17.3376
17.3383
17.5083
17.5096
17.5106
17.512
17.5493
17.55
17.5711
17.5727
17.5882
17.589
17.6307
17.6325
17.6423
17.644
17.645
17.6483
17.8196
17.82
17.8285
17.8287
17.8292
17.8303
17.8394
17.8411
17.8474
17.8486
17.8487
17.8499
17.8529
17.8539
17.8549
17.856
17.8562
17.8573
17.8593
17.8603
17.981
17.9826
17.9868
17.9883
18.2447
18.4186
18.4305
18.5484
18.5519
18.5737
18.5752
18.5782
18.5797
18.6622
18.6731
18.8969
18.8988
18.9091
18.911
18.9187
18.9216
18.9298
18.9315
18.9422
18.9439
19.0301
19.0854
19.0893
19.1984
19.2001
19.2036
19.2101
19.2163
19.2244
19.2375
19.2392
19.2485
19.2498
19.2979
19.2996
19.3125
19.3297
19.3319
19.3616
19.4717
19.4942
19.5051
19.5186
19.852
19.8534
19.9799
19.9819
20.2039
20.2055
20.2431
20.2445
20.25
20.2515
20.2863
20.2881
20.2996
20.3014
20.3244
20.3261
20.4842
20.4872
20.5378
20.5396
20.5508
20.5526
20.5674
20.5692
20.5783
20.5801
20.5819
20.5866
20.5875
20.5957
20.7553
20.7571
20.7783
20.7792
20.9107
20.9123
20.917
20.9186
21.2106
21.2123
21.2186
21.2203
21.5
21.5037
21.5089
21.5125
21.5537
21.5554
21.5679
21.5696
21.6197
21.6216
21.6338
21.6357
21.8132
21.815
21.8156
21.8175
21.8288
21.8307
21.8492
21.8669
21.8687
21.8835
21.9336
21.9353
21.9724
21.9742
21.9759
21.9829
22.3794
22.8513
22.8529
22.8882
22.8902
22.9029
22.9049
22.9059
22.9145
22.9163
22.9294
22.9313
22.9399
23.1803
23.1822
23.1951
23.197
23.2227
23.2246
23.237
23.2389
23.281
23.2829
23.295
23.2969
23.3412
23.343
23.449
23.4509
23.487
23.4889
23.6501
23.6533
23.9759
24.1373
24.1493
24.1837
24.1855
24.2003
24.2021
24.273
24.275
24.2889
24.2908
24.3162
24.3259
24.4154
24.4173
24.4897
24.4916
24.5221
24.5241
24.5375
24.5395
24.5469
24.5488
24.5547
24.5567
24.5698
24.5718
24.6001
24.6019
24.6281
24.63
24.7384
24.7404
24.7526
24.7546
25.5175
25.5192
25.5359
25.5378
25.5528
25.5548
25.6085
25.6253
25.7925
25.7945
25.8026
25.8092
25.8111
25.8181
25.85
25.8519
25.8659
25.8679
25.9145
25.9165
25.93
25.932
25.9558
25.9577
25.9715
25.9734
26.0772
26.0792
26.1316
26.1335
26.1852
26.1872
26.2161
26.2181
26.2917
26.8274
26.8293
26.8474
26.8492
26.8989
26.9165
27.014
27.0159
27.1187
27.1206
27.1605
27.1621
27.1624
27.1794
27.2078
27.2197
27.2216
27.2245
27.2504
27.2523
27.264
27.2693
27.2712
27.2803
27.4291
27.4455
27.4701
27.4863
27.6644
28.1632
28.1826
28.2039
28.2057
28.3922
28.4106
28.4705
28.4883
28.5259
28.5429
28.5813
28.5986
28.6076
28.6242
28.6722
28.7442
28.8088
28.8464
28.8559
28.9011
28.9285
29.4865
29.5132
29.6149
29.7611
29.7889
29.844
29.874
29.8918
29.9052
30.9108
