-49.2429 8
-43.7128 128
-39.8384 128
-38.6274 128
-34.026 128
-32.2299 384
-32 1024
-30.4338 288
-29.8564 2048
-29.3238 384
-27.7128 1792
-27.5276 256
-27.3137 2048
-24.6215 2048
-22.9282 1024
-22.8254 1024
-22.6274 768
-21.7153 256
-21.0292 128
-19.9192 2304
-19.3137 6144
-18.8091 288
-18.1231 256
-17.013 2304
-16 27264
-15.2169 4704
-14.1068 1024
-13.8564 28672
-13.4208 384
-12.3107 3072
-11.7128 128
-11.6247 8
-11.3137 12288
-10.5146 2304
-9.40456 4704
-9.0718 1024
-8 16384
-7.60845 6208
-6.9282 14336
-6.62742 128
-6.49839 256
-5.81234 2048
-4.70228 6208
-4.68629 2048
-3.59222 128
-3.31371 6144
-2.90617 3072
-2.14359 2048
-1.79611 2304
-1.11006 384
0 181224
1.11006 384
1.79611 2304
2.14359 2048
2.90617 3072
3.31371 6144
3.59222 128
4.68629 2048
4.70228 6208
5.81234 2048
6.49839 256
6.62742 128
6.9282 14336
7.60845 6208
8 16384
9.0718 1024
9.40456 4704
10.5146 2304
11.3137 12288
11.6247 8
11.7128 128
12.3107 3072
13.4208 384
13.8564 28672
14.1068 1024
15.2169 4704
16 27264
17.013 2304
18.1231 256
18.8091 288
19.3137 6144
19.9192 2304
21.0292 128
21.7153 256
22.6274 768
22.8254 1024
22.9282 1024
24.6215 2048
27.3137 2048
27.5276 256
27.7128 1792
29.3238 384
29.8564 2048
30.4338 288
32 1024
32.2299 384
34.026 128
38.6274 128
39.8384 128
43.7128 128
49.2429 8
