-52.8478 1
-51.7909 0
-50.7339 1
-49.6769 0
-48.62 1
-47.563 0
-46.5061 4
-45.4491 0
-44.3922 4
-43.3352 0
-42.2782 8
-41.2213 2
-40.1643 12
-39.1074 8
-38.0504 18
-36.9935 20
-35.9365 33
-34.8796 39
-33.8226 56
-32.7656 72
-31.7087 94
-30.6517 103
-29.5948 113
-28.5378 142
-27.4809 176
-26.4239 207
-25.3669 242
-24.31 277
-23.253 330
-22.1961 397
-21.1391 451
-20.0822 514
-19.0252 581
-17.9683 633
-16.9113 709
-15.8543 808
-14.7974 861
-13.7404 929
-12.6835 1018
-11.6265 1085
-10.5696 1180
-9.51261 1222
-8.45565 1316
-7.39869 1340
-6.34174 1450
-5.28478 1482
-4.22782 1517
-3.17087 1558
-2.11391 1573
-1.05696 1598
0 1570
1.05696 1598
2.11391 1573
3.17087 1558
4.22782 1517
5.28478 1482
6.34174 1450
7.39869 1340
8.45565 1316
9.51261 1222
10.5696 1180
11.6265 1085
12.6835 1018
13.7404 929
14.7974 861
15.8543 808
16.9113 709
17.9683 633
19.0252 581
20.0822 514
21.1391 451
22.1961 397
23.253 330
24.31 277
25.3669 242
26.4239 207
27.4809 176
28.5378 142
29.5948 113
30.6517 103
31.7087 94
32.7656 72
33.8226 56
34.8796 39
35.9365 33
36.9935 20
38.0504 18
39.1074 8
40.1643 12
41.2213 2
42.2782 8
43.3352 0
44.3922 4
45.4491 0
46.5061 4
47.563 0
48.62 1
49.6769 0
50.7339 1
51.7909 0
52.8478 1
