-29.8359 2
-29.6133 2
-27.8206 2
-27.7128 1
-26.1671 4
-24.6215 2
-24.4533 4
-24.141 2
-23.3129 2
-22.8937 2
-22.6851 2
-22.383 1
-20.8958 4
-20.7846 4
-20.6215 2
-20.5851 2
-20.4533 4
-20.4313 2
-19.4548 2
-19.3287 2
-19.2389 8
-19.182 4
-19.1704 2
-19.0376 4
-18.6851 4
-18.6556 2
-18.2419 1
-17.8564 4
-17.5251 2
-17.5112 4
-17.3266 2
-17.255 2
-17.2128 2
-16.7846 4
-16.7626 4
-16.5851 10
-16.3107 8
-15.7569 4
-15.7286 2
-15.7274 2
-15.5133 4
-15.3137 2
-15.2389 8
-15.2169 4
-15.1956 4
-15.1744 4
-14.8067 4
-14.6626 2
-14.619 2
-14.383 1
-14.237 2
-14.0806 4
-13.9676 4
-13.8564 13
-13.7662 2
-13.5251 4
-13.5112 4
-13.4892 2
-13.2665 2
-13.255 2
-13.2128 4
-12.9988 2
-12.9146 4
-12.7846 2
-12.5851 2
-12.4005 2
-12.3107 16
-12.2437 4
-12.2399 4
-12.1094 2
-12.0705 4
-11.9835 2
-11.944 4
-11.7274 2
-11.5133 4
-11.4912 4
-11.3137 4
-11.2389 8
-11.2209 2
-11.2169 4
-11.1744 4
-11.0693 1
-10.9502 4
-10.9282 20
-10.6556 2
-10.5969 4
-10.583 2
-10.4721 4
-10.3844 2
-10.3711 4
-10.2846 4
-10.2419 5
-10.0806 4
-10.0706 2
-9.96759 8
-9.85641 12
-9.83437 8
-9.66436 4
-9.65685 6
-9.58208 4
-9.53092 4
-9.52515 4
-9.40456 4
-9.27135 2
-9.13632 4
-8.85765 2
-8.8545 4
-8.82872 2
-8.75878 2
-8.58506 8
-8.52661 1
-8.40053 4
-8.38408 2
-8.31073 6
-8.29986 4
-8.1411 2
-8.10936 4
-8 4
-7.94404 4
-7.92201 2
-7.91857 4
-7.87846 4
-7.86829 4
-7.85044 2
-7.72741 4
-7.72385 4
-7.67684 2
-7.64328 2
-7.47575 2
-7.29489 2
-7.27706 4
-7.07836 2
-7.03939 4
-6.9282 48
-6.90617 8
-6.72865 2
-6.6727 4
-6.59694 4
-6.58301 4
-6.47214 8
-6.07055 2
-6.046 4
-5.98642 2
-5.92945 2
-5.85641 10
-5.83437 8
-5.81234 2
-5.76985 4
-5.67889 4
-5.65685 22
-5.47232 4
-5.40456 4
-5.38253 8
-5.27135 10
-5.21441 2
-5.18115 4
-5.1423 4
-5.13632 4
-5.0232 4
-5.01584 2
-5.0019 4
-4.99876 2
-4.97056 1
-4.8545 4
-4.83247 2
-4.82872 4
-4.7992 2
-4.61625 2
-4.58506 12
-4.56302 4
-4.38551 1
-4.32513 4
-4.31073 6
-4.25549 4
-4.19955 4
-4.19204 4
-4.10936 2
-4.02203 8
-4 20
-3.87846 8
-3.85044 2
-3.79214 4
-3.72741 2
-3.6548 4
-3.60845 4
-3.59344 4
-3.58315 4
-3.5718 2
-3.3564 2
-3.33321 2
-3.31371 2
-3.2008 2
-3.06931 1
-2.9282 44
-2.90617 16
-2.7871 1
-2.73616 4
-2.72865 10
-2.65388 4
-2.58301 4
-2.57064 2
-2.47214 4
-2.4525 4
-2.25386 4
-2.23015 4
-2.10967 2
-2.07055 4
-2.0381 2
-1.98642 4
-1.92945 2
-1.9263 2
-1.91236 4
-1.90052 2
-1.85641 10
-1.83437 8
-1.81234 2
-1.7859 4
-1.76985 4
-1.72773 2
-1.72087 4
-1.65685 34
-1.60092 4
-1.54567 4
-1.52786 4
-1.45588 2
-1.38253 8
-1.27135 2
-1.17451 2
-1.1423 8
-1.09383 8
-1.01584 4
-1.0019 4
-0.979872 2
-0.950259 4
-0.926151 4
-0.857651 2
-0.795649 2
-0.702282 4
-0.641516 4
-0.585057 12
-0.563024 8
-0.52661 1
-0.310734 6
-0.272593 2
-0.199552 4
-0.177519 4
-0.108525 2
-0.0220331 8
0 69
0.108525 2
0.141105 2
0.269444 4
0.272593 2
0.345198 4
0.391548 4
0.633538 2
0.641516 4
0.643601 4
0.686292 4
0.857651 2
0.94178 4
0.950259 4
0.979872 2
1.01586 2
1.0718 26
1.09383 6
1.13632 4
1.17451 2
1.24932 4
1.26384 8
1.27135 2
1.34612 8
1.45588 2
1.54567 4
1.65685 6
1.72087 4
1.72773 2
1.76985 4
1.7859 4
1.86745 4
1.90052 2
1.91236 4
1.9263 2
1.92945 2
1.9619 2
2.01358 2
2.07055 4
2.0737 4
2.08764 4
2.10967 2
2.14359 1
2.25386 4
2.34315 18
2.36518 4
2.47214 8
2.54412 4
2.57064 2
2.61747 8
2.67271 2
2.72865 8
2.73616 4
2.7871 1
2.90617 16
2.9282 20
2.98416 4
3.2008 2
3.20435 4
3.29772 4
3.33321 2
3.3564 2
3.35899 4
3.41494 4
3.5718 2
3.59344 4
3.61449 5
3.6548 4
3.67043 4
3.72568 4
3.72741 2
3.79214 4
3.97797 8
4 74
4.02203 8
4.19204 4
4.27432 4
4.32513 4
4.38551 1
4.58506 2
4.61625 2
4.63354 2
4.64101 4
4.68629 2
4.7992 2
4.83247 2
4.99876 2
5.0019 4
5.01584 2
5.0232 4
5.0718 10
5.09383 6
5.13632 4
5.1423 4
5.2129 1
5.21441 2
5.24932 8
5.27135 8
5.32729 2
5.38253 8
5.45588 4
5.47232 4
5.63482 4
5.65685 22
5.81234 2
5.91236 4
5.9263 4
5.92945 2
6.046 4
6.07055 2
6.0737 4
6.08059 4
6.13255 4
6.34315 6
6.47214 4
6.67271 4
6.72865 12
6.73616 8
6.75068 4
6.90617 6
6.9282 48
7.05822 4
7.07836 2
7.1388 2
7.17442 4
7.20435 2
7.27706 4
7.29489 2
7.31371 2
7.3564 4
7.36646 2
7.47575 2
7.6548 4
7.67684 2
7.72741 4
7.73056 4
7.87846 4
7.91857 4
7.92201 2
8 54
8.02203 8
8.17752 4
8.29986 4
8.31073 8
8.38408 2
8.52661 1
8.58506 10
8.70228 4
8.75878 2
8.79565 2
8.82872 2
8.8545 4
8.85765 2
8.8612 2
8.92615 4
9.0019 4
9.01584 4
9.0718 8
9.09383 6
9.1423 8
9.27135 12
9.32729 4
9.38253 8
9.40456 4
9.53092 4
9.60092 4
9.65685 34
9.66436 4
9.81234 2
9.83437 8
9.85641 4
9.9263 4
10.0381 2
10.0706 2
10.0806 4
10.2846 4
10.3431 4
10.3711 4
10.3844 2
10.583 2
10.5969 4
10.6539 4
10.6556 2
10.6727 2
10.7287 12
10.7507 8
10.7871 1
10.9062 6
10.9282 44
10.9502 4
11.0693 1
11.1744 4
11.2209 2
11.3137 4
11.3665 2
11.4548 2
11.5832 4
11.6085 4
11.7274 2
11.8785 8
11.944 4
11.9835 2
12 34
12.022 8
12.0705 4
12.1996 4
12.2437 4
12.2555 4
12.3107 16
12.3296 4
12.3855 5
12.4005 2
12.563 4
12.5851 2
12.7023 4
12.7956 4
12.8287 4
12.8545 4
12.9988 2
13.0158 4
13.0718 2
13.1812 4
13.2665 2
13.2713 12
13.3273 2
13.3825 8
13.4046 4
13.4892 2
13.6569 18
13.6789 4
13.8344 8
13.8564 13
13.9864 2
14.0381 2
14.237 2
14.3431 2
14.583 4
14.5969 4
14.619 2
14.6539 8
14.6626 2
14.6727 4
14.7287 4
14.8067 4
14.9062 6
14.9282 26
14.9841 2
15.0394 4
15.1956 4
15.2169 4
15.6085 4
15.7239 4
15.7274 2
15.7286 2
15.7569 4
15.8504 2
15.8683 4
15.944 4
16 8
16.1996 4
16.3107 6
16.4005 4
16.5266 1
16.563 8
16.5851 8
16.7626 4
16.7956 2
17.2128 2
17.2713 4
17.3266 2
17.5112 4
17.5251 2
17.5821 4
17.6569 6
17.8344 8
17.8564 12
17.9864 4
18.2419 1
18.4525 4
18.583 4
18.6556 2
18.9282 10
19.0693 1
19.1704 2
19.2169 4
19.2389 8
19.3137 2
19.3287 2
19.4912 4
19.8504 2
20 2
20.1094 2
20.2399 4
20.3107 6
20.4313 2
20.5851 12
20.7846 4
20.9146 4
21.2128 4
21.5112 4
21.5251 4
21.6569 4
21.8564 10
21.9676 4
21.9864 2
22.383 1
22.6851 2
22.8937 2
22.9282 8
23.2389 8
23.3129 2
23.3137 4
23.5133 4
23.6433 2
24 1
24.1094 4
24.141 2
24.3107 6
24.4533 4
24.5851 12
24.6215 2
24.7846 4
25.255 2
25.5251 4
25.6569 2
25.8564 10
25.9676 8
26.1671 4
26.2419 5
26.6851 4
26.9282 2
27.0376 4
27.182 4
27.2389 8
27.3137 2
27.5133 4
27.7128 1
27.8206 2
28.1094 2
28.4533 4
28.5851 4
28.6215 2
28.7846 2
28.8958 4
28.9706 1
29.255 2
29.6133 2
29.7662 2
29.8359 2
29.8564 1
30.383 1
