-66.0618 0
-65.9297 3
-65.7976 4
-65.6655 2
-65.5333 0
-65.4012 2
-65.2691 0
-65.137 0
-65.0048 0
-64.8727 6
-64.7406 2
-64.6085 16
-64.4763 4
-64.3442 8
-64.2121 4
-64.08 0
-63.9478 2
-63.8157 0
-63.6836 0
-63.5515 2
-63.4193 0
-63.2872 4
-63.1551 4
-63.023 0
-62.8909 14
-62.7587 22
-62.6266 8
-62.4945 20
-62.3624 8
-62.2302 0
-62.0981 6
-61.966 0
-61.8339 0
-61.7017 0
-61.5696 4
-61.4375 8
-61.3054 2
-61.1732 16
-61.0411 12
-60.909 14
-60.7769 10
-60.6448 18
-60.5126 4
-60.3805 2
-60.2484 6
-60.1163 10
-59.9841 0
-59.852 4
-59.7199 4
-59.5878 6
-59.4556 32
-59.3235 22
-59.1914 32
-59.0593 14
-58.9271 18
-58.795 8
-58.6629 12
-58.5308 4
-58.3986 6
-58.2665 9
-58.1344 9
-58.0023 22
-57.8702 8
-57.738 30
-57.6059 34
-57.4738 40
-57.3417 66
-57.2095 14
-57.0774 48
-56.9453 20
-56.8132 14
-56.681 20
-56.5489 8
-56.4168 14
-56.2847 18
-56.1525 17
-56.0204 36
-55.8883 58
-55.7562 80
-55.6241 70
-55.4919 74
-55.3598 80
-55.2277 60
-55.0956 46
-54.9634 36
-54.8313 46
-54.6992 34
-54.5671 58
-54.4349 68
-54.3028 75
-54.1707 106
-54.0386 196
-53.9064 142
-53.7743 164
-53.6422 104
-53.5101 114
-53.378 136
-53.2458 94
-53.1137 104
-52.9816 82
-52.8495 100
-52.7173 40
-52.5852 136
-52.4531 91
-52.321 197
-52.1888 212
-52.0567 184
-51.9246 228
-51.7925 190
-51.6603 154
-51.5282 190
-51.3961 156
-51.264 144
-51.1318 146
-50.9997 185
-50.8676 168
-50.7355 257
-50.6034 192
-50.4712 241
-50.3391 242
-50.207 296
-50.0749 258
-49.9427 298
-49.8106 218
-49.6785 262
-49.5464 170
-49.4142 242
-49.2821 314
-49.15 188
-49.0179 459
-48.8857 384
-48.7536 479
-48.6215 467
-48.4894 390
-48.3573 324
-48.2251 428
-48.093 318
-47.9609 452
-47.8288 360
-47.6966 378
-47.5645 301
-47.4324 386
-47.3003 522
-47.1681 601
-47.036 672
-46.9039 543
-46.7718 788
-46.6396 683
-46.5075 630
-46.3754 622
-46.2433 676
-46.1112 739
-45.979 806
-45.8469 554
-45.7148 690
-45.5827 795
-45.4505 764
-45.3184 1088
-45.1863 939
-45.0542 1051
-44.922 858
-44.7899 1230
-44.6578 1065
-44.5257 968
-44.3935 1022
-44.2614 1107
-44.1293 1134
-43.9972 927
-43.865 1302
-43.7329 1357
-43.6008 1168
-43.4687 1460
-43.3366 1437
-43.2044 1243
-43.0723 1532
-42.9402 1400
-42.8081 1472
-42.6759 1578
-42.5438 1681
-42.4117 1720
-42.2796 1308
-42.1474 1646
-42.0153 1665
-41.8832 2109
-41.7511 1713
-41.6189 2305
-41.4868 1909
-41.3547 2260
-41.2226 2000
-41.0905 2077
-40.9583 2074
-40.8262 2404
-40.6941 2341
-40.562 2372
-40.4298 2354
-40.2977 2443
-40.1656 2719
-40.0335 2837
-39.9013 3037
-39.7692 2788
-39.6371 3075
-39.505 3000
-39.3728 3057
-39.2407 2877
-39.1086 3132
-38.9765 3286
-38.8444 2898
-38.7122 3604
-38.5801 3371
-38.448 4312
-38.3159 3737
-38.1837 3616
-38.0516 4303
-37.9195 4258
-37.7874 4071
-37.6552 4325
-37.5231 4154
-37.391 4622
-37.2589 4798
-37.1267 4517
-36.9946 4739
-36.8625 4882
-36.7304 5825
-36.5982 4926
-36.4661 5575
-36.334 5087
-36.2019 5775
-36.0698 5915
-35.9376 5628
-35.8055 6614
-35.6734 5889
-35.5413 6785
-35.4091 6583
-35.277 5926
-35.1449 6998
-35.0128 7017
-34.8806 6542
-34.7485 8310
-34.6164 7357
-34.4843 7935
-34.3521 7921
-34.22 7304
-34.0879 8630
-33.9558 7956
-33.8237 8563
-33.6915 8072
-33.5594 8745
-33.4273 8960
-33.2952 9672
-33.163 9560
-33.0309 10343
-32.8988 9599
-32.7667 10436
-32.6345 9822
-32.5024 10919
-32.3703 10605
-32.2382 10666
-32.106 11675
-31.9739 10400
-31.8418 11833
-31.7097 12207
-31.5776 12482
-31.4454 13348
-31.3133 12298
-31.1812 13791
-31.0491 12832
-30.9169 13438
-30.7848 13814
-30.6527 13074
-30.5206 13540
-30.3884 15572
-30.2563 14347
-30.1242 16479
-29.9921 14394
-29.8599 16953
-29.7278 15171
-29.5957 16947
-29.4636 16743
-29.3314 16929
-29.1993 17589
-29.0672 18286
-28.9351 17979
-28.803 18187
-28.6708 19036
-28.5387 18815
-28.4066 19427
-28.2745 18760
-28.1423 20807
-28.0102 20054
-27.8781 21786
-27.746 22109
-27.6138 20709
-27.4817 22769
-27.3496 22389
-27.2175 23774
-27.0853 23689
-26.9532 23367
-26.8211 23055
-26.689 24925
-26.5569 23924
-26.4247 26467
-26.2926 25180
-26.1605 29616
-26.0284 26935
-25.8962 26574
-25.7641 28120
-25.632 26983
-25.4999 27897
-25.3677 28237
-25.2356 29814
-25.1035 29935
-24.9714 29694
-24.8392 33371
-24.7071 29052
-24.575 32492
-24.4429 33793
-24.3108 32469
-24.1786 35285
-24.0465 34030
-23.9144 32801
-23.7823 36778
-23.6501 33429
-23.518 38841
-23.3859 36079
-23.2538 37366
-23.1216 38618
-22.9895 37232
-22.8574 39502
-22.7253 40455
-22.5931 39658
-22.461 40281
-22.3289 40489
-22.1968 45101
-22.0646 42470
-21.9325 43396
-21.8004 45421
-21.6683 41339
-21.5362 48159
-21.404 44102
-21.2719 46974
-21.1398 45747
-21.0077 46794
-20.8755 50553
-20.7434 50609
-20.6113 49626
-20.4792 52717
-20.347 48446
-20.2149 54378
-20.0828 50763
-19.9507 51796
-19.8185 55260
-19.6864 51817
-19.5543 57895
-19.4222 54293
-19.2901 59196
-19.1579 59468
-19.0258 56202
-18.8937 58282
-18.7616 57255
-18.6294 62521
-18.4973 61919
-18.3652 59826
-18.2331 64886
-18.1009 64319
-17.9688 62571
-17.8367 66872
-17.7046 61697
-17.5724 73318
-17.4403 64938
-17.3082 67716
-17.1761 69358
-17.0439 66592
-16.9118 71531
-16.7797 71487
-16.6476 72636
-16.5155 74679
-16.3833 70780
-16.2512 78342
-16.1191 73043
-15.987 73491
-15.8548 75820
-15.7227 77757
-15.5906 75526
-15.4585 83636
-15.3263 76615
-15.1942 89015
-15.0621 78234
-14.93 83110
-14.7978 83610
-14.6657 84732
-14.5336 86340
-14.4015 83012
-14.2694 87016
-14.1372 90069
-14.0051 88720
-13.873 92156
-13.7409 85137
-13.6087 94289
-13.4766 92029
-13.3445 90890
-13.2124 98360
-13.0802 86051
-12.9481 97076
-12.816 100984
-12.6839 87706
-12.5517 106131
-12.4196 94911
-12.2875 106626
-12.1554 100095
-12.0233 96590
-11.8911 108193
-11.759 101498
-11.6269 102535
-11.4948 103531
-11.3626 103317
-11.2305 114909
-11.0984 104720
-10.9663 110845
-10.8341 108701
-10.702 107344
-10.5699 113521
-10.4378 109157
-10.3056 113275
-10.1735 111204
-10.0414 108961
-9.90927 121527
-9.77715 112149
-9.64503 123191
-9.5129 116169
-9.38078 116988
-9.24865 120803
-9.11653 114759
-8.98441 120896
-8.85228 125378
-8.72016 118531
-8.58804 129293
-8.45591 118709
-8.32379 128880
-8.19167 125640
-8.05954 124602
-7.92742 130948
-7.79529 123851
-7.66317 131332
-7.53105 127967
-7.39892 122856
-7.2668 136136
-7.13468 126651
-7.00255 125576
-6.87043 150691
-6.73831 129746
-6.60618 139764
-6.47406 131169
-6.34193 133356
-6.20981 134584
-6.07769 133784
-5.94556 140900
-5.81344 142317
-5.68132 146618
-5.54919 139939
-5.41707 138627
-5.28495 139974
-5.15282 141580
-5.0207 144782
-4.88857 145921
-4.75645 140918
-4.62433 155525
-4.4922 132938
-4.36008 147452
-4.22796 148635
-4.09583 135896
-3.96371 162323
-3.83159 140483
-3.69946 153558
-3.56734 151183
-3.43521 146144
-3.30309 151483
-3.17097 148953
-3.03884 143631
-2.90672 171409
-2.7746 147650
-2.64247 161190
-2.51035 150102
-2.37823 144445
-2.2461 158742
-2.11398 148655
-1.98185 160419
-1.84973 158243
-1.71761 165866
-1.58548 156586
-1.45336 146541
-1.32124 163996
-1.18911 153786
-1.05699 160387
-0.924865 154573
-0.792742 158907
-0.660618 159701
-0.528495 162873
-0.396371 153256
-0.264247 168851
-0.132124 147833
0 183779
0.132124 157051
0.264247 163191
0.396371 164561
0.528495 152472
0.660618 165042
0.792742 160308
0.924865 156932
1.05699 181385
1.18911 154225
1.32124 171671
1.45336 154086
1.58548 157327
1.71761 175942
1.84973 155095
1.98185 166431
2.11398 170907
2.2461 155091
2.37823 175052
2.51035 155920
2.64247 164172
2.7746 169597
2.90672 167893
3.03884 167054
3.17097 164749
3.30309 165695
3.43521 163940
3.56734 158673
3.69946 170561
3.83159 157647
3.96371 189330
4.09583 154789
4.22796 163718
4.36008 165489
4.4922 155150
4.62433 169648
4.75645 160991
4.88857 157470
5.0207 173385
5.15282 160478
5.28495 171263
5.41707 162855
5.54919 150431
5.68132 176072
5.81344 153094
5.94556 167304
6.07769 169247
6.20981 153159
6.34193 170707
6.47406 149948
6.60618 158951
6.73831 169161
6.87043 170875
7.00255 158669
7.13468 154979
7.2668 158903
7.39892 158895
7.53105 152008
7.66317 160342
7.79529 151863
7.92742 154248
8.05954 177554
8.19167 152281
8.32379 163597
8.45591 147247
8.58804 153199
8.72016 151816
8.85228 156458
8.98441 161523
9.11653 155357
9.24865 156193
9.38078 151745
9.5129 143389
9.64503 164787
9.77715 147474
9.90927 155870
10.0414 150860
10.1735 141014
10.3056 158861
10.4378 138600
10.5699 145805
10.702 157351
10.8341 131749
10.9663 164889
11.0984 141875
11.2305 145395
11.3626 145715
11.4948 136107
11.6269 143965
11.759 144097
11.8911 143348
12.0233 155252
12.1554 134621
12.2875 146219
12.4196 132289
12.5517 142047
12.6839 136700
12.816 138465
12.9481 140356
13.0802 132509
13.2124 140879
13.3445 135750
13.4766 124777
13.6087 146381
13.7409 121802
13.873 137407
14.0051 133408
14.1372 126015
14.2694 131502
14.4015 123940
14.5336 125411
14.6657 134914
14.7978 118414
14.93 142816
15.0621 120227
15.1942 125451
15.3263 120853
15.4585 118084
15.5906 122463
15.7227 125183
15.8548 115818
15.987 129095
16.1191 110372
16.2512 126341
16.3833 109738
16.5155 111179
16.6476 122651
16.7797 112369
16.9118 116789
17.0439 112068
17.1761 107163
17.3082 113237
17.4403 105313
17.5724 114998
17.7046 110114
17.8367 112667
17.9688 107228
18.1009 104022
18.2331 104395
18.3652 101528
18.4973 101019
18.6294 113189
18.7616 93608
18.8937 111659
19.0258 93580
19.1579 98155
19.2901 104261
19.4222 89257
19.5543 101149
19.6864 96321
19.8185 91963
19.9507 97806
20.0828 89576
20.2149 93826
20.347 94137
20.4792 85049
20.6113 96512
20.7434 87815
20.8755 90119
21.0077 88729
21.1398 79806
21.2719 90540
21.404 79374
21.5362 90354
21.6683 82350
21.8004 85859
21.9325 82921
22.0646 76931
22.1968 80850
22.3289 77233
22.461 74472
22.5931 81819
22.7253 73258
22.8574 77347
22.9895 79105
23.1216 71464
23.2538 80671
23.3859 65462
23.518 74505
23.6501 71073
23.7823 70750
23.9144 70897
24.0465 66791
24.1786 68200
24.3108 68866
24.4429 65746
24.575 74361
24.7071 59721
24.8392 67758
24.9714 63095
25.1035 57876
25.2356 65155
25.3677 60101
25.4999 62198
25.632 63678
25.7641 54021
25.8962 62076
26.0284 59275
26.1605 58105
26.2926 56972
26.4247 55118
26.5569 55628
26.689 55624
26.8211 53988
26.9532 54898
27.0853 50553
27.2175 58383
27.3496 49222
27.4817 53239
27.6138 47511
27.746 49573
27.8781 49970
28.0102 45681
28.1423 49532
28.2745 49280
28.4066 44108
28.5387 48398
28.6708 42494
28.803 44564
28.9351 46938
29.0672 40095
29.1993 44486
29.3314 40049
29.4636 42139
29.5957 43051
29.7278 37058
29.8599 43798
29.9921 38940
30.1242 39794
30.2563 36667
30.3884 37576
30.5206 35990
30.6527 37539
30.7848 33932
30.9169 36500
31.0491 32121
31.1812 39600
31.3133 31043
31.4454 32838
31.5776 35063
31.7097 30023
31.8418 31982
31.9739 30494
32.106 29580
32.2382 30098
32.3703 29099
32.5024 31623
32.6345 28418
32.7667 28380
32.8988 28170
33.0309 25887
33.163 26905
33.2952 26238
33.4273 25375
33.5594 27741
33.6915 21883
33.8237 25678
33.9558 24131
34.0879 24383
34.22 25139
34.3521 20893
34.4843 23261
34.6164 21671
34.7485 21582
34.8806 22540
35.0128 20324
35.1449 21307
35.277 20017
35.4091 18759
35.5413 21017
35.6734 18651
35.8055 19731
35.9376 17882
36.0698 17337
36.2019 19062
36.334 15579
36.4661 18137
36.5982 16678
36.7304 17197
36.8625 17399
36.9946 14847
37.1267 16299
37.2589 15173
37.391 13883
37.5231 15615
37.6552 14233
37.7874 14781
37.9195 14441
38.0516 13631
38.1837 14407
38.3159 11997
38.448 14238
38.5801 12462
38.7122 12529
38.8444 11490
38.9765 12359
39.1086 11157
39.2407 12151
39.3728 11875
39.505 12509
39.6371 9960
39.7692 11143
39.9013 10208
40.0335 10349
40.1656 10648
40.2977 9758
40.4298 9732
40.562 10080
40.6941 8632
40.8262 9607
40.9583 9815
41.0905 9231
41.2226 9368
41.3547 8279
41.4868 8072
41.6189 8554
41.7511 7530
41.8832 8377
42.0153 7576
42.1474 8596
42.2796 7351
42.4117 7367
42.5438 7422
42.6759 6582
42.8081 7830
42.9402 6412
43.0723 6789
43.2044 6611
43.3366 6059
43.4687 6891
43.6008 5859
43.7329 5785
43.865 6669
43.9972 5428
44.1293 5729
44.2614 5143
44.3935 5139
44.5257 5502
44.6578 4720
44.7899 5508
44.922 4685
45.0542 4657
45.1863 4778
45.3184 4695
45.4505 4300
45.5827 4154
45.7148 3919
45.8469 4000
45.979 3809
46.1112 4689
46.2433 3508
46.3754 3712
46.5075 3815
46.6396 3054
46.7718 3670
46.9039 2884
47.036 3034
47.1681 3131
47.3003 3257
47.4324 3118
47.5645 2859
47.6966 2333
47.8288 2986
47.9609 2397
48.093 2522
48.2251 2384
48.3573 2394
48.4894 2265
48.6215 1937
48.7536 2474
48.8857 2286
49.0179 2152
49.15 2082
49.2821 1717
49.4142 1697
49.5464 1873
49.6785 2078
49.8106 1650
49.9427 1708
50.0749 1585
50.207 1495
50.3391 1295
50.4712 1652
50.6034 1301
50.7355 1558
50.8676 1276
50.9997 1202
51.1318 1214
51.264 983
51.3961 1255
51.5282 1260
51.6603 1121
51.7925 1104
51.9246 1069
52.0567 865
52.1888 1199
52.321 812
52.4531 918
52.5852 958
52.7173 988
52.8495 820
52.9816 857
53.1137 764
53.2458 761
53.378 890
53.5101 796
53.6422 657
53.7743 516
53.9064 746
54.0386 720
54.1707 731
54.3028 578
54.4349 742
54.5671 528
54.6992 533
54.8313 759
54.9634 420
55.0956 621
55.2277 492
55.3598 558
55.4919 493
55.6241 436
55.7562 450
55.8883 560
56.0204 422
56.1525 526
56.2847 380
56.4168 330
56.5489 514
56.681 455
56.8132 413
56.9453 368
57.0774 403
57.2095 330
57.3417 394
57.4738 362
57.6059 290
57.738 422
57.8702 336
58.0023 316
58.1344 334
58.2665 279
58.3986 334
58.5308 295
58.6629 237
58.795 350
58.9271 250
59.0593 270
59.1914 320
59.3235 340
59.4556 246
59.5878 270
59.7199 244
59.852 208
59.9841 236
60.1163 270
60.2484 254
60.3805 183
60.5126 227
60.6448 180
60.7769 240
60.909 250
61.0411 252
61.1732 172
61.3054 196
61.4375 176
61.5696 176
61.7017 212
61.8339 126
61.966 174
62.0981 194
62.2302 216
62.3624 111
62.4945 110
62.6266 112
62.7587 168
62.8909 134
63.023 78
63.1551 108
63.2872 70
63.4193 116
63.5515 118
63.6836 84
63.8157 64
63.9478 110
64.08 60
64.2121 71
64.3442 60
64.4763 42
64.6085 80
64.7406 76
64.8727 32
65.0048 16
65.137 24
65.2691 24
65.4012 44
65.5333 6
65.6655 2
65.7976 8
65.9297 7
66.0618 1
