-27.5558
-26.0658
-25.8503
-24.5956
-24.4888
-24.3945
-24.2779
-24.1048
-24.0202
-23.3053
-22.4071
-22.2501
-20.5605
-20.4668
-19.9121
-19.3514
-19.2606
-19.1422
-19.0637
-18.9534
-18.9423
-18.9117
-18.8766
-18.8483
-18.77
-18.4238
-18.2709
-17.9844
-17.8781
-17.7998
-17.6485
-17.4708
-17.3189
-17.2707
-17.2193
-17.2084
-17.182
-17.1185
-16.9486
-16.9292
-16.8294
-16.747
-16.7388
-16.7083
-16.675
-16.4116
-16.3649
-16.318
-16.1285
-15.9862
-15.8243
-15.6372
-15.5998
-15.5038
-15.4881
-15.4038
-15.3471
-15.2987
-15.203
-15.1828
-15.1497
-15.1262
-15.1011
-15.0745
-15.0548
-15.0306
-14.9824
-14.9357
-14.8125
-14.7537
-14.719
-14.6362
-14.5791
-14.3879
-14.1914
-14.1087
-13.9577
-13.8874
-13.8749
-13.7456
-13.7125
-13.6837
-13.6727
-13.634
-13.5487
-13.5303
-13.4694
-13.4237
-13.4174
-13.3983
-13.3369
-13.32
-13.2791
-13.2509
-13.1776
-12.9843
-12.6868
-12.6046
-12.5812
-12.5425
-12.4375
-12.416
-12.3397
-12.2025
-12.1968
-12.1718
-12.1265
-12.1021
-12.0689
-12.0131
-11.9892
-11.9746
-11.8844
-11.8107
-11.7838
-11.7715
-11.7537
-11.7222
-11.5589
-11.4158
-11.3841
-11.3374
-11.2919
-11.2432
-11.1631
-11.0814
-11.0548
-11.0147
-10.9967
-10.972
-10.9548
-10.9403
-10.8627
-10.8122
-10.7704
-10.7458
-10.6998
-10.6502
-10.642
-10.5276
-10.4806
-10.4409
-10.4187
-10.3718
-10.3572
-10.2906
-10.2806
-10.2719
-10.227
-10.2178
-10.1832
-10.1464
-10.1186
-10.0866
-9.9729
-9.87382
-9.86748
-9.85042
-9.82106
-9.78296
-9.74669
-9.73267
-9.70892
-9.68063
-9.66169
-9.64799
-9.611
-9.60754
-9.59179
-9.56674
-9.5416
-9.494
-9.47324
-9.44723
-9.37104
-9.34713
-9.33087
-9.30386
-9.26569
-9.26033
-9.23738
-9.19734
-9.001
-8.93355
-8.9199
-8.87139
-8.78926
-8.73318
-8.58759
-8.57818
-8.54377
-8.50491
-8.47344
-8.43155
-8.40647
-8.37097
-8.32659
-8.30025
-8.2917
-8.28089
-8.27142
-8.20269
-8.19189
-8.17722
-8.17011
-8.15865
-8.14407
-8.13076
-8.09698
-8.04748
-8.04059
-8.01735
-7.98874
-7.97382
-7.93715
-7.90628
-7.87663
-7.8508
-7.81672
-7.78393
-7.74251
-7.74036
-7.72683
-7.70097
-7.68833
-7.63743
-7.58318
-7.57451
-7.54601
-7.49628
-7.48577
-7.42339
-7.40399
-7.35527
-7.29297
-7.25625
-7.22174
-7.1972
-7.16491
-7.15632
-7.12205
-7.11266
-7.10465
-7.0698
-7.04343
-7.0345
-7.02197
-6.98776
-6.94754
-6.9351
-6.91685
-6.89326
-6.88162
-6.88031
-6.87441
-6.84008
-6.82626
-6.79505
-6.75175
-6.73716
-6.71933
-6.67386
-6.66746
-6.60122
-6.57643
-6.56493
-6.54974
-6.52279
-6.50772
-6.47531
-6.44078
-6.4065
-6.38187
-6.36447
-6.34486
-6.31658
-6.2752
-6.22032
-6.20322
-6.15195
-6.10431
-6.094
-6.08749
-6.05023
-6.03376
-5.99826
-5.97005
-5.93835
-5.9129
-5.86304
-5.84412
-5.79277
-5.77872
-5.73352
-5.72275
-5.66574
-5.64347
-5.63414
-5.60854
-5.60131
-5.57736
-5.53282
-5.5232
-5.51595
-5.48301
-5.46997
-5.45999
-5.4463
-5.40001
-5.38052
-5.36962
-5.34917
-5.34665
-5.31072
-5.29394
-5.27699
-5.26649
-5.2448
-5.23869
-5.2061
-5.18787
-5.14198
-5.12422
-5.11755
-5.10446
-5.05579
-5.02045
-4.99559
-4.94225
-4.9257
-4.9156
-4.89901
-4.8439
-4.81511
-4.71957
-4.69123
-4.67109
-4.66471
-4.60501
-4.58815
-4.58165
-4.57109
-4.56338
-4.49862
-4.48626
-4.47428
-4.4574
-4.43888
-4.43755
-4.42446
-4.40845
-4.39281
-4.38666
-4.34448
-4.3011
-4.29023
-4.27187
-4.24771
-4.22601
-4.20866
-4.19241
-4.18295
-4.16162
-4.15796
-4.14743
-4.12896
-4.11215
-4.11115
-4.09102
-4.06589
-4.04202
-4.02092
-4.01072
-3.98927
-3.97248
-3.96752
-3.93953
-3.91597
-3.87268
-3.86141
-3.84916
-3.82166
-3.81126
-3.79559
-3.76654
-3.72648
-3.71417
-3.67092
-3.66659
-3.64241
-3.61182
-3.59655
-3.57866
-3.56309
-3.55884
-3.53136
-3.47982
-3.46003
-3.44684
-3.42249
-3.4063
-3.36041
-3.33794
-3.32476
-3.29066
-3.277
-3.2622
-3.24947
-3.23123
-3.20345
-3.1891
-3.17334
-3.16752
-3.15412
-3.1412
-3.09976
-3.07901
-3.0695
-3.05358
-3.04849
-3.01025
-2.96834
-2.95699
-2.93036
-2.89507
-2.84923
-2.81666
-2.79947
-2.79373
-2.76946
-2.75363
-2.7432
-2.7209
-2.71299
-2.66571
-2.64126
-2.62753
-2.60281
-2.5505
-2.5417
-2.48876
-2.46724
-2.45467
-2.43081
-2.42049
-2.40573
-2.38597
-2.37333
-2.36979
-2.3206
-2.28919
-2.27554
-2.2628
-2.23325
-2.21106
-2.17432
-2.16154
-2.143
-2.12714
-2.11649
-2.10202
-2.07916
-2.05466
-2.02185
-2.00884
-1.99647
-1.95892
-1.94723
-1.89876
-1.85732
-1.84216
-1.81331
-1.79016
-1.76154
-1.73737
-1.72996
-1.7185
-1.69585
-1.68751
-1.67885
-1.63153
-1.60803
-1.57421
-1.5586
-1.5326
-1.50548
-1.48671
-1.4774
-1.46833
-1.44409
-1.43361
-1.41035
-1.38646
-1.3748
-1.35762
-1.34189
-1.32903
-1.32052
-1.31107
-1.29866
-1.28152
-1.23423
-1.22344
-1.20876
-1.20339
-1.19457
-1.18501
-1.15592
-1.1405
-1.12423
-1.11607
-1.09246
-1.05574
-1.0452
-1.0222
-1.01304
-0.985549
-0.954444
-0.930039
-0.928019
-0.921103
-0.893779
-0.849058
-0.824443
-0.810723
-0.78621
-0.763113
-0.755038
-0.746361
-0.723149
-0.714733
-0.705993
-0.684557
-0.663546
-0.648113
-0.633834
-0.618889
-0.590233
-0.561651
-0.52277
-0.510573
-0.492702
-0.490378
-0.469468
-0.443965
-0.423901
-0.411327
-0.379139
-0.371029
-0.354872
-0.345099
-0.336434
-0.308606
-0.298361
-0.278938
-0.27381
-0.252934
-0.229869
-0.217914
-0.196203
-0.190112
-0.173681
-0.163796
-0.144128
-0.136193
-0.107004
-0.103127
-0.0918943
-0.0623126
-0.0525809
-0.0227563
-0.012267
0
0.0240241
0.0312035
0.0502917
0.060725
0.0920186
0.114621
0.129566
0.149477
0.156372
0.161569
0.165056
0.19992
0.220562
0.239251
0.263118
0.272785
0.309985
0.31291
0.337019
0.373936
0.403458
0.419204
0.438142
0.443136
0.480946
0.494926
0.527629
0.537427
0.576039
0.592065
0.606571
0.635073
0.637867
0.655993
0.690595
0.723862
0.734269
0.763879
0.780583
0.809563
0.861136
0.885801
0.906352
0.943138
0.973629
0.990436
1.00393
1.0427
1.06502
1.08359
1.13136
1.1554
1.18739
1.19238
1.21423
1.23735
1.28276
1.28759
1.31297
1.32107
1.35417
1.36461
1.39146
1.42066
1.43123
1.4554
1.46153
1.50533
1.53048
1.54621
1.55954
1.57363
1.5899
1.60738
1.64652
1.66341
1.67021
1.67904
1.71699
1.73262
1.75404
1.76594
1.78606
1.79983
1.82822
1.84015
1.86657
1.89027
1.91868
1.93154
1.94661
1.95019
1.99678
2.01152
2.03801
2.04995
2.07167
2.08185
2.11734
2.12756
2.13968
2.15816
2.17832
2.2086
2.2172
2.24792
2.25628
2.26599
2.28927
2.32985
2.33746
2.35637
2.36478
2.38694
2.40427
2.41579
2.4326
2.46378
2.51266
2.52705
2.54082
2.54803
2.55785
2.57982
2.58359
2.60268
2.61532
2.63802
2.64686
2.65622
2.7298
2.7351
2.78418
2.80536
2.84081
2.86423
2.87763
2.91058
2.92198
2.93824
2.95431
2.96078
2.96931
2.98121
3.01811
3.02931
3.04341
3.06891
3.07661
3.09205
3.13703
3.14493
3.14999
3.1636
3.17772
3.19886
3.20912
3.22263
3.23296
3.24067
3.26989
3.2763
3.29415
3.30736
3.31378
3.33267
3.34113
3.35734
3.38091
3.40653
3.42196
3.45935
3.46626
3.47171
3.48064
3.51303
3.52393
3.52635
3.53239
3.55007
3.57697
3.58728
3.60118
3.60522
3.61783
3.63361
3.64922
3.67933
3.68571
3.70622
3.71869
3.74681
3.76173
3.78932
3.80124
3.81395
3.84947
3.8542
3.86525
3.8763
3.89914
3.92869
3.94984
3.95555
3.96051
3.97715
3.98735
4.01013
4.03982
4.0422
4.06187
4.07887
4.10618
4.13345
4.14058
4.16275
4.19369
4.20806
4.23611
4.24578
4.27909
4.30785
4.34084
4.37177
4.40924
4.42806
4.44491
4.45843
4.47114
4.48049
4.50829
4.5313
4.54344
4.59056
4.62479
4.66426
4.66749
4.70093
4.73882
4.74592
4.78502
4.80628
4.84883
4.8651
4.88308
4.90306
4.93053
4.95573
4.97366
4.99451
4.99923
5.01664
5.02486
5.0521
5.07403
5.0935
5.10508
5.13897
5.14544
5.15754
5.17794
5.19179
5.2278
5.24512
5.26465
5.28905
5.3093
5.32515
5.36297
5.3777
5.39267
5.40664
5.41605
5.44986
5.471
5.48476
5.50058
5.50841
5.52383
5.54385
5.54601
5.56409
5.57799
5.60825
5.62529
5.64687
5.66955
5.68728
5.7203
5.73557
5.73866
5.76435
5.79065
5.79876
5.81172
5.81766
5.84526
5.87032
5.87794
5.90659
5.91714
5.93809
5.94942
5.97945
5.99711
6.01145
6.04992
6.06004
6.06851
6.08068
6.10478
6.11335
6.13061
6.14642
6.15732
6.18615
6.19676
6.20577
6.21803
6.22738
6.24188
6.25637
6.27323
6.28963
6.30227
6.31115
6.32602
6.34939
6.35699
6.3881
6.40147
6.40465
6.43472
6.45
6.47646
6.49519
6.50983
6.53055
6.54499
6.56591
6.58369
6.59639
6.60577
6.61291
6.62641
6.64155
6.65347
6.66229
6.66828
6.69433
6.71433
6.72806
6.74629
6.77114
6.7777
6.78903
6.8137
6.82788
6.83918
6.84952
6.86482
6.87633
6.89957
6.90754
6.93132
6.93612
6.94746
6.98473
7.01345
7.03042
7.03481
7.07928
7.0856
7.10795
7.14435
7.15585
7.16145
7.17285
7.1857
7.21797
7.22264
7.23572
7.25264
7.26725
7.2864
7.32339
7.33598
7.34779
7.35723
7.37053
7.39526
7.41261
7.42015
7.4261
7.45799
7.4909
7.505
7.52908
7.55132
7.58018
7.59278
7.61363
7.65957
7.67027
7.6958
7.70255
7.73213
7.74881
7.76877
7.81419
7.83694
7.83969
7.88523
7.9162
7.92092
7.94131
7.95416
7.9895
8.00563
8.02286
8.0378
8.0535
8.09378
8.11292
8.15029
8.18265
8.18748
8.22232
8.23491
8.26214
8.29381
8.34626
8.3709
8.38743
8.42866
8.46931
8.48601
8.5079
8.53672
8.55568
8.57681
8.57928
8.60298
8.61859
8.65337
8.67008
8.67466
8.68551
8.71934
8.74666
8.78153
8.7936
8.82792
8.83503
8.86842
8.87168
8.87883
8.89604
8.92811
8.94615
8.95925
8.97624
9.00015
9.03668
9.07431
9.09665
9.1041
9.118
9.1626
9.17034
9.20026
9.23131
9.24946
9.28521
9.30112
9.32028
9.32464
9.36115
9.36849
9.38358
9.39785
9.41099
9.45715
9.49321
9.4984
9.51945
9.53673
9.54913
9.56115
9.57323
9.59883
9.60192
9.62671
9.64957
9.67564
9.6818
9.71226
9.71539
9.73198
9.74079
9.74448
9.77394
9.79559
9.80502
9.86214
9.88115
9.89391
9.9069
9.91379
9.92068
9.94816
9.97474
10.0002
10.0304
10.0542
10.0687
10.0832
10.1076
10.1132
10.1348
10.1616
10.1758
10.2003
10.2059
10.2285
10.2439
10.2687
10.278
10.2899
10.325
10.3323
10.3507
10.3856
10.3963
10.4176
10.4316
10.4427
10.4706
10.4987
10.5105
10.5274
10.5379
10.5404
10.569
10.6009
10.6305
10.6366
10.6615
10.6665
10.6813
10.6948
10.7117
10.7406
10.7819
10.7917
10.7994
10.8108
10.8229
10.8523
10.8607
10.8844
10.9124
10.9423
10.9589
10.9664
11.0163
11.0341
11.0684
11.088
11.1248
11.1524
11.17
11.2193
11.2465
11.3037
11.328
11.3595
11.3807
11.3981
11.4799
11.5162
11.5527
11.584
11.6027
11.6407
11.6705
11.6833
11.739
11.7568
11.7667
11.8132
11.8226
11.8491
11.8835
11.9221
11.9286
11.9744
12.0028
12.0151
12.0328
12.0615
12.0914
12.1003
12.1293
12.1674
12.1879
12.2141
12.2513
12.2692
12.3068
12.3496
12.4137
12.4223
12.4705
12.4761
12.523
12.5424
12.5574
12.5607
12.6137
12.6731
12.6996
12.7206
12.7472
12.7881
12.8174
12.8538
12.8715
12.89
12.9168
12.9631
12.9953
13.0717
13.0833
13.0905
13.122
13.1456
13.1814
13.2553
13.2705
13.3137
13.3218
13.3345
13.4222
13.4506
13.4726
13.4973
13.5312
13.551
13.5563
13.5798
13.6147
13.6732
13.7662
13.7997
13.8529
13.862
13.9239
13.9437
13.9476
13.9564
13.9693
13.9841
14.0367
14.0627
14.0948
14.1284
14.1474
14.1598
14.1848
14.1993
14.2214
14.2591
14.2658
14.313
14.3453
14.36
14.4004
14.4371
14.4493
14.4954
14.5155
14.5408
14.5675
14.6124
14.622
14.645
14.7049
14.7418
14.7594
14.7827
14.8329
14.8579
14.9174
14.9533
15.0694
15.0794
15.0878
15.1454
15.2543
15.3025
15.4004
15.4219
15.43
15.4443
15.5919
15.6058
15.6617
15.7155
15.7225
15.8194
15.8399
15.8517
15.8916
15.9063
15.9469
15.9606
15.9677
15.9988
16.0497
16.0754
16.1158
16.1578
16.2099
16.2574
16.335
16.432
16.545
16.5908
16.615
16.641
16.6898
16.728
16.7666
16.7814
16.8075
16.876
16.9349
16.9501
16.9579
17.0128
17.0332
17.0911
17.1705
17.1816
17.2114
17.2219
17.3138
17.3229
17.377
17.54
17.6
17.6506
17.7224
17.7569
17.7639
17.8512
17.9715
18.0244
18.1191
18.1627
18.2053
18.2609
18.2982
18.4556
18.5755
18.591
18.6079
18.6356
18.668
18.708
18.7153
18.7883
18.8645
18.9789
18.9947
19.0571
19.065
19.1211
19.1406
19.1936
19.2113
19.2502
19.3181
19.4544
19.5993
19.7087
19.7156
19.7858
19.8756
19.9188
19.955
19.9761
20.0762
20.1265
20.1537
20.2039
20.2199
20.2784
20.3023
20.3542
20.3762
20.3869
20.4821
20.5048
20.5888
20.6059
20.632
20.6702
20.7867
21.0441
21.0641
21.2317
21.3197
21.3315
21.4888
21.5785
21.637
21.6784
21.8493
22.1007
22.2255
22.295
22.3214
22.3699
22.4031
22.4987
22.5712
22.6463
22.754
22.7851
22.8477
22.9944
23.0467
23.0846
23.1829
23.276
23.3046
23.3845
23.4113
23.4556
23.5264
23.5685
23.5881
23.6106
23.6322
23.649
23.8542
23.9861
24.0581
24.1861
24.2679
24.4491
24.5903
24.6116
24.7395
24.8144
24.8529
24.9716
25.3643
25.472
25.524
25.6505
25.7143
25.7243
25.8764
26.2813
26.3176
26.4666
26.6959
26.7203
26.991
27.0351
27.0912
27.3669
27.536
27.5598
27.6136
27.659
27.8673
27.9058
28.3403
28.4917
29.2005
29.3164
29.3535
29.399
29.5124
30.1068
30.4186
30.4882
30.8026
31.0908
32.2344
32.298
34.1154
34.2303
35.5283
35.5944
40.9681
