-70.931 2
-70.7892 0
-70.6473 0
-70.5054 0
-70.3636 0
-70.2217 0
-70.0799 12
-69.938 8
-69.7961 8
-69.6543 0
-69.5124 8
-69.3706 0
-69.2287 0
-69.0868 0
-68.945 0
-68.8031 8
-68.6612 0
-68.5194 32
-68.3775 32
-68.2357 32
-68.0938 0
-67.9519 16
-67.8101 0
-67.6682 48
-67.5263 32
-67.3845 8
-67.2426 32
-67.1008 0
-66.9589 0
-66.817 0
-66.6752 0
-66.5333 16
-66.3914 32
-66.2496 24
-66.1077 0
-65.9659 24
-65.824 136
-65.6821 0
-65.5403 64
-65.3984 0
-65.2566 32
-65.1147 64
-64.9728 128
-64.831 64
-64.6891 64
-64.5472 32
-64.4054 32
-64.2635 24
-64.1217 8
-63.9798 40
-63.8379 2
-63.6961 32
-63.5542 0
-63.4123 32
-63.2705 64
-63.1286 96
-62.9868 256
-62.8449 0
-62.703 64
-62.5612 48
-62.4193 352
-62.2774 0
-62.1356 160
-61.9937 32
-61.8519 96
-61.71 128
-61.5681 64
-61.4263 192
-61.2844 128
-61.1426 0
-61.0007 8
-60.8588 128
-60.717 240
-60.5751 64
-60.4332 400
-60.2914 384
-60.1495 32
-60.0077 0
-59.8658 264
-59.7239 576
-59.5821 64
-59.4402 160
-59.2983 40
-59.1565 448
-59.0146 104
-58.8728 128
-58.7309 160
-58.589 0
-58.4472 136
-58.3053 192
-58.1634 104
-58.0216 416
-57.8797 56
-57.7379 280
-57.596 608
-57.4541 96
-57.3123 208
-57.1704 1122
-57.0286 136
-56.8867 904
-56.7448 96
-56.603 536
-56.4611 0
-56.3192 672
-56.1774 712
-56.0355 14
-55.8937 1152
-55.7518 560
-55.6099 56
-55.4681 840
-55.3262 128
-55.1843 432
-55.0425 1554
-54.9006 352
-54.7588 288
-54.6169 768
-54.475 2176
-54.3332 384
-54.1913 224
-54.0494 568
-53.9076 1416
-53.7657 448
-53.6239 1096
-53.482 192
-53.3401 1360
-53.1983 72
-53.0564 1248
-52.9146 704
-52.7727 664
-52.6308 584
-52.489 1504
-52.3471 1120
-52.2052 344
-52.0634 944
-51.9215 1616
-51.7797 5268
-51.6378 160
-51.4959 1432
-51.3541 2424
-51.2122 576
-51.0703 2594
-50.9285 1984
-50.7866 1936
-50.6448 2032
-50.5029 2324
-50.361 1032
-50.2192 928
-50.0773 3552
-49.9354 4042
-49.7936 1504
-49.6517 1564
-49.5099 3008
-49.368 2120
-49.2261 8608
-49.0843 2848
-48.9424 2528
-48.8006 3456
-48.6587 3648
-48.5168 1172
-48.375 2176
-48.2331 3216
-48.0912 2696
-47.9494 4622
-47.8075 3640
-47.6657 896
-47.5238 2392
-47.3819 3984
-47.2401 4920
-47.0982 2576
-46.9563 4816
-46.8145 1952
-46.6726 6104
-46.5308 9504
-46.3889 2832
-46.247 3328
-46.1052 3200
-45.9633 5282
-45.8214 14048
-45.6796 4496
-45.5377 4616
-45.3959 5064
-45.254 6120
-45.1121 12128
-44.9703 3896
-44.8284 8168
-44.6866 6280
-44.5447 5568
-44.4028 8016
-44.261 4312
-44.1191 10456
-43.9772 9058
-43.8354 4480
-43.6935 28336
-43.5517 5912
-43.4098 6776
-43.2679 18192
-43.1261 8720
-42.9842 13508
-42.8423 6272
-42.7005 7760
-42.5586 10916
-42.4168 9168
-42.2749 6380
-42.133 12706
-41.9912 14160
-41.8493 8992
-41.7074 7216
-41.5656 9272
-41.4237 9316
-41.2819 8752
-41.14 34474
-40.9981 8536
-40.8563 7184
-40.7144 16072
-40.5726 22524
-40.4307 11768
-40.2888 19680
-40.147 13128
-40.0051 19000
-39.8632 17994
-39.7214 8132
-39.5795 13272
-39.4377 22832
-39.2958 25848
-39.1539 17496
-39.0121 18144
-38.8702 12554
-38.7283 17384
-38.5865 30960
-38.4446 27916
-38.3028 19120
-38.1609 17584
-38.019 22928
-37.8772 75688
-37.7353 20368
-37.5934 25648
-37.4516 30244
-37.3097 21856
-37.1679 15830
-37.026 42640
-36.8841 29616
-36.7423 28424
-36.6004 28296
-36.4586 27832
-36.3167 20040
-36.1748 33716
-36.033 15888
-35.8911 36408
-35.7492 65824
-35.6074 29360
-35.4655 35976
-35.3237 65968
-35.1818 25528
-35.0399 37780
-34.8981 45684
-34.7562 28352
-34.6143 30180
-34.4725 38348
-34.3306 37168
-34.1888 43336
-34.0469 44146
-33.905 39696
-33.7632 26488
-33.6213 34808
-33.4794 60912
-33.3376 41712
-33.1957 79216
-33.0539 39864
-32.912 28348
-32.7701 68136
-32.6283 76890
-32.4864 48936
-32.3446 60908
-32.2027 46936
-32.0608 113894
-31.919 37948
-31.7771 49712
-31.6352 68912
-31.4934 44856
-31.3515 60996
-31.2097 131576
-31.0678 44496
-30.9259 52152
-30.7841 87472
-30.6422 59776
-30.5003 83908
-30.3585 45528
-30.2166 64344
-30.0748 56758
-29.9329 55074
-29.791 315160
-29.6492 89580
-29.5073 87800
-29.3654 55784
-29.2236 63660
-29.0817 92512
-28.9399 67368
-28.798 82980
-28.6561 96896
-28.5143 81156
-28.3724 96392
-28.2306 52010
-28.0887 84060
-27.9468 125514
-27.805 57104
-27.6631 140152
-27.5212 109952
-27.3794 213976
-27.2375 89144
-27.0957 57740
-26.9538 159768
-26.8119 96084
-26.6701 61988
-26.5282 142492
-26.3863 130976
-26.2445 98704
-26.1026 114770
-25.9608 93032
-25.8189 95140
-25.677 89072
-25.5352 170836
-25.3933 194388
-25.2514 75632
-25.1096 155472
-24.9677 121226
-24.8259 142016
-24.684 171508
-24.5421 97884
-24.4003 118424
-24.2584 140072
-24.1166 157700
-23.9747 379920
-23.8328 125766
-23.691 162828
-23.5491 233308
-23.4072 101400
-23.2654 327472
-23.1235 95696
-22.9817 194556
-22.8398 212706
-22.6979 145648
-22.5561 151712
-22.4142 119288
-22.2723 136554
-22.1305 138776
-21.9886 130768
-21.8468 667296
-21.7049 261828
-21.563 93740
-21.4212 201600
-21.2793 131288
-21.1374 147312
-20.9956 181856
-20.8537 199928
-20.7119 200416
-20.57 209996
-20.4281 142848
-20.2863 264336
-20.1444 148916
-20.0026 244528
-19.8607 168270
-19.7188 210932
-19.577 204664
-19.4351 187528
-19.2932 432356
-19.1514 144644
-19.0095 170550
-18.8677 483252
-18.7258 196240
-18.5839 331548
-18.4421 261072
-18.3002 211472
-18.1583 192320
-18.0165 258464
-17.8746 194696
-17.7328 236480
-17.5909 350644
-17.449 366792
-17.3072 205508
-17.1653 240850
-17.0234 245296
-16.8816 178464
-16.7397 274886
-16.5979 266360
-16.456 191644
-16.3141 219624
-16.1723 282908
-16.0304 1162410
-15.8886 225900
-15.7467 300256
-15.6048 562872
-15.463 167920
-15.3211 214588
-15.1792 455800
-15.0374 184330
-14.8955 409728
-14.7537 391426
-14.6118 297180
-14.4699 240372
-14.3281 146176
-14.1862 370368
-14.0443 334854
-13.9025 930600
-13.7606 254936
-13.6188 359280
-13.4769 269252
-13.335 252656
-13.1932 302540
-13.0513 376096
-12.9094 232372
-12.7676 526902
-12.6257 238420
-12.4839 396240
-12.342 461342
-12.2001 246098
-12.0583 460140
-11.9164 273864
-11.7746 269152
-11.6327 349616
-11.4908 320232
-11.349 591944
-11.2071 366040
-11.0652 214472
-10.9234 934602
-10.7815 302532
-10.6397 352076
-10.4978 524424
-10.3559 301616
-10.2141 397860
-10.0722 268916
-9.93034 410586
-9.78848 471388
-9.64662 314284
-9.50476 367988
-9.3629 713668
-9.22103 270052
-9.07917 413132
-8.93731 280702
-8.79545 355112
-8.65359 364892
-8.51172 270744
-8.36986 359474
-8.228 249480
-8.08614 290660
-7.94428 2634928
-7.80241 372288
-7.66055 648398
-7.51869 279772
-7.37683 246848
-7.23497 513288
-7.0931 300492
-6.95124 632060
-6.80938 359232
-6.66752 419100
-6.52566 477812
-6.38379 212900
-6.24193 507746
-6.10007 538084
-5.95821 270466
-5.81634 896588
-5.67448 471228
-5.53262 392084
-5.39076 334564
-5.2489 362632
-5.10703 721474
-4.96517 413370
-4.82331 372496
-4.68145 750480
-4.53959 443436
-4.39772 563696
-4.25586 449016
-4.114 274744
-3.97214 610880
-3.83028 305816
-3.68841 518860
-3.54655 417808
-3.40469 383652
-3.26283 872702
-3.12097 343184
-2.9791 926830
-2.83724 438974
-2.69538 343192
-2.55352 429528
-2.41166 693284
-2.26979 317268
-2.12793 554960
-1.98607 451688
-1.84421 524888
-1.70234 475672
-1.56048 408992
-1.41862 527036
-1.27676 458422
-1.1349 500730
-0.993034 476700
-0.851172 422582
-0.70931 357892
-0.567448 257736
-0.425586 589592
-0.283724 268936
-0.141862 394196
0 3313036
0.141862 394196
0.283724 268936
0.425586 589592
0.567448 257736
0.70931 357892
0.851172 422582
0.993034 476700
1.1349 500730
1.27676 458422
1.41862 527036
1.56048 408992
1.70234 475672
1.84421 524888
1.98607 451688
2.12793 554960
2.26979 317268
2.41166 693284
2.55352 429528
2.69538 343192
2.83724 438974
2.9791 926830
3.12097 343184
3.26283 872702
3.40469 383652
3.54655 417808
3.68841 518860
3.83028 305816
3.97214 610880
4.114 274744
4.25586 449016
4.39772 563696
4.53959 443436
4.68145 750480
4.82331 372496
4.96517 413370
5.10703 721474
5.2489 362632
5.39076 334564
5.53262 392084
5.67448 471228
5.81634 896588
5.95821 270466
6.10007 538084
6.24193 507746
6.38379 212900
6.52566 477812
6.66752 419100
6.80938 359232
6.95124 632060
7.0931 300492
7.23497 513288
7.37683 246848
7.51869 279772
7.66055 648398
7.80241 372288
7.94428 2634928
8.08614 290660
8.228 249480
8.36986 359474
8.51172 270744
8.65359 364892
8.79545 355112
8.93731 280702
9.07917 413132
9.22103 270052
9.3629 713668
9.50476 367988
9.64662 314284
9.78848 471388
9.93034 410586
10.0722 268916
10.2141 397860
10.3559 301616
10.4978 524424
10.6397 352076
10.7815 302532
10.9234 934602
11.0652 214472
11.2071 366040
11.349 591944
11.4908 320232
11.6327 349616
11.7746 269152
11.9164 273864
12.0583 460140
12.2001 246098
12.342 461342
12.4839 396240
12.6257 238420
12.7676 526902
12.9094 232372
13.0513 376096
13.1932 302540
13.335 252656
13.4769 269252
13.6188 359280
13.7606 254936
13.9025 930600
14.0443 334854
14.1862 370368
14.3281 146176
14.4699 240372
14.6118 297180
14.7537 391426
14.8955 409728
15.0374 184330
15.1792 455800
15.3211 214588
15.463 167920
15.6048 562872
15.7467 300256
15.8886 225900
16.0304 1162410
16.1723 282908
16.3141 219624
16.456 191644
16.5979 266360
16.7397 274886
16.8816 178464
17.0234 245296
17.1653 240850
17.3072 205508
17.449 366792
17.5909 350644
17.7328 236480
17.8746 194696
18.0165 258464
18.1583 192320
18.3002 211472
18.4421 261072
18.5839 331548
18.7258 196240
18.8677 483252
19.0095 170550
19.1514 144644
19.2932 432356
19.4351 187528
19.577 204664
19.7188 210932
19.8607 168270
20.0026 244528
20.1444 148916
20.2863 264336
20.4281 142848
20.57 209996
20.7119 200416
20.8537 199928
20.9956 181856
21.1374 147312
21.2793 131288
21.4212 201600
21.563 93740
21.7049 261828
21.8468 667296
21.9886 130768
22.1305 138776
22.2723 136554
22.4142 119288
22.5561 151712
22.6979 145648
22.8398 212706
22.9817 194556
23.1235 95696
23.2654 327472
23.4072 101400
23.5491 233308
23.691 162828
23.8328 125766
23.9747 379920
24.1166 157700
24.2584 140072
24.4003 118424
24.5421 97884
24.684 171508
24.8259 142016
24.9677 121226
25.1096 155472
25.2514 75632
25.3933 194388
25.5352 170836
25.677 89072
25.8189 95140
25.9608 93032
26.1026 114770
26.2445 98704
26.3863 130976
26.5282 142492
26.6701 61988
26.8119 96084
26.9538 159768
27.0957 57740
27.2375 89144
27.3794 213976
27.5212 109952
27.6631 140152
27.805 57104
27.9468 125514
28.0887 84060
28.2306 52010
28.3724 96392
28.5143 81156
28.6561 96896
28.798 82980
28.9399 67368
29.0817 92512
29.2236 63660
29.3654 55784
29.5073 87800
29.6492 89580
29.791 315160
29.9329 55074
30.0748 56758
30.2166 64344
30.3585 45528
30.5003 83908
30.6422 59776
30.7841 87472
30.9259 52152
31.0678 44496
31.2097 131576
31.3515 60996
31.4934 44856
31.6352 68912
31.7771 49712
31.919 37948
32.0608 113894
32.2027 46936
32.3446 60908
32.4864 48936
32.6283 76890
32.7701 68136
32.912 28348
33.0539 39864
33.1957 79216
33.3376 41712
33.4794 60912
33.6213 34808
33.7632 26488
33.905 39696
34.0469 44146
34.1888 43336
34.3306 37168
34.4725 38348
34.6143 30180
34.7562 28352
34.8981 45684
35.0399 37780
35.1818 25528
35.3237 65968
35.4655 35976
35.6074 29360
35.7492 65824
35.8911 36408
36.033 15888
36.1748 33716
36.3167 20040
36.4586 27832
36.6004 28296
36.7423 28424
36.8841 29616
37.026 42640
37.1679 15830
37.3097 21856
37.4516 30244
37.5934 25648
37.7353 20368
37.8772 75688
38.019 22928
38.1609 17584
38.3028 19120
38.4446 27916
38.5865 30960
38.7283 17384
38.8702 12554
39.0121 18144
39.1539 17496
39.2958 25848
39.4377 22832
39.5795 13272
39.7214 8132
39.8632 17994
40.0051 19000
40.147 13128
40.2888 19680
40.4307 11768
40.5726 22524
40.7144 16072
40.8563 7184
40.9981 8536
41.14 34474
41.2819 8752
41.4237 9316
41.5656 9272
41.7074 7216
41.8493 8992
41.9912 14160
42.133 12706
42.2749 6380
42.4168 9168
42.5586 10916
42.7005 7760
42.8423 6272
42.9842 13508
43.1261 8720
43.2679 18192
43.4098 6776
43.5517 5912
43.6935 28336
43.8354 4480
43.9772 9058
44.1191 10456
44.261 4312
44.4028 8016
44.5447 5568
44.6866 6280
44.8284 8168
44.9703 3896
45.1121 12128
45.254 6120
45.3959 5064
45.5377 4616
45.6796 4496
45.8214 14048
45.9633 5282
46.1052 3200
46.247 3328
46.3889 2832
46.5308 9504
46.6726 6104
46.8145 1952
46.9563 4816
47.0982 2576
47.2401 4920
47.3819 3984
47.5238 2392
47.6657 896
47.8075 3640
47.9494 4622
48.0912 2696
48.2331 3216
48.375 2176
48.5168 1172
48.6587 3648
48.8006 3456
48.9424 2528
49.0843 2848
49.2261 8608
49.368 2120
49.5099 3008
49.6517 1564
49.7936 1504
49.9354 4042
50.0773 3552
50.2192 928
50.361 1032
50.5029 2324
50.6448 2032
50.7866 1936
50.9285 1984
51.0703 2594
51.2122 576
51.3541 2424
51.4959 1432
51.6378 160
51.7797 5268
51.9215 1616
52.0634 944
52.2052 344
52.3471 1120
52.489 1504
52.6308 584
52.7727 664
52.9146 704
53.0564 1248
53.1983 72
53.3401 1360
53.482 192
53.6239 1096
53.7657 448
53.9076 1416
54.0494 568
54.1913 224
54.3332 384
54.475 2176
54.6169 768
54.7588 288
54.9006 352
55.0425 1554
55.1843 432
55.3262 128
55.4681 840
55.6099 56
55.7518 560
55.8937 1152
56.0355 14
56.1774 712
56.3192 672
56.4611 0
56.603 536
56.7448 96
56.8867 904
57.0286 136
57.1704 1122
57.3123 208
57.4541 96
57.596 608
57.7379 280
57.8797 56
58.0216 416
58.1634 104
58.3053 192
58.4472 136
58.589 0
58.7309 160
58.8728 128
59.0146 104
59.1565 448
59.2983 40
59.4402 160
59.5821 64
59.7239 576
59.8658 264
60.0077 0
60.1495 32
60.2914 384
60.4332 400
60.5751 64
60.717 240
60.8588 128
61.0007 8
61.1426 0
61.2844 128
61.4263 192
61.5681 64
61.71 128
61.8519 96
61.9937 32
62.1356 160
62.2774 0
62.4193 352
62.5612 48
62.703 64
62.8449 0
62.9868 256
63.1286 96
63.2705 64
63.4123 32
63.5542 0
63.6961 32
63.8379 2
63.9798 40
64.1217 8
64.2635 24
64.4054 32
64.5472 32
64.6891 64
64.831 64
64.9728 128
65.1147 64
65.2566 32
65.3984 0
65.5403 64
65.6821 0
65.824 136
65.9659 24
66.1077 0
66.2496 24
66.3914 32
66.5333 16
66.6752 0
66.817 0
66.9589 0
67.1008 0
67.2426 32
67.3845 8
67.5263 32
67.6682 48
67.8101 0
67.9519 16
68.0938 0
68.2357 32
68.3775 32
68.5194 32
68.6612 0
68.8031 8
68.945 0
69.0868 0
69.2287 0
69.3706 0
69.5124 8
69.6543 0
69.7961 8
69.938 8
70.0799 12
70.2217 0
70.3636 0
70.5054 0
70.6473 0
70.7892 0
70.931 2
