-32.6888
-31.5074
-31.4205
-31.2449
-31.058
-29.8167
-29.7469
-29.7374
-29.6712
-29.5287
-29.4546
-29.2984
-29.2693
-28.9969
-27.5964
-27.5824
-27.5403
-27.493
-26.0347
-25.9723
-25.9061
-25.8441
-25.7681
-24.6728
-24.5393
-24.4873
-24.4856
-24.4707
-24.4154
-24.403
-24.3861
-24.3221
-24.2756
-24.2713
-24.2403
-24.209
-24.1915
-24.1741
-24.1365
-24.1201
-24.0737
-24.0584
-23.9911
-23.5984
-23.5688
-23.2887
-23.2356
-23.1089
-23.0786
-22.9991
-22.9563
-22.8132
-22.715
-22.6762
-22.6099
-22.546
-22.4438
-22.4338
-22.4172
-22.355
-22.3342
-22.3242
-22.3124
-22.2423
-22.1975
-22.1045
-22.0965
-22.0744
-22.0652
-21.9885
-21.9394
-21.7975
-21.7648
-21.7264
-21.7046
-21.6702
-21.655
-21.6225
-21.4041
-21.3645
-21.2735
-21.1738
-21.1488
-21.0683
-21.0108
-20.9977
-20.9319
-20.8773
-20.8594
-20.8412
-20.8302
-20.8224
-20.8019
-20.7292
-20.7098
-20.7039
-20.6911
-20.6769
-20.6531
-20.6251
-20.6207
-20.5681
-20.5521
-20.5457
-20.489
-20.4676
-20.4464
-20.4364
-20.4173
-20.4029
-20.3808
-20.359
-20.3391
-20.2527
-20.2314
-20.1217
-20.1087
-20.0866
-20.0625
-19.8175
-19.65
-19.6149
-19.5997
-19.5155
-19.4826
-19.4621
-19.428
-19.4031
-19.375
-19.3309
-19.2879
-19.2445
-19.2182
-19.2056
-19.178
-19.1424
-19.1419
-19.1047
-19.0605
-19.0438
-19.0171
-18.9973
-18.9943
-18.9903
-18.9474
-18.9311
-18.8988
-18.8787
-18.8769
-18.8541
-18.8478
-18.8144
-18.8123
-18.7982
-18.7714
-18.721
-18.6932
-18.6624
-18.6337
-18.6068
-18.566
-18.5428
-18.5297
-18.4897
-18.4085
-18.3968
-18.3664
-18.2984
-18.1785
-18.1656
-18.0987
-18.0606
-17.9809
-17.9276
-17.9136
-17.8745
-17.8533
-17.8022
-17.7775
-17.7349
-17.727
-17.7233
-17.6496
-17.6456
-17.6118
-17.6021
-17.5824
-17.5128
-17.4682
-17.4242
-17.397
-17.3739
-17.3621
-17.3393
-17.306
-17.2644
-17.2495
-17.2293
-17.2134
-17.1896
-17.177
-17.1629
-17.1558
-17.142
-17.1213
-17.1102
-17.0767
-17.0348
-17.0091
-16.9964
-16.8656
-16.8518
-16.8096
-16.769
-16.7663
-16.7387
-16.7229
-16.7031
-16.6968
-16.6615
-16.6425
-16.6383
-16.6302
-16.6131
-16.5974
-16.5879
-16.5678
-16.5517
-16.5383
-16.5175
-16.4956
-16.4743
-16.4446
-16.4288
-16.4233
-16.3888
-16.3684
-16.357
-16.3441
-16.3365
-16.3048
-16.2938
-16.262
-16.226
-16.2206
-16.2096
-16.1904
-16.1864
-16.1571
-16.1285
-16.0981
-16.0524
-16.0007
-15.9538
-15.9342
-15.8641
-15.8535
-15.8334
-15.816
-15.7976
-15.7564
-15.7279
-15.7182
-15.6726
-15.6548
-15.6469
-15.6196
-15.5938
-15.5825
-15.5664
-15.553
-15.5384
-15.5227
-15.5069
-15.5025
-15.4884
-15.4878
-15.4796
-15.4663
-15.4574
-15.4402
-15.4289
-15.4277
-15.403
-15.3923
-15.3718
-15.3536
-15.3382
-15.327
-15.3073
-15.2995
-15.282
-15.271
-15.2489
-15.2381
-15.2308
-15.202
-15.1864
-15.1765
-15.1702
-15.1658
-15.1484
-15.1407
-15.1347
-15.1086
-15.0933
-15.0857
-15.072
-15.0596
-15.0441
-15.0412
-15.0164
-15.0075
-14.995
-14.9753
-14.9731
-14.9501
-14.9254
-14.9001
-14.897
-14.8894
-14.8651
-14.8569
-14.8551
-14.8244
-14.8016
-14.7899
-14.789
-14.7707
-14.7657
-14.7454
-14.7251
-14.7165
-14.7031
-14.6888
-14.6726
-14.6671
-14.6638
-14.6471
-14.6442
-14.6214
-14.6088
-14.5873
-14.5472
-14.5081
-14.4817
-14.4397
-14.4136
-14.3742
-14.3668
-14.3387
-14.3281
-14.3228
-14.3018
-14.2887
-14.2697
-14.2565
-14.2306
-14.2136
-14.2086
-14.1889
-14.1618
-14.1559
-14.1339
-14.1142
-14.0644
-14.0425
-14.0241
-13.9833
-13.9532
-13.9318
-13.9135
-13.9108
-13.8926
-13.888
-13.8685
-13.8619
-13.8485
-13.8398
-13.8305
-13.8189
-13.7978
-13.7954
-13.789
-13.7596
-13.7452
-13.735
-13.7329
-13.7275
-13.7194
-13.7173
-13.7105
-13.7076
-13.6866
-13.6837
-13.668
-13.6606
-13.6471
-13.643
-13.6343
-13.6213
-13.6126
-13.6026
-13.5984
-13.5705
-13.5628
-13.5607
-13.5512
-13.5412
-13.5224
-13.5149
-13.5095
-13.4991
-13.4801
-13.4589
-13.4392
-13.4326
-13.4224
-13.3914
-13.3742
-13.3598
-13.335
-13.3157
-13.3045
-13.2909
-13.2775
-13.2605
-13.2529
-13.2339
-13.2155
-13.2076
-13.1909
-13.1738
-13.1662
-13.1583
-13.1418
-13.1386
-13.1137
-13.0763
-13.0628
-13.0544
-13.0481
-13.0409
-13.0304
-13.0165
-13.0129
-12.9863
-12.9795
-12.9781
-12.9735
-12.9468
-12.9163
-12.9146
-12.9017
-12.8931
-12.8731
-12.849
-12.8282
-12.8245
-12.8109
-12.7871
-12.7808
-12.7698
-12.7571
-12.7465
-12.7452
-12.7238
-12.6922
-12.6843
-12.6822
-12.669
-12.6603
-12.6581
-12.6304
-12.6217
-12.6135
-12.605
-12.6002
-12.5968
-12.5908
-12.5754
-12.5612
-12.5464
-12.5377
-12.5279
-12.5148
-12.5039
-12.4951
-12.4913
-12.4827
-12.4711
-12.4638
-12.456
-12.4483
-12.423
-12.4027
-12.3946
-12.3901
-12.3808
-12.3746
-12.3675
-12.3605
-12.3546
-12.3453
-12.328
-12.3211
-12.3124
-12.2951
-12.2739
-12.2684
-12.2573
-12.2527
-12.231
-12.224
-12.2124
-12.204
-12.1882
-12.1877
-12.1852
-12.1711
-12.1661
-12.1507
-12.1454
-12.1277
-12.1232
-12.1177
-12.0993
-12.0969
-12.0917
-12.0845
-12.0762
-12.0671
-12.0577
-12.0551
-12.0414
-12.0366
-12.0266
-12.0221
-12.0197
-11.9867
-11.9753
-11.9523
-11.9395
-11.9294
-11.9118
-11.9109
-11.9035
-11.8934
-11.8905
-11.8757
-11.8463
-11.8405
-11.8121
-11.8086
-11.8018
-11.7893
-11.7862
-11.7628
-11.7576
-11.7409
-11.7318
-11.7218
-11.7198
-11.7184
-11.6967
-11.6869
-11.6708
-11.6312
-11.588
-11.5813
-11.5666
-11.5555
-11.536
-11.5171
-11.5107
-11.4931
-11.4818
-11.4752
-11.4631
-11.4504
-11.4406
-11.4361
-11.4315
-11.409
-11.4011
-11.3972
-11.3743
-11.3631
-11.3362
-11.3267
-11.3093
-11.2993
-11.2889
-11.2759
-11.2669
-11.2624
-11.2553
-11.2466
-11.2319
-11.2205
-11.2116
-11.2073
-11.2006
-11.1865
-11.1769
-11.1674
-11.165
-11.1642
-11.1585
-11.1573
-11.1403
-11.1342
-11.1286
-11.1236
-11.1116
-11.1085
-11.0884
-11.0801
-11.0648
-11.0478
-11.0422
-11.028
-11.0223
-11.0191
-11.0051
-10.9951
-10.9922
-10.9904
-10.9879
-10.977
-10.9706
-10.9585
-10.9568
-10.948
-10.942
-10.9412
-10.9329
-10.9231
-10.9186
-10.9098
-10.906
-10.894
-10.8884
-10.883
-10.8769
-10.8624
-10.853
-10.8474
-10.8277
-10.8226
-10.8192
-10.8061
-10.787
-10.7828
-10.7801
-10.7641
-10.7453
-10.7383
-10.7356
-10.726
-10.7097
-10.7046
-10.6975
-10.6855
-10.6727
-10.664
-10.654
-10.6314
-10.6252
-10.6139
-10.5988
-10.5838
-10.5767
-10.5748
-10.559
-10.5424
-10.5297
-10.5228
-10.5177
-10.5103
-10.4922
-10.4878
-10.4772
-10.4679
-10.4553
-10.4417
-10.4311
-10.4079
-10.389
-10.3818
-10.3749
-10.3603
-10.3496
-10.3441
-10.3437
-10.3206
-10.3126
-10.304
-10.2993
-10.2934
-10.2903
-10.2805
-10.2764
-10.2696
-10.2507
-10.2471
-10.2406
-10.2305
-10.2177
-10.2072
-10.1999
-10.1949
-10.1908
-10.1644
-10.1617
-10.1579
-10.1384
-10.1269
-10.125
-10.1143
-10.109
-10.1033
-10.0928
-10.0788
-10.0759
-10.0686
-10.0482
-10.042
-10.0389
-10.0322
-10.0199
-10.003
-10.0018
-9.9689
-9.96273
-9.95023
-9.94207
-9.91348
-9.90574
-9.8976
-9.88656
-9.87249
-9.87094
-9.85551
-9.84797
-9.83673
-9.83332
-9.82582
-9.82076
-9.81779
-9.81384
-9.80083
-9.7944
-9.79048
-9.77684
-9.76447
-9.75292
-9.74889
-9.7419
-9.73354
-9.72944
-9.71907
-9.71392
-9.70652
-9.6991
-9.69417
-9.68345
-9.67584
-9.66681
-9.66254
-9.66087
-9.64924
-9.64098
-9.63842
-9.62867
-9.61616
-9.61173
-9.60528
-9.5989
-9.5777
-9.57499
-9.57088
-9.55905
-9.54686
-9.54323
-9.52067
-9.51331
-9.50425
-9.50228
-9.49732
-9.4781
-9.46851
-9.4614
-9.45454
-9.44053
-9.42957
-9.41205
-9.40996
-9.40073
-9.39785
-9.37048
-9.35684
-9.35425
-9.35147
-9.34084
-9.3343
-9.32566
-9.30743
-9.28932
-9.28243
-9.27627
-9.2622
-9.26011
-9.25167
-9.2408
-9.23934
-9.23362
-9.22982
-9.22235
-9.21538
-9.20283
-9.20136
-9.19712
-9.19176
-9.18578
-9.17971
-9.16707
-9.16367
-9.16051
-9.13322
-9.12816
-9.11721
-9.10368
-9.09834
-9.08412
-9.07162
-9.0619
-9.04704
-9.04151
-9.0298
-9.01599
-8.99718
-8.99172
-8.97897
-8.96701
-8.95363
-8.94342
-8.93823
-8.92862
-8.92197
-8.91537
-8.89074
-8.88356
-8.87164
-8.85412
-8.84031
-8.83087
-8.82207
-8.79756
-8.77179
-8.7642
-8.74655
-8.73163
-8.71601
-8.7093
-8.70061
-8.69127
-8.68923
-8.67498
-8.65969
-8.64738
-8.63266
-8.62291
-8.61975
-8.61761
-8.60597
-8.60329
-8.59964
-8.58566
-8.5775
-8.56493
-8.56269
-8.5458
-8.54009
-8.53274
-8.53112
-8.52282
-8.5007
-8.49732
-8.49223
-8.48762
-8.47515
-8.4686
-8.46127
-8.45415
-8.44858
-8.44482
-8.43773
-8.42641
-8.42256
-8.41912
-8.41064
-8.40873
-8.40574
-8.40231
-8.39212
-8.38459
-8.37518
-8.36795
-8.35611
-8.34783
-8.342
-8.34066
-8.32226
-8.31984
-8.31961
-8.31026
-8.30681
-8.29876
-8.29368
-8.28332
-8.27898
-8.27276
-8.25397
-8.2532
-8.24831
-8.23642
-8.23202
-8.21562
-8.21305
-8.21242
-8.20751
-8.20516
-8.19036
-8.18079
-8.17666
-8.17058
-8.16333
-8.15456
-8.14562
-8.14482
-8.1372
-8.13032
-8.12763
-8.11594
-8.10644
-8.09849
-8.09004
-8.08545
-8.07703
-8.07151
-8.06444
-8.04743
-8.03213
-8.0291
-8.02007
-8.01061
-7.99278
-7.9867
-7.97549
-7.96729
-7.95677
-7.95159
-7.93956
-7.92407
-7.9194
-7.91632
-7.91056
-7.90261
-7.89698
-7.88514
-7.87482
-7.86906
-7.86155
-7.85217
-7.84909
-7.84416
-7.83353
-7.82724
-7.81371
-7.80647
-7.79989
-7.79321
-7.77519
-7.76851
-7.76333
-7.75775
-7.75738
-7.75036
-7.73165
-7.72984
-7.72071
-7.71505
-7.71133
-7.69533
-7.69471
-7.68501
-7.68034
-7.66985
-7.66139
-7.65031
-7.64783
-7.64123
-7.62221
-7.6137
-7.609
-7.5985
-7.59404
-7.58525
-7.58094
-7.56889
-7.55893
-7.55286
-7.54759
-7.53647
-7.53165
-7.52912
-7.51893
-7.51077
-7.50595
-7.5009
-7.49063
-7.48773
-7.47989
-7.4679
-7.46119
-7.45646
-7.45017
-7.44745
-7.42997
-7.42805
-7.42154
-7.40522
-7.39492
-7.39152
-7.384
-7.37772
-7.36592
-7.35665
-7.34856
-7.33834
-7.32441
-7.3153
-7.31344
-7.2994
-7.29884
-7.29043
-7.28568
-7.28018
-7.27354
-7.26724
-7.2512
-7.23505
-7.23194
-7.22622
-7.21903
-7.21026
-7.20256
-7.19154
-7.19027
-7.1857
-7.1759
-7.16436
-7.1525
-7.14913
-7.13509
-7.12664
-7.12278
-7.12127
-7.11598
-7.10926
-7.10386
-7.09837
-7.0894
-7.08228
-7.0795
-7.07534
-7.06488
-7.06017
-7.05229
-7.0481
-7.04372
-7.0326
-7.02529
-7.02079
-7.01691
-7.00467
-6.9983
-6.99448
-6.9916
-6.99034
-6.98325
-6.97929
-6.97459
-6.96614
-6.96495
-6.96089
-6.9509
-6.93666
-6.936
-6.93105
-6.92975
-6.92532
-6.9158
-6.91281
-6.91152
-6.90809
-6.90214
-6.90197
-6.89905
-6.8957
-6.89434
-6.88925
-6.88371
-6.87649
-6.87141
-6.86901
-6.85942
-6.85541
-6.8536
-6.84431
-6.83337
-6.82882
-6.82366
-6.82063
-6.81283
-6.80899
-6.8055
-6.79835
-6.79245
-6.79144
-6.78959
-6.78495
-6.77816
-6.77689
-6.76693
-6.75561
-6.74926
-6.74263
-6.73409
-6.73234
-6.72672
-6.72454
-6.71302
-6.70605
-6.70465
-6.69898
-6.69549
-6.68551
-6.67823
-6.66434
-6.65935
-6.65703
-6.64396
-6.63802
-6.63556
-6.62336
-6.6203
-6.61059
-6.6034
-6.59567
-6.58608
-6.58394
-6.57756
-6.56209
-6.55877
-6.55487
-6.54941
-6.54073
-6.53615
-6.53239
-6.5179
-6.51432
-6.51278
-6.50745
-6.50011
-6.49724
-6.48519
-6.47022
-6.46826
-6.4578
-6.45243
-6.44962
-6.4441
-6.43434
-6.42007
-6.40975
-6.40054
-6.39477
-6.39064
-6.38249
-6.36813
-6.35982
-6.34568
-6.34069
-6.33484
-6.33215
-6.32616
-6.31358
-6.30634
-6.30412
-6.29259
-6.28068
-6.27073
-6.25812
-6.25242
-6.24187
-6.24019
-6.23683
-6.22544
-6.21606
-6.21167
-6.19491
-6.18012
-6.17438
-6.16174
-6.15285
-6.14889
-6.13874
-6.13714
-6.13367
-6.11827
-6.10743
-6.10091
-6.09278
-6.08792
-6.08413
-6.07681
-6.07195
-6.05563
-6.05364
-6.04594
-6.0369
-6.03344
-6.02813
-6.01822
-6.01148
-6.00384
-5.99391
-5.98247
-5.97426
-5.9642
-5.96279
-5.95826
-5.94246
-5.93941
-5.93213
-5.92299
-5.91697
-5.91194
-5.91034
-5.89586
-5.8881
-5.885
-5.87696
-5.86875
-5.86325
-5.85567
-5.84466
-5.84322
-5.83194
-5.82392
-5.81992
-5.81677
-5.81195
-5.8025
-5.79306
-5.7855
-5.77545
-5.77083
-5.76764
-5.76331
-5.75116
-5.75074
-5.73594
-5.73184
-5.72246
-5.71697
-5.71171
-5.69659
-5.69463
-5.68503
-5.6775
-5.66049
-5.65925
-5.65482
-5.64197
-5.64025
-5.62865
-5.62189
-5.61647
-5.61188
-5.60865
-5.59945
-5.5932
-5.58861
-5.5848
-5.57985
-5.57614
-5.57026
-5.55916
-5.55723
-5.54855
-5.54117
-5.53569
-5.53032
-5.52523
-5.51829
-5.51416
-5.50668
-5.50074
-5.49118
-5.48489
-5.48234
-5.47714
-5.47577
-5.47273
-5.45932
-5.45297
-5.45088
-5.44751
-5.44381
-5.44002
-5.43756
-5.43508
-5.42332
-5.42001
-5.41108
-5.40472
-5.40149
-5.3923
-5.38916
-5.38306
-5.37722
-5.36628
-5.36385
-5.35081
-5.3483
-5.34414
-5.33999
-5.33055
-5.32771
-5.3172
-5.31621
-5.31053
-5.29916
-5.29755
-5.29382
-5.28569
-5.27941
-5.27501
-5.27168
-5.26507
-5.25694
-5.25079
-5.24509
-5.24075
-5.23856
-5.22612
-5.22344
-5.21222
-5.20849
-5.20083
-5.19687
-5.19295
-5.1776
-5.17535
-5.16506
-5.15765
-5.15664
-5.15485
-5.14742
-5.14591
-5.13742
-5.12508
-5.11748
-5.1052
-5.09751
-5.09254
-5.09033
-5.08272
-5.07533
-5.06447
-5.05158
-5.04742
-5.04256
-5.04047
-5.02525
-5.02276
-5.00722
-4.99716
-4.9749
-4.9715
-4.96167
-4.9541
-4.94869
-4.9417
-4.92568
-4.9077
-4.9017
-4.88871
-4.87445
-4.87016
-4.86505
-4.84447
-4.83868
-4.82643
-4.82119
-4.81922
-4.81027
-4.79689
-4.79369
-4.78213
-4.77632
-4.76574
-4.75445
-4.74452
-4.73994
-4.73261
-4.72113
-4.71511
-4.70848
-4.70235
-4.69052
-4.67955
-4.67648
-4.67045
-4.66303
-4.65343
-4.64891
-4.6473
-4.64384
-4.63496
-4.63072
-4.62514
-4.61838
-4.61726
-4.61435
-4.60773
-4.59796
-4.59067
-4.58933
-4.58093
-4.5675
-4.56162
-4.55886
-4.55041
-4.54724
-4.54077
-4.53155
-4.52615
-4.52455
-4.52303
-4.51679
-4.50077
-4.49876
-4.48943
-4.48565
-4.47786
-4.47509
-4.47111
-4.46718
-4.46098
-4.45643
-4.45326
-4.44584
-4.445
-4.43828
-4.42862
-4.42556
-4.42168
-4.41424
-4.41007
-4.39979
-4.39391
-4.38683
-4.38375
-4.37863
-4.37596
-4.37035
-4.36467
-4.3641
-4.36004
-4.35322
-4.34816
-4.34664
-4.34202
-4.33847
-4.3292
-4.32697
-4.31751
-4.31308
-4.3128
-4.31198
-4.29849
-4.29367
-4.2883
-4.2845
-4.28058
-4.27776
-4.27
-4.26576
-4.26038
-4.25027
-4.24596
-4.23613
-4.23257
-4.23125
-4.22615
-4.21387
-4.21115
-4.20912
-4.20456
-4.19841
-4.18791
-4.1841
-4.18282
-4.17732
-4.17516
-4.16809
-4.16643
-4.16156
-4.15257
-4.14842
-4.14752
-4.14001
-4.1342
-4.13341
-4.12838
-4.12047
-4.11591
-4.1098
-4.1063
-4.10339
-4.09624
-4.09057
-4.08158
-4.07791
-4.07725
-4.07228
-4.0635
-4.06159
-4.05702
-4.05231
-4.0437
-4.03838
-4.03586
-4.02686
-4.02475
-4.02258
-4.01559
-4.00938
-4.0036
-3.99845
-3.99579
-3.98935
-3.98244
-3.97914
-3.9722
-3.96907
-3.96749
-3.96308
-3.95724
-3.95128
-3.94727
-3.94257
-3.93627
-3.93155
-3.92902
-3.92573
-3.91909
-3.91509
-3.90597
-3.90498
-3.89535
-3.887
-3.88335
-3.87951
-3.87083
-3.8649
-3.86109
-3.8572
-3.85258
-3.84804
-3.84516
-3.84332
-3.83301
-3.82932
-3.82377
-3.82067
-3.81823
-3.8126
-3.80927
-3.79287
-3.78778
-3.78431
-3.78252
-3.77385
-3.77024
-3.76102
-3.75559
-3.75303
-3.74485
-3.74047
-3.73702
-3.73115
-3.72491
-3.71965
-3.71318
-3.70826
-3.70566
-3.69739
-3.69099
-3.68875
-3.68107
-3.67349
-3.66772
-3.66557
-3.66064
-3.65662
-3.65378
-3.6461
-3.63446
-3.6329
-3.62564
-3.62152
-3.61844
-3.61523
-3.61026
-3.60602
-3.59536
-3.5947
-3.5845
-3.58212
-3.57221
-3.56545
-3.55969
-3.54841
-3.54074
-3.52641
-3.52163
-3.51477
-3.50894
-3.49759
-3.49454
-3.48865
-3.48585
-3.47847
-3.46398
-3.4619
-3.45276
-3.45101
-3.4451
-3.43524
-3.42702
-3.42546
-3.42345
-3.41555
-3.40811
-3.40663
-3.39951
-3.39477
-3.39128
-3.38868
-3.37779
-3.36934
-3.36786
-3.35848
-3.34518
-3.34256
-3.33484
-3.33324
-3.32895
-3.31746
-3.31215
-3.30836
-3.30073
-3.29771
-3.28502
-3.2776
-3.27204
-3.26682
-3.26417
-3.26293
-3.257
-3.24731
-3.24198
-3.23864
-3.23493
-3.22898
-3.22173
-3.21682
-3.21356
-3.20967
-3.19988
-3.19041
-3.18845
-3.18109
-3.17789
-3.17451
-3.16691
-3.16203
-3.16147
-3.1603
-3.15656
-3.1495
-3.14472
-3.14251
-3.13241
-3.1264
-3.12401
-3.11223
-3.10836
-3.10605
-3.09898
-3.09594
-3.09209
-3.08596
-3.08222
-3.07603
-3.06627
-3.06413
-3.06221
-3.05335
-3.0509
-3.04824
-3.04505
-3.03911
-3.03499
-3.03268
-3.02314
-3.02001
-3.01444
-3.01028
-3.00753
-3.00304
-2.99524
-2.98103
-2.98033
-2.97559
-2.96627
-2.96404
-2.95868
-2.9544
-2.94473
-2.93588
-2.9317
-2.92892
-2.92006
-2.91259
-2.90744
-2.90508
-2.90321
-2.89251
-2.88797
-2.88187
-2.87867
-2.87018
-2.8663
-2.85618
-2.85361
-2.84619
-2.84299
-2.83644
-2.83181
-2.82965
-2.82446
-2.81686
-2.81462
-2.80508
-2.79939
-2.79565
-2.78816
-2.78382
-2.77884
-2.76998
-2.76504
-2.7586
-2.75331
-2.74606
-2.74391
-2.73796
-2.73412
-2.72959
-2.71834
-2.70834
-2.70077
-2.69268
-2.68332
-2.67139
-2.66957
-2.66311
-2.65588
-2.6468
-2.64396
-2.64329
-2.62868
-2.62478
-2.61567
-2.61151
-2.6023
-2.59557
-2.59101
-2.58515
-2.57683
-2.57243
-2.56426
-2.55041
-2.54356
-2.53996
-2.53507
-2.52516
-2.52017
-2.51438
-2.50904
-2.50143
-2.49916
-2.48624
-2.48208
-2.47354
-2.46303
-2.45626
-2.44889
-2.4415
-2.43593
-2.4256
-2.42313
-2.41825
-2.41404
-2.41082
-2.40701
-2.39971
-2.39338
-2.39235
-2.38085
-2.37809
-2.37518
-2.36336
-2.35919
-2.35295
-2.34905
-2.34423
-2.3379
-2.33401
-2.3267
-2.31659
-2.31078
-2.29808
-2.29627
-2.29292
-2.28448
-2.27756
-2.2746
-2.2714
-2.26318
-2.26101
-2.25088
-2.24255
-2.24161
-2.23559
-2.23076
-2.22884
-2.22436
-2.21915
-2.21383
-2.21234
-2.20524
-2.19879
-2.19501
-2.19036
-2.18585
-2.18243
-2.17663
-2.16904
-2.16008
-2.15917
-2.15367
-2.14974
-2.14662
-2.14215
-2.13395
-2.12791
-2.12639
-2.12296
-2.11697
-2.10583
-2.10197
-2.09424
-2.08982
-2.08616
-2.0803
-2.07728
-2.07345
-2.06541
-2.06112
-2.05852
-2.05036
-2.04681
-2.04468
-2.03737
-2.0313
-2.01964
-2.0165
-2.00982
-2.00356
-1.99558
-1.99049
-1.98795
-1.98545
-1.97276
-1.96457
-1.95933
-1.95715
-1.95073
-1.94329
-1.9347
-1.92954
-1.92574
-1.91984
-1.91782
-1.9123
-1.90428
-1.90178
-1.89093
-1.89002
-1.88933
-1.88131
-1.87757
-1.87074
-1.86984
-1.86388
-1.85633
-1.85437
-1.84568
-1.84334
-1.8373
-1.83306
-1.83242
-1.82385
-1.81677
-1.81062
-1.80887
-1.80576
-1.79669
-1.79083
-1.7873
-1.78537
-1.77901
-1.77552
-1.77096
-1.76162
-1.75907
-1.75055
-1.74775
-1.74625
-1.7417
-1.73427
-1.73097
-1.72501
-1.72221
-1.71463
-1.70659
-1.70406
-1.70295
-1.6984
-1.69024
-1.68491
-1.67561
-1.67254
-1.66457
-1.66418
-1.65982
-1.65401
-1.64921
-1.64853
-1.64381
-1.63374
-1.63014
-1.62408
-1.62089
-1.61833
-1.60854
-1.60244
-1.59809
-1.5957
-1.59293
-1.5893
-1.58627
-1.57673
-1.57262
-1.56742
-1.56034
-1.55681
-1.55524
-1.54795
-1.54681
-1.54362
-1.54118
-1.53707
-1.52952
-1.52817
-1.52207
-1.5204
-1.51566
-1.50445
-1.49274
-1.48838
-1.48821
-1.48456
-1.47897
-1.4726
-1.46979
-1.46862
-1.46059
-1.45828
-1.45082
-1.44224
-1.44079
-1.43717
-1.42834
-1.42434
-1.42386
-1.4166
-1.40941
-1.40606
-1.40291
-1.40036
-1.39427
-1.38648
-1.38081
-1.37331
-1.37072
-1.36723
-1.36553
-1.36172
-1.36025
-1.35341
-1.34455
-1.34308
-1.33509
-1.33261
-1.3258
-1.32371
-1.31665
-1.31382
-1.30763
-1.30725
-1.30053
-1.29636
-1.29333
-1.2828
-1.27899
-1.27134
-1.26902
-1.26466
-1.26085
-1.25483
-1.25157
-1.24843
-1.24412
-1.23023
-1.22973
-1.2245
-1.22352
-1.21611
-1.21149
-1.20747
-1.20622
-1.20328
-1.1998
-1.19605
-1.18811
-1.18766
-1.18491
-1.17463
-1.17068
-1.16015
-1.15409
-1.15261
-1.15147
-1.14284
-1.13742
-1.1334
-1.12927
-1.12394
-1.11808
-1.11352
-1.10937
-1.10585
-1.1017
-1.09649
-1.09107
-1.08769
-1.08174
-1.07194
-1.06456
-1.06086
-1.05483
-1.05167
-1.04699
-1.0437
-1.0371
-1.03326
-1.0241
-1.0194
-1.01618
-1.01125
-1.0088
-1.00435
-0.998744
-0.990716
-0.985178
-0.981429
-0.973577
-0.971136
-0.963728
-0.957582
-0.95268
-0.949729
-0.946232
-0.943727
-0.937203
-0.929575
-0.928693
-0.919311
-0.915165
-0.908815
-0.896855
-0.894545
-0.887439
-0.880408
-0.876529
-0.869843
-0.866164
-0.861161
-0.859074
-0.853815
-0.848777
-0.840941
-0.831223
-0.82407
-0.815113
-0.812667
-0.80986
-0.806939
-0.798657
-0.795593
-0.794557
-0.788219
-0.780591
-0.775405
-0.770267
-0.766844
-0.763329
-0.756743
-0.752574
-0.747053
-0.740732
-0.735395
-0.729266
-0.723826
-0.72256
-0.716508
-0.711885
-0.707304
-0.694568
-0.692526
-0.682352
-0.681303
-0.674524
-0.672775
-0.669092
-0.658621
-0.653562
-0.649357
-0.63896
-0.6359
-0.628532
-0.625611
-0.616276
-0.607568
-0.605603
-0.597128
-0.592751
-0.587378
-0.584578
-0.578599
-0.565245
-0.555425
-0.552867
-0.548897
-0.543232
-0.540199
-0.530463
-0.527135
-0.521649
-0.510959
-0.505782
-0.504148
-0.496836
-0.490678
-0.484608
-0.478607
-0.473093
-0.469353
-0.459167
-0.448612
-0.447596
-0.445698
-0.4414
-0.433679
-0.430147
-0.427847
-0.422081
-0.418768
-0.415815
-0.41026
-0.406742
-0.40505
-0.399039
-0.394127
-0.383573
-0.380256
-0.376365
-0.373374
-0.366273
-0.363379
-0.356924
-0.354686
-0.350643
-0.345927
-0.343319
-0.343159
-0.333503
-0.325326
-0.323343
-0.317523
-0.310788
-0.308696
-0.300468
-0.298968
-0.293987
-0.289531
-0.285272
-0.282483
-0.274865
-0.269637
-0.26433
-0.261314
-0.258546
-0.254378
-0.251592
-0.245572
-0.236557
-0.235192
-0.229167
-0.226232
-0.216084
-0.215338
-0.211617
-0.207502
-0.203399
-0.201785
-0.197803
-0.193375
-0.187291
-0.182558
-0.181858
-0.171825
-0.170027
-0.165558
-0.163065
-0.156884
-0.154641
-0.151343
-0.148307
-0.14455
-0.14201
-0.139292
-0.136781
-0.130179
-0.129085
-0.119718
-0.115987
-0.111037
-0.105259
-0.0999737
-0.0978713
-0.0947944
-0.0915626
-0.0862259
-0.0797764
-0.0788951
-0.0693895
-0.0663852
-0.0629232
-0.0594652
-0.0531107
-0.0513552
-0.0493223
-0.0403385
-0.0355056
-0.0318276
-0.0254462
-0.0231864
-0.0172901
-0.0122096
-0.0101971
-0.00567215
-0.00437447
0
0.000858722
0.00372036
0.00600878
0.00973536
0.0134352
0.0235024
0.0293955
0.0328389
0.034321
0.0420188
0.0425328
0.0508756
0.0536151
0.0601699
0.0650876
0.0675543
0.0716514
0.0730106
0.0817797
0.0830755
0.0878502
0.0939263
0.0959258
0.101558
0.10425
0.107759
0.112928
0.115906
0.119013
0.124361
0.130881
0.133676
0.137124
0.14096
0.146737
0.151928
0.158794
0.160616
0.167213
0.170362
0.172629
0.179409
0.187553
0.189302
0.1942
0.199143
0.200656
0.210508
0.216548
0.218812
0.22573
0.2335
0.234096
0.245642
0.251464
0.255018
0.264044
0.267981
0.273311
0.280152
0.282728
0.28946
0.290937
0.295474
0.299644
0.306322
0.308488
0.314284
0.317793
0.324271
0.32799
0.331007
0.335331
0.34155
0.34263
0.350425
0.353747
0.359626
0.3657
0.367909
0.371681
0.372604
0.385847
0.390685
0.394789
0.397606
0.402163
0.409465
0.417158
0.420092
0.42241
0.427202
0.436697
0.438377
0.441899
0.45055
0.461404
0.467965
0.472134
0.483429
0.489195
0.499614
0.506933
0.510678
0.513707
0.514477
0.516026
0.523577
0.526692
0.532523
0.538142
0.544048
0.548888
0.563512
0.564779
0.574265
0.579199
0.587183
0.589638
0.594194
0.595816
0.599088
0.602019
0.607028
0.615131
0.617414
0.622937
0.632081
0.635639
0.643626
0.647156
0.653003
0.654023
0.661743
0.66641
0.673061
0.676771
0.684585
0.687762
0.693825
0.695667
0.701703
0.708475
0.715131
0.722174
0.726882
0.736905
0.739523
0.746601
0.750556
0.75344
0.762193
0.766482
0.773902
0.778633
0.780642
0.783462
0.785731
0.789335
0.796512
0.800599
0.803097
0.80627
0.815087
0.820543
0.823762
0.834894
0.842346
0.850293
0.860873
0.86192
0.869521
0.870428
0.87642
0.878526
0.885591
0.889735
0.896683
0.907367
0.910389
0.914864
0.926079
0.931887
0.944618
0.946248
0.955983
0.958756
0.966345
0.968253
0.973703
0.980423
0.987959
0.990529
0.994781
1.00166
1.00289
1.00877
1.00984
1.01942
1.02155
1.02578
1.02777
1.03653
1.0381
1.04178
1.04369
1.05252
1.06006
1.06746
1.07101
1.07722
1.08316
1.0864
1.09029
1.0969
1.0997
1.10303
1.10831
1.11256
1.11435
1.12086
1.1259
1.13033
1.13761
1.14335
1.14661
1.15247
1.16132
1.16306
1.1704
1.17756
1.18455
1.18866
1.18969
1.19857
1.2016
1.2048
1.21288
1.21611
1.22284
1.22915
1.23123
1.2334
1.24756
1.25134
1.25857
1.26307
1.26497
1.2698
1.27273
1.27492
1.28074
1.29151
1.29725
1.29988
1.30231
1.3077
1.31303
1.31889
1.32165
1.32485
1.33535
1.33679
1.33867
1.34593
1.35281
1.35403
1.36056
1.36303
1.36801
1.37107
1.37693
1.38278
1.38488
1.39353
1.39492
1.39591
1.40896
1.41148
1.41671
1.42414
1.42621
1.4358
1.43604
1.4435
1.44416
1.45034
1.45337
1.45798
1.46185
1.46671
1.4745
1.48166
1.48624
1.48812
1.4926
1.49351
1.5048
1.51037
1.52103
1.52507
1.53122
1.54023
1.54498
1.54628
1.5522
1.55905
1.56377
1.56968
1.57214
1.57614
1.58223
1.58473
1.58789
1.59445
1.59647
1.60082
1.60644
1.60719
1.61689
1.6189
1.62915
1.63
1.63341
1.63993
1.64706
1.64853
1.65445
1.65737
1.66325
1.66803
1.67501
1.6777
1.6841
1.68669
1.69603
1.69728
1.70322
1.70744
1.71554
1.7213
1.72232
1.72549
1.72982
1.73637
1.74212
1.74428
1.75594
1.76415
1.76999
1.77648
1.78349
1.78917
1.79227
1.80262
1.80773
1.81194
1.81969
1.82404
1.83457
1.83889
1.8441
1.84846
1.85473
1.86057
1.86238
1.87101
1.87598
1.87948
1.88511
1.89055
1.89438
1.89635
1.90253
1.90726
1.9111
1.91862
1.92238
1.93034
1.93279
1.93587
1.9385
1.94361
1.94716
1.95334
1.95415
1.95828
1.96862
1.97128
1.97799
1.97935
1.99017
1.99975
2.003
2.00403
2.00705
2.01573
2.01878
2.02825
2.03418
2.0406
2.04597
2.05068
2.05523
2.05926
2.06259
2.06699
2.07383
2.07925
2.0805
2.08761
2.09637
2.09863
2.10683
2.11084
2.1113
2.11802
2.12185
2.1291
2.13672
2.14087
2.14167
2.14438
2.15245
2.15995
2.16767
2.17082
2.17628
2.17742
2.18364
2.19159
2.19338
2.19691
2.2101
2.2118
2.21526
2.2196
2.22302
2.22566
2.22922
2.23368
2.24143
2.2444
2.25212
2.25451
2.25759
2.26002
2.26696
2.27549
2.27693
2.28265
2.28983
2.2947
2.30182
2.30616
2.30884
2.31717
2.32188
2.32375
2.32733
2.33103
2.33703
2.34128
2.34552
2.3483
2.35395
2.35995
2.36409
2.36679
2.36937
2.37118
2.37514
2.37809
2.3833
2.38561
2.39226
2.39682
2.40051
2.4049
2.40791
2.41719
2.41883
2.42126
2.43316
2.43843
2.4389
2.44544
2.44921
2.45741
2.45958
2.46093
2.46681
2.46972
2.47849
2.48184
2.49017
2.49245
2.49458
2.49756
2.50204
2.50709
2.5135
2.51743
2.5196
2.52879
2.52991
2.53453
2.5389
2.54343
2.54883
2.55241
2.55604
2.56003
2.56554
2.57242
2.57971
2.58578
2.58964
2.5931
2.59714
2.60045
2.60265
2.61148
2.61756
2.62495
2.62882
2.63088
2.63935
2.64293
2.64547
2.64977
2.6559
2.66101
2.66209
2.66568
2.6721
2.67612
2.6779
2.684
2.68524
2.6923
2.69996
2.7048
2.70846
2.71311
2.71527
2.71711
2.7219
2.73458
2.73931
2.74045
2.74436
2.74971
2.75381
2.75795
2.76199
2.76584
2.7684
2.77414
2.77723
2.78315
2.78655
2.79225
2.79722
2.79914
2.80718
2.81426
2.81679
2.82398
2.82547
2.83072
2.83511
2.83818
2.84503
2.84681
2.8522
2.85702
2.86493
2.86987
2.87254
2.88024
2.88228
2.88938
2.8963
2.89831
2.90404
2.90512
2.90761
2.91213
2.91839
2.92025
2.92369
2.92925
2.93169
2.93333
2.9371
2.94311
2.952
2.95994
2.96205
2.96514
2.9729
2.97686
2.98018
2.98582
2.98658
2.99131
2.99817
2.99836
3.00439
3.00732
3.0091
3.01495
3.02002
3.02113
3.02884
3.03369
3.03639
3.04422
3.04796
3.05591
3.05846
3.0672
3.07263
3.07843
3.07916
3.08398
3.09067
3.09269
3.09998
3.10831
3.11452
3.11535
3.12082
3.12771
3.13011
3.13993
3.14696
3.14994
3.155
3.16112
3.16622
3.1695
3.17696
3.18417
3.18732
3.19646
3.19962
3.2017
3.20558
3.21592
3.21898
3.22079
3.22869
3.22934
3.23529
3.24149
3.24294
3.24816
3.25329
3.258
3.26231
3.26483
3.2705
3.27688
3.27818
3.28576
3.28956
3.29354
3.30344
3.3058
3.30712
3.31078
3.31852
3.32169
3.32659
3.33139
3.33528
3.33959
3.34139
3.34665
3.35384
3.3619
3.3641
3.3671
3.37217
3.37706
3.38082
3.38344
3.39152
3.39452
3.39935
3.40128
3.4079
3.41329
3.42109
3.4247
3.43218
3.43556
3.4397
3.44358
3.45239
3.45382
3.45724
3.46685
3.47816
3.48182
3.48485
3.486
3.49029
3.49109
3.49552
3.50215
3.50661
3.50876
3.51709
3.52245
3.52426
3.53305
3.54
3.5439
3.54595
3.54973
3.55183
3.55597
3.56542
3.56648
3.57426
3.57684
3.57804
3.58156
3.58875
3.59135
3.59444
3.60036
3.60406
3.60728
3.61285
3.61759
3.62153
3.62438
3.63679
3.63961
3.64178
3.64492
3.64801
3.64963
3.65681
3.66241
3.66555
3.67452
3.68163
3.6898
3.6912
3.69363
3.69858
3.70396
3.71057
3.71577
3.72247
3.72785
3.73696
3.74091
3.75073
3.75571
3.75876
3.76274
3.77091
3.77796
3.78484
3.78692
3.79557
3.80019
3.80265
3.80674
3.81489
3.81859
3.82463
3.8301
3.83348
3.84184
3.84547
3.84816
3.84996
3.85557
3.85634
3.86511
3.86826
3.87704
3.87815
3.88286
3.88675
3.89088
3.89316
3.9009
3.90515
3.9116
3.91262
3.91982
3.93079
3.9327
3.93691
3.93796
3.94312
3.94752
3.95192
3.95884
3.96732
3.96992
3.98054
3.98834
3.99088
3.99471
4.0004
4.00518
4.01199
4.01429
4.0178
4.02126
4.02745
4.0351
4.04244
4.04744
4.04852
4.05563
4.05748
4.06779
4.06838
4.07224
4.07882
4.08302
4.08849
4.09181
4.09722
4.10745
4.11265
4.12081
4.12624
4.12759
4.13041
4.14057
4.14464
4.14824
4.15901
4.1625
4.16961
4.17568
4.17949
4.18531
4.19096
4.19474
4.20049
4.20294
4.21154
4.21717
4.22066
4.2295
4.2333
4.23497
4.23721
4.24256
4.24765
4.25258
4.25537
4.26605
4.26831
4.27077
4.27744
4.28487
4.28807
4.29656
4.30279
4.3056
4.31078
4.31418
4.31806
4.32195
4.32947
4.33092
4.33825
4.33954
4.34482
4.35591
4.36043
4.36752
4.37347
4.37794
4.38261
4.38683
4.39501
4.40068
4.40466
4.4095
4.41119
4.41484
4.42173
4.42434
4.4319
4.43596
4.44588
4.4536
4.45605
4.45905
4.46412
4.46939
4.4699
4.47203
4.47791
4.48146
4.49082
4.49727
4.50519
4.5108
4.51501
4.52046
4.52909
4.53962
4.54377
4.55175
4.5568
4.56031
4.57209
4.57908
4.58469
4.58974
4.59615
4.60046
4.60681
4.61041
4.61662
4.61741
4.6249
4.63897
4.64359
4.64853
4.65464
4.65812
4.66213
4.6688
4.67177
4.68142
4.68687
4.69191
4.69607
4.6965
4.70096
4.70519
4.71053
4.71778
4.72383
4.72892
4.73269
4.73835
4.74023
4.75361
4.75555
4.7635
4.76855
4.77285
4.77479
4.78146
4.7841
4.79692
4.79968
4.80911
4.81136
4.81477
4.81981
4.82011
4.82799
4.83292
4.84124
4.84563
4.84837
4.84982
4.85568
4.8609
4.86563
4.8737
4.88
4.8815
4.88747
4.89322
4.89775
4.90385
4.90747
4.9111
4.91572
4.92449
4.93123
4.93355
4.93682
4.94809
4.95531
4.96128
4.96545
4.97297
4.98116
4.98795
4.99271
5.00255
5.01126
5.01457
5.01827
5.0214
5.03143
5.03527
5.03835
5.04774
5.05045
5.05833
5.06342
5.06987
5.07753
5.08512
5.09022
5.0947
5.10287
5.1073
5.11045
5.12132
5.12959
5.13417
5.14435
5.14581
5.15198
5.15908
5.16631
5.16965
5.17557
5.18486
5.18736
5.19618
5.20319
5.20679
5.21457
5.21801
5.22752
5.23285
5.23464
5.24308
5.24769
5.25468
5.25915
5.26073
5.27076
5.27446
5.28711
5.29197
5.29538
5.30588
5.30903
5.31526
5.31601
5.32058
5.32444
5.33008
5.3384
5.34088
5.35232
5.35726
5.36146
5.36396
5.37171
5.37586
5.38195
5.38914
5.39298
5.39687
5.41111
5.41628
5.41853
5.42676
5.43148
5.43687
5.44194
5.44575
5.45128
5.45592
5.45931
5.46563
5.47173
5.47791
5.48103
5.48571
5.49033
5.4933
5.4966
5.50652
5.51315
5.51469
5.52304
5.53181
5.53957
5.54328
5.55146
5.55596
5.56178
5.5685
5.57235
5.5752
5.58262
5.58654
5.59114
5.596
5.60315
5.61162
5.61953
5.62463
5.62693
5.63582
5.64147
5.65028
5.65227
5.66288
5.66465
5.66788
5.67221
5.68299
5.68907
5.69755
5.7028
5.70704
5.71159
5.72416
5.72964
5.73603
5.74038
5.74421
5.74948
5.75209
5.75571
5.75973
5.77224
5.77691
5.78453
5.78832
5.79514
5.80395
5.80964
5.81538
5.82243
5.82574
5.83293
5.83913
5.84137
5.84814
5.85655
5.85976
5.86478
5.8704
5.87388
5.88631
5.89314
5.89679
5.90025
5.90859
5.91211
5.91494
5.92335
5.92519
5.93644
5.9414
5.9477
5.95177
5.95381
5.96372
5.96917
5.97632
5.97688
5.9819
5.98773
5.98916
5.99166
5.99435
6.00286
6.0062
6.01537
6.02177
6.02406
6.02728
6.03956
6.04438
6.0491
6.0498
6.05189
6.0627
6.06723
6.07078
6.07456
6.07603
6.08602
6.08821
6.09552
6.09907
6.10488
6.10648
6.11073
6.12012
6.12627
6.13193
6.1357
6.1391
6.14303
6.14651
6.15031
6.15465
6.15865
6.16158
6.16821
6.172
6.17698
6.18308
6.18956
6.1969
6.20246
6.20725
6.21234
6.21645
6.21918
6.22914
6.23374
6.24448
6.25263
6.25427
6.25818
6.26853
6.26997
6.2717
6.2806
6.28195
6.28751
6.28947
6.29257
6.295
6.30031
6.30268
6.30875
6.31931
6.32017
6.32357
6.32493
6.32991
6.33811
6.34332
6.34767
6.35104
6.35706
6.36421
6.36873
6.37269
6.37821
6.38212
6.39086
6.39437
6.39689
6.40187
6.40777
6.41222
6.41633
6.42103
6.42667
6.43507
6.43902
6.43972
6.44384
6.44594
6.4557
6.46114
6.46552
6.4731
6.47735
6.47989
6.48648
6.48978
6.49827
6.50076
6.50441
6.51043
6.51497
6.51812
6.52506
6.53323
6.5356
6.54282
6.55426
6.55776
6.56073
6.56527
6.56808
6.57366
6.59179
6.59325
6.59688
6.60335
6.60434
6.61306
6.62665
6.62859
6.63282
6.63821
6.6411
6.64926
6.65541
6.65756
6.65917
6.66556
6.66725
6.67888
6.6794
6.68404
6.68608
6.6902
6.69624
6.70505
6.70998
6.71813
6.72221
6.72909
6.73718
6.74667
6.75098
6.75308
6.75757
6.75887
6.76758
6.77113
6.77738
6.784
6.79263
6.79884
6.80506
6.81102
6.81392
6.82025
6.82305
6.82596
6.82913
6.83597
6.84051
6.84502
6.8461
6.85756
6.86363
6.86681
6.86977
6.87539
6.87912
6.88332
6.88745
6.89072
6.89535
6.90092
6.90787
6.91101
6.91456
6.92423
6.92761
6.93316
6.93899
6.94198
6.94408
6.94821
6.95547
6.95824
6.96265
6.96494
6.9701
6.97056
6.9771
6.98381
6.99148
6.99626
6.99877
7.0043
7.01201
7.01527
7.02181
7.02611
7.03031
7.03259
7.03879
7.04365
7.04475
7.05238
7.05472
7.06432
7.07033
7.07649
7.07824
7.08647
7.08921
7.09468
7.09805
7.10218
7.11444
7.11686
7.12167
7.12482
7.1283
7.13324
7.13778
7.13996
7.1468
7.15189
7.15863
7.16799
7.17519
7.18088
7.18216
7.18244
7.19439
7.19598
7.20227
7.20672
7.21079
7.21515
7.22226
7.22442
7.22997
7.23562
7.24572
7.25072
7.26114
7.26229
7.27101
7.2736
7.27945
7.28394
7.28642
7.28736
7.29213
7.30327
7.30585
7.30814
7.31208
7.31819
7.3239
7.32675
7.33346
7.34023
7.34423
7.34702
7.35597
7.35817
7.36271
7.36951
7.37376
7.37558
7.37816
7.38435
7.38984
7.39242
7.39817
7.40878
7.41006
7.41657
7.42123
7.42423
7.43086
7.43278
7.44048
7.44437
7.4483
7.45389
7.45805
7.46205
7.47503
7.48037
7.48716
7.49436
7.49846
7.50195
7.5105
7.51423
7.52036
7.5215
7.52355
7.53372
7.54039
7.54502
7.55333
7.55473
7.56345
7.5693
7.56991
7.57786
7.58525
7.58827
7.59699
7.60243
7.6102
7.61338
7.61453
7.62025
7.6238
7.62491
7.63054
7.64268
7.64623
7.6532
7.65961
7.66309
7.67005
7.67843
7.68314
7.6889
7.7012
7.70746
7.71009
7.71891
7.72862
7.73383
7.73624
7.74223
7.74573
7.75828
7.75976
7.76419
7.77229
7.77759
7.78126
7.78602
7.79497
7.79891
7.80489
7.81304
7.81589
7.81842
7.82561
7.83148
7.83366
7.83945
7.84455
7.84983
7.85581
7.86422
7.86932
7.87066
7.8766
7.88526
7.88705
7.89398
7.90052
7.90391
7.90638
7.91072
7.91967
7.92334
7.93135
7.93451
7.93824
7.94745
7.95496
7.9596
7.96521
7.96956
7.9772
7.97953
7.98708
7.99457
7.99532
8.00289
8.00553
8.00989
8.01814
8.02142
8.0307
8.03708
8.04345
8.0496
8.05019
8.05389
8.05996
8.06828
8.06953
8.07796
8.08367
8.08899
8.0939
8.10322
8.10956
8.11174
8.11819
8.12763
8.13133
8.13524
8.14543
8.15247
8.15508
8.16557
8.16736
8.17607
8.17793
8.18208
8.18482
8.19036
8.19372
8.20314
8.21353
8.22413
8.23102
8.23418
8.23864
8.24172
8.24381
8.25218
8.26102
8.26211
8.27296
8.27499
8.28484
8.29568
8.29941
8.30269
8.30781
8.31117
8.31867
8.32478
8.32707
8.32857
8.33422
8.33898
8.34176
8.35571
8.35821
8.3678
8.37023
8.37748
8.38014
8.39669
8.40511
8.40629
8.41212
8.41278
8.41948
8.42965
8.43455
8.44247
8.4548
8.45708
8.4638
8.46686
8.47962
8.48424
8.48868
8.49634
8.50127
8.5074
8.51251
8.52123
8.53435
8.54225
8.55099
8.55469
8.55744
8.56468
8.56998
8.57053
8.57849
8.58723
8.59421
8.60198
8.60424
8.61855
8.61955
8.62745
8.63435
8.63886
8.64806
8.65112
8.65446
8.66025
8.66699
8.66864
8.67721
8.68463
8.68997
8.69696
8.70163
8.70779
8.70863
8.71603
8.72109
8.72443
8.72792
8.73963
8.74337
8.7544
8.75874
8.75995
8.76912
8.77802
8.78434
8.78713
8.79089
8.80395
8.80915
8.81199
8.82242
8.82888
8.8365
8.84189
8.84421
8.85281
8.86042
8.86303
8.87238
8.87733
8.87956
8.89172
8.89397
8.89921
8.90095
8.90751
8.91865
8.92107
8.92692
8.92981
8.93492
8.93771
8.94931
8.952
8.95423
8.95913
8.96324
8.9733
8.97895
8.98146
8.98572
8.9907
8.99543
9.0017
9.01305
9.0205
9.02444
9.03
9.03784
9.04703
9.05009
9.05906
9.0613
9.06982
9.08067
9.08734
9.09049
9.09311
9.1
9.10554
9.11261
9.11495
9.12103
9.12483
9.13506
9.13866
9.14411
9.14952
9.15144
9.15237
9.16806
9.17467
9.17626
9.18115
9.19081
9.19763
9.20204
9.20645
9.20783
9.21554
9.21967
9.22637
9.23016
9.23692
9.24331
9.25004
9.25301
9.25791
9.26782
9.27585
9.28388
9.28624
9.28839
9.29518
9.29894
9.3073
9.31273
9.31722
9.32041
9.32514
9.33202
9.3338
9.33711
9.34141
9.34955
9.35364
9.35716
9.36435
9.36613
9.37154
9.37625
9.38127
9.38562
9.38754
9.39473
9.39946
9.40032
9.40741
9.41156
9.41641
9.42307
9.42739
9.42989
9.43446
9.44173
9.4458
9.44825
9.45917
9.45986
9.46516
9.47427
9.47686
9.48117
9.48794
9.4951
9.50143
9.50371
9.51058
9.51344
9.52587
9.52745
9.53337
9.53809
9.5418
9.54235
9.54935
9.5585
9.56367
9.57192
9.57255
9.58011
9.58658
9.58794
9.59221
9.60102
9.60653
9.60735
9.61033
9.62131
9.6284
9.63227
9.63819
9.64046
9.64791
9.64919
9.65166
9.65633
9.65994
9.66458
9.66652
9.67487
9.68062
9.68763
9.69503
9.69703
9.70144
9.70842
9.71392
9.71582
9.72606
9.73216
9.73882
9.73946
9.74308
9.74444
9.75435
9.75898
9.76687
9.77271
9.78108
9.78462
9.78956
9.79143
9.79689
9.79905
9.81052
9.81808
9.82056
9.82343
9.83079
9.84264
9.84727
9.8494
9.85524
9.86138
9.86223
9.86855
9.87058
9.8819
9.8879
9.8932
9.89477
9.90167
9.90626
9.91358
9.91988
9.9224
9.92428
9.93043
9.93988
9.94602
9.94784
9.95262
9.95807
9.95836
9.95905
9.96358
9.96735
9.97673
9.98672
9.98934
9.99771
9.99948
10.0029
10.0047
10.0114
10.0191
10.0234
10.0258
10.0343
10.0407
10.0449
10.0504
10.0522
10.0562
10.0632
10.07
10.0761
10.0812
10.0839
10.0888
10.0951
10.1028
10.1173
10.1242
10.1293
10.1302
10.139
10.1427
10.1476
10.1563
10.1596
10.1639
10.165
10.1711
10.1795
10.1874
10.1949
10.1997
10.2085
10.2122
10.2163
10.2266
10.2339
10.237
10.2422
10.2438
10.2586
10.2623
10.274
10.2867
10.289
10.2939
10.2954
10.312
10.3167
10.3187
10.322
10.3335
10.338
10.3416
10.3459
10.3572
10.3617
10.3682
10.3827
10.3946
10.4006
10.4052
10.4072
10.4114
10.416
10.4198
10.4259
10.4291
10.433
10.4477
10.4503
10.4533
10.4591
10.4612
10.47
10.4759
10.4848
10.4932
10.4996
10.5033
10.5072
10.5112
10.5143
10.5207
10.5253
10.5347
10.5413
10.5473
10.5493
10.5568
10.5648
10.5764
10.5773
10.5841
10.5938
10.6015
10.6069
10.6092
10.6188
10.6248
10.6277
10.6323
10.6432
10.6457
10.6522
10.6555
10.6636
10.6731
10.6792
10.6822
10.6893
10.6926
10.6956
10.7029
10.7094
10.7128
10.7146
10.7174
10.7246
10.7306
10.7339
10.7436
10.7484
10.7539
10.7653
10.7687
10.773
10.7822
10.7876
10.7922
10.7998
10.8028
10.811
10.8138
10.8183
10.8319
10.8358
10.842
10.8473
10.859
10.8654
10.873
10.8762
10.8797
10.8837
10.8963
10.9001
10.9106
10.9177
10.9215
10.9288
10.9347
10.9427
10.9497
10.9521
10.9637
10.9734
10.9777
10.9829
10.988
10.9929
10.9991
11.0056
11.0181
11.0197
11.0252
11.0348
11.0421
11.0455
11.0558
11.0628
11.0675
11.0732
11.0744
11.087
11.0925
11.0967
11.0991
11.1049
11.1084
11.1217
11.1277
11.1384
11.1412
11.1519
11.1569
11.1687
11.1747
11.1822
11.1894
11.1909
11.1997
11.2106
11.2128
11.2176
11.2314
11.2369
11.2403
11.2461
11.2574
11.265
11.2693
11.2779
11.2875
11.2922
11.3025
11.3074
11.3098
11.3179
11.3235
11.3284
11.3348
11.3413
11.3482
11.3562
11.3605
11.3664
11.3761
11.3816
11.3887
11.3924
11.4015
11.4069
11.4127
11.4236
11.4257
11.4309
11.437
11.4412
11.4488
11.4626
11.4736
11.476
11.4809
11.4869
11.4917
11.4991
11.5119
11.5132
11.5199
11.5273
11.5325
11.5427
11.5455
11.5528
11.5627
11.5707
11.5818
11.5884
11.5899
11.5942
11.5998
11.6074
11.6211
11.625
11.6315
11.636
11.6431
11.651
11.6555
11.6718
11.6749
11.6818
11.6901
11.6979
11.7041
11.7104
11.7167
11.7247
11.7353
11.737
11.752
11.7578
11.7639
11.7689
11.7723
11.7751
11.776
11.7843
11.7906
11.8002
11.8169
11.825
11.8297
11.8303
11.8416
11.8461
11.8501
11.8576
11.8664
11.8702
11.8776
11.8822
11.8864
11.8962
11.9019
11.9068
11.9148
11.9214
11.9269
11.9293
11.9344
11.9371
11.9427
11.9488
11.9505
11.961
11.9651
11.9688
11.971
11.976
11.9811
11.991
11.9959
12.0074
12.0176
12.0282
12.0312
12.0322
12.04
12.0441
12.0531
12.0554
12.0669
12.0672
12.0755
12.0832
12.0876
12.099
12.1032
12.1129
12.1178
12.1256
12.1385
12.143
12.1464
12.155
12.1579
12.164
12.1757
12.1818
12.187
12.193
12.2012
12.2117
12.2141
12.226
12.2278
12.2372
12.2424
12.2489
12.2579
12.2681
12.271
12.28
12.2861
12.2894
12.2995
12.3036
12.3113
12.3179
12.3246
12.3262
12.3367
12.3448
12.3517
12.3545
12.3618
12.3689
12.3759
12.3819
12.387
12.391
12.3946
12.4032
12.4146
12.4176
12.4241
12.436
12.4388
12.441
12.4467
12.4581
12.4678
12.4701
12.4818
12.4836
12.4884
12.5043
12.5082
12.5113
12.5148
12.52
12.5247
12.5366
12.5373
12.5469
12.5499
12.5555
12.5599
12.5649
12.5691
12.5757
12.5793
12.5846
12.5889
12.5957
12.6018
12.6026
12.6088
12.6239
12.6253
12.6356
12.6375
12.6456
12.6487
12.6546
12.6588
12.6645
12.6712
12.6766
12.6845
12.6909
12.6971
12.7053
12.7093
12.7173
12.7196
12.7226
12.7317
12.7344
12.74
12.7437
12.7532
12.756
12.7609
12.7709
12.7784
12.7814
12.7889
12.7961
12.7977
12.8015
12.8028
12.8096
12.8111
12.8162
12.8242
12.8303
12.8426
12.8455
12.8494
12.8521
12.8622
12.8679
12.8736
12.8795
12.8893
12.8943
12.9028
12.9126
12.9158
12.9204
12.9295
12.9344
12.9384
12.9484
12.9598
12.9669
12.9715
12.9802
12.9847
12.9935
12.9958
13.0004
13.0071
13.0109
13.0229
13.0306
13.0368
13.0401
13.0503
13.0524
13.0654
13.07
13.0745
13.0815
13.0877
13.094
13.0983
13.1055
13.1075
13.1121
13.1212
13.1278
13.135
13.1389
13.1424
13.1537
13.1591
13.1626
13.1745
13.1786
13.1843
13.1868
13.2007
13.2024
13.2046
13.2067
13.2196
13.224
13.2325
13.2356
13.2436
13.2498
13.2508
13.2626
13.2681
13.27
13.2773
13.2847
13.2867
13.2953
13.3
13.3027
13.3114
13.3157
13.3186
13.3197
13.3243
13.3318
13.3395
13.3448
13.3579
13.3617
13.3665
13.3708
13.3785
13.3837
13.3944
13.4052
13.4069
13.4134
13.4218
13.4265
13.4329
13.4341
13.4421
13.4447
13.4507
13.454
13.4684
13.4737
13.4815
13.4856
13.4964
13.5038
13.5136
13.5203
13.5222
13.5292
13.5369
13.5424
13.5479
13.5539
13.5552
13.5675
13.5783
13.5819
13.591
13.5927
13.5998
13.6041
13.6123
13.617
13.6256
13.6275
13.6353
13.6411
13.6436
13.6485
13.6516
13.656
13.6671
13.6711
13.6817
13.685
13.6953
13.7021
13.7055
13.7083
13.7114
13.7189
13.7292
13.7296
13.7329
13.7347
13.746
13.7521
13.7568
13.7605
13.7703
13.7752
13.7787
13.7868
13.7902
13.7922
13.8078
13.8152
13.8198
13.828
13.8307
13.8318
13.8436
13.8491
13.8679
13.8733
13.8764
13.8845
13.8926
13.9
13.905
13.908
13.9142
13.9247
13.929
13.9347
13.9349
13.949
13.9549
13.9667
13.9741
13.9803
13.9849
13.993
13.9994
14.0015
14.0099
14.0189
14.0241
14.0327
14.0347
14.0447
14.0576
14.0654
14.0725
14.0746
14.0825
14.0863
14.0925
14.1073
14.111
14.1223
14.13
14.1413
14.1491
14.1604
14.1701
14.1807
14.1827
14.198
14.2046
14.2082
14.2175
14.2263
14.2391
14.249
14.2521
14.2644
14.2748
14.2789
14.2941
14.3012
14.3101
14.3155
14.3257
14.3301
14.3406
14.3487
14.3531
14.3683
14.3797
14.3932
14.3966
14.401
14.4205
14.429
14.4307
14.4483
14.4554
14.4629
14.4734
14.4788
14.4958
14.5102
14.5118
14.5208
14.5241
14.5324
14.5457
14.5521
14.5547
14.562
14.5724
14.579
14.5841
14.5919
14.5976
14.6102
14.6218
14.6285
14.6333
14.6409
14.6439
14.6516
14.6595
14.6664
14.6723
14.6776
14.6849
14.6949
14.704
14.7118
14.7162
14.7282
14.7329
14.7395
14.753
14.7662
14.7795
14.7875
14.7889
14.7918
14.808
14.8172
14.832
14.8462
14.8524
14.8606
14.8705
14.8849
14.888
14.8928
14.9114
14.9176
14.9203
14.9257
14.9311
14.9412
14.9493
14.9615
14.9687
14.9798
14.987
14.9924
15.0005
15.0222
15.0233
15.0325
15.0467
15.0566
15.0707
15.0806
15.0842
15.0917
15.0946
15.097
15.1001
15.116
15.1258
15.1389
15.146
15.158
15.1676
15.1722
15.1808
15.1881
15.1967
15.2009
15.2225
15.2309
15.2367
15.2527
15.2647
15.2723
15.2767
15.2858
15.2915
15.3029
15.3049
15.3153
15.316
15.3245
15.338
15.3506
15.359
15.3654
15.3702
15.3763
15.3848
15.3889
15.398
15.4058
15.4162
15.4258
15.4305
15.4386
15.4489
15.4613
15.467
15.4748
15.4805
15.4903
15.5003
15.5044
15.5112
15.5159
15.5417
15.5457
15.5545
15.5558
15.5686
15.5731
15.5897
15.5939
15.6033
15.6091
15.6257
15.6396
15.6443
15.6498
15.659
15.667
15.6875
15.6916
15.7001
15.7043
15.7127
15.7207
15.7272
15.7388
15.7479
15.7567
15.7585
15.763
15.7711
15.7778
15.7877
15.7974
15.8027
15.8107
15.8164
15.8256
15.8342
15.8489
15.8603
15.8638
15.8731
15.8853
15.8904
15.9097
15.9215
15.9243
15.9327
15.9421
15.9578
15.967
15.9719
15.9844
15.9875
15.9937
15.9944
16.0106
16.0176
16.0396
16.0458
16.0504
16.0719
16.0777
16.0828
16.0879
16.0937
16.1076
16.1134
16.1159
16.1221
16.1318
16.1341
16.1404
16.1434
16.1486
16.1643
16.1692
16.182
16.1861
16.1983
16.206
16.2207
16.2272
16.2409
16.2446
16.2542
16.2596
16.2755
16.2929
16.3075
16.3107
16.3263
16.3353
16.3432
16.3546
16.3714
16.3811
16.3935
16.4045
16.4211
16.4299
16.4377
16.4417
16.4601
16.4744
16.4865
16.4924
16.5057
16.5275
16.5333
16.5521
16.5611
16.5699
16.5828
16.5886
16.6033
16.6077
16.6192
16.6256
16.6298
16.6333
16.6479
16.6533
16.658
16.6673
16.681
16.6853
16.6915
16.7005
16.714
16.7305
16.7374
16.7644
16.7722
16.7757
16.7821
16.7878
16.7975
16.8008
16.8124
16.8171
16.8305
16.8364
16.8404
16.8528
16.8748
16.8793
16.886
16.8982
16.9042
16.9107
16.9218
16.9297
16.9389
16.9508
16.959
16.9631
16.9719
16.9751
16.9819
16.984
16.9983
17.0026
17.011
17.018
17.0251
17.0341
17.0378
17.0522
17.0593
17.0674
17.0694
17.0756
17.0854
17.0984
17.1089
17.116
17.1399
17.1488
17.1647
17.1701
17.1744
17.1874
17.1937
17.1967
17.2089
17.2166
17.2307
17.2434
17.2446
17.2594
17.2738
17.284
17.3009
17.3167
17.3192
17.3393
17.347
17.3563
17.3584
17.3623
17.3843
17.3935
17.3985
17.4101
17.4169
17.4274
17.4365
17.4625
17.4661
17.472
17.4965
17.5052
17.5062
17.5256
17.5332
17.5339
17.5532
17.566
17.6012
17.6094
17.6199
17.6275
17.6294
17.6394
17.66
17.6698
17.6771
17.6842
17.7
17.7171
17.7284
17.7417
17.7509
17.7642
17.7682
17.7751
17.7983
17.8018
17.8174
17.8207
17.8311
17.8364
17.8394
17.8502
17.8562
17.8824
17.8838
17.8883
17.9027
17.9164
17.9257
17.942
17.9528
17.9632
17.9743
17.977
17.9852
17.9931
18.004
18.025
18.0375
18.0402
18.0583
18.0703
18.0751
18.0893
18.108
18.1326
18.1447
18.1523
18.1677
18.1801
18.1904
18.2075
18.2272
18.2528
18.2598
18.2686
18.2793
18.2862
18.2924
18.3251
18.345
18.3609
18.3667
18.3848
18.391
18.3963
18.4079
18.4372
18.441
18.4496
18.4659
18.4664
18.4804
18.4834
18.4881
18.4901
18.5219
18.5352
18.5441
18.5484
18.5748
18.5874
18.6114
18.6208
18.641
18.6718
18.679
18.7143
18.7317
18.7368
18.7405
18.7503
18.7537
18.7622
18.7729
18.7818
18.7975
18.8023
18.8094
18.8243
18.8315
18.8422
18.8543
18.8597
18.8661
18.8745
18.8884
18.8928
18.9083
18.9255
18.933
18.985
19.005
19.0161
19.0214
19.0336
19.0413
19.0475
19.0593
19.0661
19.0757
19.0885
19.1194
19.1303
19.1357
19.1661
19.1748
19.1856
19.2051
19.2179
19.2223
19.2424
19.2655
19.2875
19.3059
19.3205
19.3366
19.3521
19.3703
19.3911
19.4047
19.43
19.45
19.4745
19.4786
19.4845
19.4947
19.5145
19.5209
19.538
19.5457
19.5608
19.5621
19.5768
19.6175
19.638
19.6539
19.6783
19.7024
19.728
19.7331
19.7534
19.7782
19.7857
19.7944
19.801
19.8159
19.823
19.825
19.8338
19.8498
19.8571
19.8648
19.8783
19.8988
19.9125
19.9204
19.9383
19.9578
19.9666
19.9759
19.9894
19.9993
20.009
20.0238
20.0278
20.0379
20.0429
20.0564
20.0576
20.08
20.0921
20.1062
20.1169
20.1385
20.14
20.1612
20.1742
20.217
20.231
20.2451
20.2736
20.3093
20.3218
20.3269
20.3809
20.4059
20.4292
20.438
20.4611
20.4955
20.5154
20.5258
20.5478
20.5546
20.5637
20.5798
20.594
20.6075
20.616
20.6273
20.6579
20.6806
20.6924
20.7039
20.7461
20.7648
20.7829
20.8256
20.8416
20.8481
20.8514
20.8542
20.8724
20.8764
20.9085
20.9348
20.9552
20.9956
21.0054
21.0417
21.0587
21.0825
21.0893
21.1067
21.1139
21.1291
21.1451
21.1548
21.1632
21.1664
21.1874
21.211
21.2193
21.2291
21.2731
21.2898
21.2945
21.3045
21.3368
21.347
21.3573
21.3765
21.4099
21.4208
21.438
21.4488
21.4697
21.4899
21.5114
21.5178
21.5406
21.5572
21.5709
21.5956
21.6311
21.6455
21.6554
21.6652
21.6883
21.6939
21.701
21.7088
21.7291
21.7355
21.7547
21.7789
21.8012
21.826
21.8415
21.8485
21.86
21.8765
21.8801
21.8907
21.9067
21.9382
21.9837
22.013
22.0312
22.0631
22.0925
22.1012
22.1296
22.1359
22.146
22.1788
22.1944
22.2494
22.271
22.2921
22.299
22.3668
22.3856
22.3927
22.4548
22.4635
22.4758
22.4867
22.4897
22.4993
22.52
22.5476
22.5792
22.6037
22.6078
22.6304
22.637
22.6397
22.6562
22.6951
22.7092
22.7235
22.7323
22.7602
22.7921
22.8137
22.8422
22.8712
22.9015
22.9113
22.9188
22.9642
22.9789
23.0453
23.0795
23.0847
23.1104
23.1147
23.1536
23.1783
23.1883
23.2337
23.2655
23.2713
23.2802
23.289
23.315
23.3192
23.3656
23.3689
23.3862
23.3958
23.4161
23.4315
23.461
23.4686
23.4964
23.5009
23.5157
23.5245
23.5372
23.552
23.5562
23.5797
23.6093
23.6309
23.6579
23.7013
23.7166
23.7424
23.7617
23.7668
23.7913
23.8019
23.8274
23.8642
23.8942
23.9046
23.9423
23.9737
23.9909
24.0106
24.0376
24.0533
24.0927
24.1269
24.1722
24.189
24.2824
24.2948
24.3203
24.3664
24.3847
24.4461
24.4721
24.4941
24.5694
24.5961
24.5999
24.6523
24.6663
24.7121
24.7228
24.7709
24.8432
24.8888
24.9537
25.0441
25.0483
25.0756
25.155
25.1648
25.1751
25.248
25.2678
25.3149
25.323
25.3322
25.3505
25.3578
25.3938
25.4278
25.4613
25.4974
25.517
25.5233
25.5354
25.5823
25.5956
25.6138
25.6504
25.6603
25.6711
25.6843
25.747
25.7559
25.801
25.8476
25.8548
25.8602
25.8823
25.9135
25.9286
25.9641
25.9813
25.9896
26.0143
26.0605
26.0633
26.0893
26.1157
26.1576
26.2003
26.2156
26.231
26.2537
26.3083
26.3358
26.3493
26.3641
26.3808
26.3848
26.3957
26.4709
26.4845
26.4934
26.5273
26.5583
26.5668
26.6166
26.6327
26.6405
26.7431
26.7481
26.7656
26.7747
26.7946
26.8191
26.8583
26.8687
26.9121
26.9663
26.9702
27.0017
27.1151
27.1257
27.1392
27.1498
27.1736
27.2122
27.2277
27.2876
27.3193
27.3488
27.4025
27.4563
27.4813
27.4913
27.5267
27.5506
27.5893
27.6107
27.63
27.6515
27.8104
27.8826
27.9577
27.9984
28.1277
28.1724
28.2097
28.2263
28.3306
28.3704
28.4151
28.4525
28.5046
28.5303
28.5538
28.5872
28.6732
28.7
28.7245
28.8298
28.8379
28.8561
28.8901
28.9542
28.9708
29.0245
29.0659
29.074
29.1462
29.1635
29.1674
29.2225
29.2353
29.2967
29.3275
29.4015
29.4233
29.432
29.5194
29.5414
29.5507
29.5792
29.7372
29.7471
29.7837
29.7887
29.8067
29.8425
29.9054
29.9419
29.9494
30.0465
30.0652
30.1322
30.1653
30.1662
30.1851
30.2208
30.2803
30.3004
30.3594
30.3997
30.4699
30.4751
30.5404
30.5599
30.6338
30.7953
30.806
31.0147
31.1196
31.1643
31.2133
31.276
31.4937
31.5134
31.5441
31.6083
31.6212
31.6557
31.6715
31.7456
31.8744
31.9196
32.0917
32.1284
32.2227
32.2566
32.2995
32.306
32.4279
32.5151
32.7478
32.7528
32.7805
32.8084
33.1089
33.1836
33.2042
33.2585
33.2763
33.3864
33.4076
33.4327
33.6981
33.778
33.9733
34.1882
34.2921
34.4111
34.4786
34.5597
34.6127
35.2377
35.358
35.6199
35.777
35.9404
36.0171
36.0553
36.134
36.483
36.6869
36.8231
36.8674
37.4626
37.4762
38.8714
38.9241
40.5888
40.6777
41.6386
41.6834
46.6939
