-78.0924 53
-76.5305 101
-74.9687 229
-73.4068 276
-71.845 367
-70.2831 789
-68.7213 1249
-67.1594 2622
-65.5976 4665
-64.0357 7267
-62.4739 10847
-60.912 17036
-59.3502 26594
-57.7883 41525
-56.2265 62898
-54.6646 90271
-53.1028 129540
-51.541 188927
-49.9791 266644
-48.4173 374369
-46.8554 514911
-45.2936 697140
-43.7317 939199
-42.1699 1243108
-40.608 1633901
-39.0462 2128968
-37.4843 2718226
-35.9225 3450120
-34.3606 4340935
-32.7988 5392849
-31.2369 6611781
-29.6751 8088558
-28.1132 9718545
-26.5514 11595845
-24.9896 13687635
-23.4277 16035366
-21.8659 18577239
-20.304 21282247
-18.7422 24341430
-17.1803 27324899
-15.6185 30550704
-14.0566 33769937
-12.4948 37137506
-10.9329 40254370
-9.37108 43379275
-7.80924 46465507
-6.24739 49157641
-4.68554 51584330
-3.12369 53633863
-1.56185 55445709
0 56537317
1.56185 57434855
3.12369 57797917
4.68554 57722116
6.24739 56968269
7.80924 55788667
9.37108 54371561
10.9329 52240806
12.4948 50174624
14.0566 47289331
15.6185 44651874
17.1803 41462915
18.7422 38337668
20.304 35130565
21.8659 31853167
23.4277 28782732
24.9896 25653427
26.5514 22764801
28.1132 19865957
29.6751 17306688
31.2369 14881421
32.7988 12697527
34.3606 10754473
35.9225 9043798
37.4843 7550876
39.0462 6210536
40.608 5076557
42.1699 4088330
43.7317 3260573
45.2936 2562554
46.8554 2012509
48.4173 1559163
49.9791 1197674
51.541 924757
53.1028 706668
54.6646 536727
56.2265 396370
57.7883 287811
59.3502 199360
60.912 137180
62.4739 95145
64.0357 63049
65.5976 43909
67.1594 31356
68.7213 22195
70.2831 16115
71.845 12119
73.4068 8842
74.9687 5715
76.5305 2891
78.0924 691
