-57.7168 32
-52.5754 32
-52.3281 12
-49.8756 72
-49.0144 24
-48.5483 72
-48.3122 288
-46.2051 108
-45.6333 288
-45.5692 384
-44.2187 216
-43.8604 288
-43.7526 216
-42.8914 216
-42.4999 288
-42.4253 72
-41.9411 144
-41.7552 768
-41.5692 512
-41.0144 108
-40.9322 768
-40.7846 288
-40.7038 576
-40.5483 216
-40.0822 108
-40.0661 288
-39.8891 72
-39.4231 72
-39.3786 576
-38.9077 288
-38.6912 288
-38.6274 576
-38.5619 648
-38.4415 1536
-38.0958 720
-37.8564 1728
-37.7976 576
-37.7007 24
-37.6297 72
-37.546 108
-37.2346 240
-36.9766 288
-36.9322 416
-36.7846 576
-36.7685 216
-36.3281 4
-36.2187 648
-36.0015 192
-35.7526 72
-35.3137 576
-35.0935 216
-35.0503 1728
-34.8914 972
-34.4558 2592
-34.4253 216
-34.3628 192
-34.2323 216
-33.9593 12
-33.8756 216
-33.8564 2304
-33.7662 1296
-33.5055 576
-33.3001 72
-33.124 2592
-33.0953 2592
-33.0144 72
-32.905 720
-32.7846 2848
-32.5483 216
-32.4389 2088
-32.4365 576
-32.2667 576
-31.9728 216
-31.8891 216
-31.749 32
-31.7128 6912
-31.5792 1728
-31.5777 216
-31.5276 6912
-31.4231 1188
-31.2992 576
-31.1116 240
-30.9282 1728
-30.6456 24
-30.6274 2592
-30.5619 1296
-30.4415 6912
-30.3404 192
-30.2051 36
-30.1892 192
-30.0958 2160
-30.0344 2592
-30.004 288
-29.8564 5184
-29.7007 108
-29.6529 192
-29.5692 128
-29.5031 32
-29.4366 720
-29.2346 720
-28.9706 4112
-28.7956 1728
-28.7846 12672
-28.7685 972
-28.6435 2592
-28.5754 240
-28.3931 1728
-28.2187 648
-28.1094 3024
-28.1082 5184
-27.8988 6912
-27.7526 648
-27.7128 9216
-27.6433 1296
-27.5568 288
-27.5276 3744
-27.3137 5760
-27.283 288
-27.2509 1728
-27.2482 648
-27.1278 1536
-27.0935 72
-26.9282 4896
-26.8914 648
-26.8693 1728
-26.8474 5184
-26.7821 2400
-26.5634 1728
-26.4253 216
-26.316 648
-26.2323 972
-26.1819 2592
-25.9411 96
-25.9209 72
-25.8564 12096
-25.7662 3888
-25.7552 256
-25.7153 6912
-25.6569 6912
-25.4869 1728
-25.4548 216
-25.3246 5184
-25.3001 1188
-25.1071 72
-25.0513 2592
-25.0144 36
-24.9706 9216
-24.9322 256
-24.905 2160
-24.7846 12768
-24.641 72
-24.6371 1728
-24.5851 13824
-24.5483 72
-24.4673 2592
-24.4389 4536
-24.0822 36
-24 6336
-23.9728 648
-23.9412 5184
-23.9192 13824
-23.8891 216
-23.7798 5184
-23.7798 2088
-23.6908 2592
-23.5777 972
-23.4231 216
-23.3983 576
-23.3137 2400
-23.1116 720
-23.0923 2592
-22.9282 10368
-22.9225 192
-22.9186 216
-22.8476 216
-22.7639 108
-22.6456 108
-22.6274 1920
-22.5807 576
-22.5619 1944
-22.541 5184
-22.4525 4320
-22.4415 4608
-22.235 192
-22.1451 1728
-22.1231 6912
-22.0958 2160
-21.9864 3024
-21.8564 14400
-21.8535 6912
-21.7153 3744
-21.7007 72
-21.6569 18432
-21.6297 216
-21.5913 216
-21.546 36
-21.5203 72
-21.4366 2160
-21.3777 288
-21.2346 720
-21.166 1728
-21.1252 2088
-21.013 13824
-20.9962 5184
-20.9706 4272
-20.7846 8864
-20.7685 648
-20.6591 720
-20.6147 2592
-20.5994 2592
-20.5754 720
-20.3114 72
-20.3087 5760
-20.2187 216
-20.1094 11988
-20 7488
-19.9272 1728
-19.9192 7488
-19.7979 72
-19.7574 576
-19.7526 24
-19.6433 3888
-19.6212 576
-19.4514 5184
-19.4502 216
-19.3319 24
-19.3137 17712
-19.2482 1296
-19.2397 288
-19.2389 23328
-19.2169 4608
-19.1772 108
-19.1278 6912
-19.0935 648
-19.0699 5760
-18.9885 576
-18.9841 1296
-18.9282 37728
-18.8914 324
-18.7821 7200
-18.764 576
-18.5181 72
-18.4253 72
-18.3869 12
-18.3824 5184
-18.316 1296
-18.2323 648
-18.2126 192
-18.1231 3744
-18.1229 2400
-17.9593 4
-17.9209 216
-17.9067 576
-17.8784 2592
-17.8564 52416
-17.7662 3888
-17.6569 45552
-17.5251 25056
-17.4548 972
-17.4428 5184
-17.3001 216
-17.2617 72
-17.1908 720
-17.1436 192
-17.1071 216
-17.0718 1728
-17.013 7488
-16.905 2160
-16.8377 5184
-16.7956 3024
-16.7846 2784
-16.6679 1728
-16.641 1188
-16.5851 62208
-16.4561 192
-16.4389 6264
-16.3328 1728
-16.3296 4320
-16.3107 62208
-16.2863 1728
-16.1502 288
-16.1476 32
-16.0823 1728
-16 34080
-15.9804 6912
-15.9728 648
-15.9344 72
-15.8891 72
-15.8635 216
-15.7798 4536
-15.7128 2304
-15.6467 288
-15.5988 15744
-15.5777 648
-15.5276 2304
-15.4684 720
-15.4231 396
-15.3137 7200
-15.2929 192
-15.2169 2496
-15.1116 720
-15.0475 32
-15.0023 648
-14.9282 128448
-14.9186 972
-14.9114 1728
-14.8476 72
-14.7871 2592
-14.7416 6912
-14.6546 216
-14.6456 72
-14.6274 1728
-14.5619 432
-14.5367 15552
-14.5146 13824
-14.4525 12960
-14.4415 2304
-14.4356 2592
-14.36 576
-14.3431 6912
-14.2862 288
-14.1885 216
-14.0958 720
-14.0541 17856
-14.0424 6912
-13.9864 11988
-13.8564 74880
-13.7934 240
-13.7007 36
-13.6725 2592
-13.6569 82944
-13.5913 648
-13.5203 216
-13.4366 2160
-13.4266 2592
-13.4046 4608
-13.3666 1728
-13.3273 3024
-13.2713 13824
-13.2346 240
-13.1968 5760
-13.1762 1728
-13.1252 4536
-13.0718 4896
-12.991 5184
-12.9706 5424
-12.8612 1296
-12.8153 5184
-12.7846 7680
-12.7685 324
-12.7185 768
-12.6863 576
-12.6591 2160
-12.5754 720
-12.5093 15744
-12.4661 2088
-12.3107 33696
-12.264 108
-12.1278 5760
-12.1094 9072
-12.0661 32
-12 86976
-11.958 2592
-11.8988 2304
-11.7979 216
-11.652 1728
-11.6433 3888
-11.6305 15552
-11.6085 41472
-11.5339 2088
-11.4502 972
-11.4403 576
-11.38 192
-11.3319 108
-11.3137 19200
-11.2705 17856
-11.2482 1944
-11.1949 2592
-11.1388 1296
-11.1278 4608
-11.0935 24
-10.9841 3888
-10.9645 1728
-10.9282 129312
-10.7821 7200
-10.7287 13824
-10.6727 3024
-10.583 25056
-10.5181 1188
-10.5146 7488
-10.4984 6912
-10.4132 576
-10.3431 18432
-10.316 1944
-10.27 576
-10.2323 324
-10.2066 240
-10.1436 1728
-10.1229 7200
-10.0848 5184
-10.0317 1728
-9.94113 16
-9.92087 216
-9.85641 24192
-9.83437 23328
-9.81151 216
-9.76621 1296
-9.72572 17856
-9.7153 2304
-9.65685 75600
-9.45479 648
-9.40456 2496
-9.34543 216
-9.34419 6912
-9.30013 396
-9.26173 216
-9.19077 2160
-9.10707 216
-9.0718 10368
-9.03823 6912
-8.99772 648
-8.97056 6144
-8.90501 720
-8.86844 2592
-8.79565 11988
-8.78461 5088
-8.72432 5184
-8.71851 416
-8.70228 41472
-8.65671 5184
-8.64099 216
-8.58506 41472
-8.53164 720
-8.48691 5184
-8.47388 2592
-8.43893 1512
-8.32957 12960
-8.2887 1728
-8.18095 5184
-8.13651 216
-8.10538 288
-8.06556 72
-8 126720
-7.98186 12
-7.97285 216
-7.91919 4608
-7.86349 972
-7.81405 768
-7.79942 22464
-7.77979 6264
-7.67043 4320
-7.60845 22464
-7.57772 324
-7.49346 2592
-7.46836 2160
-7.4179 576
-7.31371 7200
-7.20435 3024
-7.11194 5184
-7.11164 240
-7.00228 1296
-6.94214 15744
-6.9282 103968
-6.91858 648
-6.90617 62208
-6.84763 648
-6.80923 720
-6.76393 36
-6.74303 288
-6.73827 72
-6.73041 288
-6.65457 648
-6.64556 36
-6.62742 576
-6.56061 1728
-6.49839 3744
-6.4525 12960
-6.34315 45552
-6.25465 22464
-6.18849 72
-6.14359 2304
-6.14108 108
-6.12307 2304
-5.98642 9072
-5.87707 2400
-5.87312 5184
-5.85641 9792
-5.79611 13824
-5.79337 720
-5.7789 32
-5.65685 61440
-5.5913 648
-5.56771 192
-5.56716 5184
-5.52034 216
-5.48194 72
-5.43664 720
-5.39737 5184
-5.38253 23328
-5.32729 11988
-5.27135 62208
-5.13209 5184
-5.12522 6264
-5.0718 37728
-5.01586 1296
-5.01584 25056
-5.01302 4608
-4.97056 1424
-4.8612 3888
-4.78461 1344
-4.70988 5760
-4.70228 22464
-4.68629 5760
-4.66815 24
-4.65914 2160
-4.57544 240
-4.54978 216
-4.46608 4536
-4.39512 108
-4.32835 17856
-4.31143 216
-4.20207 72
-4.15856 1728
-4.10936 3996
-4.02239 576
-4.02203 23328
-4 189120
-3.8526 1728
-3.79793 216
-3.77159 576
-3.68857 72
-3.64328 1296
-3.64087 2592
-3.60488 108
-3.58642 5184
-3.53392 4536
-3.47107 22464
-3.45022 648
-3.34086 720
-3.33185 72
-3.31371 14688
-3.24815 432
-3.2169 1536
-3.1772 36
-3.16511 192
-3.1388 3888
-3.12776 2304
-3.08954 5184
-2.98414 3888
-2.9282 49248
-2.90617 33696
-2.87478 2088
-2.78358 17856
-2.78207 2400
-2.72865 62208
-2.67271 11988
-2.66154 288
-2.61379 192
-2.51806 216
-2.47966 72
-2.47636 1728
-2.4087 216
-2.40205 1728
-2.38695 4
-2.34315 82944
-2.31599 432
-2.23226 1728
-2.22592 15552
-2.20663 720
-2.20389 13824
-2.14359 5184
-2.12293 7200
-2.09609 192
-2.01358 3024
-1.9263 25056
-1.92087 72
-1.85892 108
-1.85641 23040
-1.81151 72
-1.79611 7488
-1.79031 288
-1.65685 74448
-1.5475 4320
-1.54477 17856
-1.45479 324
-1.34543 648
-1.26173 216
-1.23881 5184
-1.19077 2160
-1.16324 288
-1.15237 216
-1.10707 72
-1.09383 62208
-1.08142 216
-1.0718 128448
-1.06902 576
-0.997717 1296
-0.930688 288
-0.865423 576
-0.857283 6912
-0.795649 9072
-0.78461 480
-0.687488 5760
-0.686292 2400
-0.680249 15552
-0.640994 396
-0.585057 20736
-0.551323 288
-0.531636 2160
-0.429809 2592
-0.381527 1728
-0.329569 12960
-0.310734 20736
-0.220211 2088
-0.185953 768
-0.136512 972
-0.0181437 12
0 277856
0.0655553 216
0.136512 648
0.220211 1512
0.329569 12960
0.381527 1728
0.429809 2592
0.531636 2160
0.551323 288
0.585057 13824
0.640994 72
0.680249 15552
0.686292 2400
0.687488 5760
0.702282 41472
0.78461 288
0.795649 11988
0.857283 6912
0.865423 576
0.930688 288
0.997717 1944
1.06902 576
1.0718 78912
1.08142 324
1.10707 72
1.15237 24
1.16324 288
1.19077 2160
1.23881 5184
1.26173 216
1.34543 648
1.37258 288
1.45479 216
1.48538 4608
1.54477 17856
1.5475 4320
1.65685 75600
1.79031 288
1.79611 7488
1.81151 648
1.85641 12096
1.92087 72
1.9263 25056
1.95764 2304
2.01358 3996
2.09609 192
2.12293 7200
2.14359 7488
2.20663 720
2.22592 15552
2.23226 1728
2.31599 648
2.34315 55296
2.40205 1728
2.4087 216
2.47636 1728
2.47966 72
2.49839 6912
2.51806 1188
2.59544 1536
2.61379 192
2.66154 288
2.67271 9072
2.72865 41472
2.78207 2400
2.78358 17856
2.87478 1512
2.90617 33696
2.9282 129312
2.98414 3888
3.02944 1152
3.08954 5184
3.12776 1536
3.1388 3888
3.16511 192
3.21539 1152
3.24815 648
3.28149 256
3.31371 17712
3.33185 108
3.34086 720
3.45022 972
3.47107 22464
3.53392 6264
3.58642 5184
3.60845 41472
3.64087 2592
3.64328 1296
3.73599 36
3.77159 576
3.79793 216
3.8526 1728
4 139008
4.02203 23328
4.02239 576
4.10936 3024
4.15856 1728
4.20207 72
4.26401 108
4.32835 17856
4.39155 13824
4.46608 6264
4.54978 324
4.57544 240
4.65914 2160
4.66815 36
4.68629 5760
4.70228 22464
4.70988 5760
4.71851 768
4.78461 576
4.8612 3888
4.97056 4112
5.01584 25056
5.01586 1296
5.0718 56160
5.12522 4536
5.13209 5184
5.27135 41472
5.32729 9072
5.38253 23328
5.39737 5184
5.40456 4608
5.43664 720
5.48194 396
5.50161 2304
5.52034 216
5.56716 5184
5.56771 192
5.5913 648
5.65685 61440
5.7789 32
5.79337 720
5.85641 14400
5.87312 5184
5.87707 2400
5.98642 11988
6.04236 6912
6.14359 576
6.18849 648
6.25465 22464
6.34315 31344
6.4525 12960
6.49839 3744
6.51462 13824
6.56061 1728
6.62742 576
6.64556 24
6.65457 648
6.73041 288
6.73827 72
6.74303 288
6.80923 720
6.84763 72
6.91858 972
6.9282 103968
6.94214 15744
7.00228 1944
7.02944 1024
7.11164 240
7.11194 5184
7.20435 3996
7.21539 288
7.29772 13824
7.31371 7200
7.4179 576
7.46836 2160
7.49346 2592
7.57772 216
7.60845 22464
7.67043 4320
7.77979 4536
7.79942 22464
7.86349 648
7.93444 216
7.97285 216
8 89280
8.01814 4
8.10538 288
8.13651 324
8.18095 5184
8.18595 256
8.2887 1728
8.31073 62208
8.32957 12960
8.43893 2088
8.47388 2592
8.48691 5184
8.53164 720
8.58506 62208
8.64099 1188
8.65671 5184
8.71851 416
8.72432 5184
8.78461 2848
8.79565 9072
8.86844 2592
8.90501 720
8.97056 9216
8.99772 432
9.03823 6912
9.0718 19584
9.09383 20736
9.10707 216
9.19077 2160
9.26173 216
9.30013 72
9.34419 6912
9.34543 216
9.40456 2496
9.45479 972
9.65685 74448
9.72572 17856
9.76621 1296
9.81151 24
9.83437 23328
9.85641 52416
9.85892 36
9.92087 216
10.0317 1728
10.0848 5184
10.1229 7200
10.1436 1728
10.2039 4608
10.2066 240
10.2323 216
10.27 576
10.316 1296
10.3431 18432
10.3869 12
10.4132 576
10.5146 7488
10.5181 216
10.583 25056
10.6727 3996
10.7287 20736
10.7821 7200
10.9282 49248
10.9645 1728
10.9841 3888
11.0935 216
11.1278 6912
11.1388 1296
11.1772 108
11.1949 2592
11.2169 4608
11.2482 1296
11.2705 17856
11.3137 19200
11.3319 72
11.38 192
11.4403 576
11.4502 648
11.5339 1512
11.6049 36
11.6305 15552
11.6433 3888
11.652 1728
11.7979 216
11.958 2592
12 81408
12.0661 32
12.1094 11988
12.1278 5760
12.3107 33696
12.3114 216
12.3951 36
12.4661 1512
12.5093 15744
12.5754 720
12.6591 2160
12.6863 1584
12.7685 216
12.7846 12672
12.8153 5184
12.8612 1296
12.9706 4272
12.991 5184
13.013 13824
13.0718 4896
13.1252 6264
13.1762 1728
13.1968 5760
13.2346 240
13.2713 20736
13.3273 3996
13.3666 1728
13.4266 2592
13.4366 2160
13.5203 216
13.5913 648
13.6297 72
13.6569 55296
13.6725 2592
13.7007 24
13.7934 240
13.7961 4608
13.8564 74880
13.9864 9072
14.0541 17856
14.0958 720
14.1231 6912
14.1411 36
14.1436 576
14.1885 24
14.2862 288
14.3431 10368
14.36 576
14.4356 2592
14.4415 1536
14.4525 12960
14.5367 15552
14.5619 648
14.6274 2592
14.6456 108
14.6546 216
14.7416 6912
14.7639 108
14.7871 2592
14.8476 648
14.9062 20736
14.9114 1728
14.9186 648
14.9282 78912
15.0023 432
15.0475 32
15.1116 720
15.2154 32
15.2169 2496
15.2929 192
15.3137 7200
15.4231 72
15.4684 720
15.5777 972
15.5988 15744
15.6467 288
15.7798 6264
15.814 256
15.8635 324
15.8891 72
15.9192 13824
15.9728 648
15.9804 6912
15.9819 4
16 40128
16.0823 1728
16.1476 32
16.1502 288
16.2863 1728
16.3296 4320
16.3328 1728
16.4389 4536
16.4561 192
16.5851 41472
16.641 216
16.6679 1728
16.7023 13824
16.7846 12768
16.7956 3996
16.8377 5184
16.905 2160
17.013 7488
17.0718 12096
17.1071 216
17.1436 192
17.1908 720
17.2617 72
17.3001 1188
17.4428 5184
17.4548 648
17.5251 25056
17.6569 31344
17.7153 6912
17.7662 3888
17.8564 24192
17.8784 2592
17.9067 576
17.9209 216
18.1229 2400
18.1231 3744
18.2126 192
18.2323 972
18.316 1944
18.3431 9216
18.3824 5184
18.4253 72
18.4984 2304
18.5181 396
18.764 576
18.7821 7200
18.8914 216
18.9282 56160
18.9841 1296
18.9885 576
19.0294 128
19.0699 5760
19.0935 72
19.1278 4608
19.2389 23328
19.2397 288
19.2482 1944
19.3137 14688
19.3319 36
19.4502 324
19.4514 5184
19.6085 13824
19.6212 576
19.6433 3888
19.7526 216
19.7574 576
19.7979 72
19.8988 6912
19.9192 7488
19.9272 1728
20 14976
20.1094 9072
20.2187 216
20.264 36
20.3087 5760
20.5754 720
20.5994 2592
20.6147 2592
20.6591 720
20.7185 256
20.7685 972
20.7846 8864
20.9706 5424
20.9962 5184
21.0718 3168
21.1252 1512
21.166 1728
21.2346 720
21.3777 288
21.4046 1536
21.4366 2160
21.5203 72
21.5913 216
21.6569 18432
21.7007 108
21.7153 3744
21.8535 6912
21.8564 9792
21.9864 3996
22.0424 2304
22.0958 2160
22.1451 1728
22.235 192
22.3431 2304
22.4415 6912
22.4525 4320
22.5146 4608
22.541 5184
22.5619 1296
22.5807 576
22.6274 1920
22.6456 72
22.8476 24
22.9186 324
22.9225 192
22.9282 19584
23.0923 2592
23.1116 720
23.3137 2400
23.3983 576
23.4231 1188
23.5276 6912
23.5777 648
23.6908 2592
23.7128 6912
23.7798 1512
23.7798 5184
23.8891 216
23.9412 5184
23.9728 648
24 13184
24.3107 20736
24.4389 6264
24.4673 2592
24.5483 72
24.5851 20736
24.6371 1728
24.641 396
24.7846 2784
24.905 2160
24.9706 6144
25.0144 24
25.0513 2592
25.1071 72
25.3001 216
25.3246 5184
25.4548 324
25.4869 1728
25.6569 10368
25.7662 3888
25.8564 23040
25.8756 72
25.9209 72
25.9411 144
25.9593 12
26.1819 2592
26.2323 648
26.316 432
26.3869 4
26.4253 216
26.5634 1728
26.7821 2400
26.8474 5184
26.8693 1728
26.8914 972
26.9282 4896
27.0935 648
27.1278 2304
27.1772 36
27.2169 1536
27.2482 432
27.2509 1728
27.283 288
27.3137 5760
27.5276 3744
27.5568 288
27.6433 1296
27.7128 9216
27.7526 72
28 2304
28.1082 5184
28.1094 3996
28.2187 648
28.3931 1728
28.5754 240
28.6435 2592
28.7685 648
28.7846 7680
28.7956 1728
28.9706 1424
29.013 4608
29.0718 288
29.2346 720
29.4366 720
29.5031 32
29.546 108
29.6297 216
29.6529 192
29.6569 9216
29.7007 72
29.8564 7488
30.004 288
30.0344 2592
30.0958 2160
30.1231 2304
30.1892 192
30.3404 192
30.3431 1152
30.4415 4608
30.5619 1944
30.6274 1728
30.6456 36
30.7639 36
30.9282 12096
31.1116 240
31.2992 576
31.4231 216
31.5777 324
31.5792 1728
31.749 32
31.8891 216
31.9192 4608
31.9728 216
32 1056
32.0822 108
32.2667 576
32.4365 576
32.4389 1512
32.5483 216
32.7846 5088
32.905 720
32.9322 768
33.0144 108
33.0953 2592
33.124 2592
33.3001 396
33.5055 576
33.6569 2304
33.7153 2304
33.7552 768
33.7662 1296
33.8564 576
34.2323 324
34.3628 192
34.4253 216
34.4558 2592
34.8914 648
34.9282 3168
35.0503 1728
35.0935 24
35.3137 1584
35.7526 648
35.8988 2304
36 1472
36.0015 192
36.2187 648
36.7685 324
36.7846 1344
36.9322 416
36.9706 1152
36.9766 288
37.2346 240
37.5692 384
37.7007 36
37.7976 576
37.8564 1728
38.0958 720
38.2051 108
38.4415 2304
38.5619 432
38.6274 576
38.6912 288
38.9077 288
39.3786 576
39.4231 396
39.5276 2304
39.7128 2304
39.8891 72
40.0661 288
40.5483 216
40.7038 576
40.7846 480
40.9706 1024
41.0144 72
41.5692 512
41.6569 1152
41.8564 576
41.8756 216
41.9411 96
41.9593 4
42.4253 72
42.4999 288
42.8914 324
42.9282 288
43.7526 24
43.8604 288
44.2187 216
44.3281 12
44.7846 1152
45.546 36
45.6333 288
46.6274 288
48 96
48.0822 36
48.3122 288
48.5483 72
48.7846 288
48.9322 256
49.0144 36
49.7552 256
52.5754 32
52.9706 128
53.5692 128
54.2051 36
56.7846 32
57.7168 32
57.9411 16
60.3281 4
