-19.2389
-19.2389
-17.5251
-17.5251
-13.8564
-13.8564
-12.3107
-12.3107
-12.1094
-10.583
-10.583
-9.85641
-9.85641
-9.83437
-9.83437
-9.65685
-9.65685
-8.58506
-8.58506
-8.58506
-8.58506
-8.31073
-8.31073
-8.31073
-8.31073
-6.9282
-6.9282
-6.9282
-6.9282
-5.98642
-5.38253
-5.38253
-5.01584
-5.01584
-4.02203
-4.02203
-4
-4
-4
-4
-4
-4
-3.31371
-2.9282
-2.9282
-2.9282
-2.9282
-2.9282
-2.9282
-2.90617
-2.90617
-1.9263
-1.9263
-1.65685
-1.65685
-0.795649
0
0
0
0
0
0
0
0
0
0
0
0
0
1.0718
1.0718
1.0718
1.0718
1.0718
1.0718
1.09383
1.09383
1.09383
1.09383
1.65685
1.65685
1.9263
1.9263
2.34315
2.34315
2.34315
2.34315
2.67271
2.72865
2.72865
2.72865
2.72865
2.90617
2.90617
4
4
4
4
4
4
4
4
4.02203
4.02203
5.01584
5.01584
5.0718
5.0718
5.27135
5.27135
5.27135
5.27135
5.32729
5.38253
5.38253
6.34315
6.34315
6.90617
6.90617
6.90617
6.90617
6.9282
6.9282
6.9282
6.9282
8
8
8
8
8.79565
9.65685
9.65685
9.83437
9.83437
10.583
10.583
10.9282
10.9282
10.9282
10.9282
10.9282
10.9282
12
12
12.3107
12.3107
13.6569
13.6569
13.6569
13.6569
13.8564
13.8564
13.9864
14.9282
14.9282
14.9282
14.9282
14.9282
14.9282
16
16.3107
16.3107
16.3107
16.3107
16.5851
16.5851
16.5851
16.5851
17.5251
17.5251
17.6569
17.6569
17.8564
17.8564
18.9282
18.9282
19.2389
19.2389
19.3137
20.1094
