-24.6215
-15.2169
-15.2169
-15.2169
-15.2169
-9.40456
-9.40456
-9.40456
-9.40456
-7.60845
-7.60845
-7.60845
-7.60845
-5.81234
-4.70228
-4.70228
-4.70228
-4.70228
-3.55271e-15
-3.55271e-15
-3.55271e-15
-3.55271e-15
-3.55271e-15
-3.55271e-15
-3.55271e-15
-3.55271e-15
-3.55271e-15
-3.55271e-15
-3.55271e-15
-3.55271e-15
-3.55271e-15
-3.55271e-15
-3.55271e-15
-3.55271e-15
4.70228
4.70228
4.70228
4.70228
5.81234
7.60845
7.60845
7.60845
7.60845
9.40456
9.40456
9.40456
9.40456
15.2169
15.2169
15.2169
15.2169
24.6215
