-27.5177
-26.0498
-25.7994
-24.5963
-24.4715
-24.3844
-24.2458
-24.0448
-23.9576
-23.2868
-22.3553
-22.1613
-20.5221
-20.4136
-19.9921
-19.3841
-19.2685
-19.1492
-19.0329
-18.9235
-18.9037
-18.887
-18.8264
-18.815
-18.6919
-18.3707
-18.2211
-18.0525
-17.9358
-17.8522
-17.6838
-17.5178
-17.3413
-17.2857
-17.2159
-17.2003
-17.1588
-17.0618
-17.0056
-16.8843
-16.8254
-16.8082
-16.7732
-16.7133
-16.6874
-16.4124
-16.3682
-16.291
-16.1165
-16.0249
-15.8661
-15.6451
-15.6245
-15.5068
-15.4995
-15.3928
-15.3258
-15.2821
-15.195
-15.1728
-15.1339
-15.115
-15.0805
-15.0638
-15.0539
-15.0163
-14.952
-14.8973
-14.7679
-14.7148
-14.6846
-14.5908
-14.522
-14.416
-14.2079
-14.1195
-13.9486
-13.8863
-13.8586
-13.7189
-13.6853
-13.6556
-13.6372
-13.596
-13.5269
-13.4956
-13.4724
-13.4052
-13.3881
-13.3411
-13.3318
-13.3146
-13.2856
-13.1928
-13.1739
-12.9563
-12.7438
-12.6429
-12.587
-12.5551
-12.4399
-12.4161
-12.3495
-12.2308
-12.2164
-12.1663
-12.135
-12.1097
-12.0808
-11.9649
-11.9619
-11.9447
-11.8295
-11.7943
-11.7678
-11.7614
-11.74
-11.7232
-11.59
-11.4685
-11.4141
-11.3843
-11.3198
-11.2625
-11.1983
-11.1105
-11.0771
-11.0418
-11.014
-10.99
-10.9754
-10.9609
-10.8675
-10.8276
-10.8102
-10.7298
-10.6904
-10.6735
-10.6411
-10.5438
-10.4711
-10.451
-10.4156
-10.3862
-10.3401
-10.3054
-10.2926
-10.2812
-10.2558
-10.2114
-10.1691
-10.1543
-10.1182
-10.0776
-9.97308
-9.87282
-9.8612
-9.84235
-9.81009
-9.77634
-9.77059
-9.75457
-9.72481
-9.68602
-9.63309
-9.62583
-9.61698
-9.59991
-9.5845
-9.57815
-9.52808
-9.48035
-9.45454
-9.42321
-9.38314
-9.36113
-9.34536
-9.31498
-9.26461
-9.2387
-9.21138
-9.17198
-9.00701
-8.93674
-8.92474
-8.87385
-8.79687
-8.75655
-8.59485
-8.57742
-8.55319
-8.50276
-8.49266
-8.44208
-8.41999
-8.3864
-8.34688
-8.32741
-8.30434
-8.28972
-8.26557
-8.2367
-8.20682
-8.18833
-8.18
-8.13848
-8.13414
-8.10125
-8.08548
-8.03764
-8.0268
-7.99847
-7.98812
-7.97503
-7.95375
-7.94619
-7.9292
-7.86303
-7.84581
-7.82377
-7.8009
-7.77688
-7.74688
-7.71916
-7.69173
-7.67743
-7.66583
-7.61334
-7.59928
-7.5506
-7.53928
-7.47508
-7.45782
-7.40743
-7.36065
-7.29789
-7.25109
-7.22876
-7.18683
-7.16183
-7.13942
-7.1217
-7.11886
-7.10554
-7.08777
-7.04928
-7.0426
-7.0275
-6.99424
-6.95049
-6.94442
-6.923
-6.90877
-6.8951
-6.89147
-6.85931
-6.83421
-6.81813
-6.78883
-6.75052
-6.7012
-6.68205
-6.67594
-6.63211
-6.60714
-6.57038
-6.5482
-6.52492
-6.507
-6.49018
-6.4759
-6.4433
-6.42252
-6.39021
-6.38139
-6.34871
-6.31562
-6.25345
-6.22065
-6.17475
-6.12483
-6.11609
-6.10859
-6.07479
-6.0667
-6.01388
-5.9831
-5.95665
-5.93385
-5.89771
-5.86939
-5.82809
-5.80676
-5.75158
-5.7291
-5.68576
-5.66357
-5.65498
-5.64104
-5.62087
-5.58662
-5.56145
-5.5431
-5.52616
-5.50563
-5.47271
-5.45401
-5.45037
-5.39791
-5.38532
-5.35137
-5.34808
-5.33791
-5.31522
-5.29829
-5.27145
-5.2691
-5.23842
-5.21235
-5.20292
-5.19386
-5.12772
-5.11387
-5.1052
-5.09137
-5.04068
-4.99911
-4.97637
-4.95335
-4.92279
-4.91401
-4.86766
-4.83798
-4.81533
-4.76318
-4.71171
-4.68722
-4.67029
-4.64616
-4.62992
-4.61575
-4.58624
-4.56549
-4.53001
-4.50171
-4.48543
-4.46807
-4.45746
-4.44952
-4.43557
-4.40662
-4.39582
-4.38028
-4.32605
-4.30317
-4.29973
-4.26781
-4.26359
-4.24733
-4.24225
-4.23799
-4.22741
-4.2114
-4.19305
-4.17002
-4.1569
-4.12993
-4.11796
-4.09833
-4.09309
-4.06547
-4.04503
-4.0328
-4.0248
-4.01331
-3.99797
-3.94394
-3.93488
-3.89443
-3.85682
-3.84788
-3.84447
-3.80807
-3.79383
-3.77707
-3.74921
-3.72567
-3.68701
-3.66761
-3.62441
-3.61063
-3.60372
-3.59003
-3.56077
-3.54165
-3.48932
-3.48087
-3.45974
-3.45533
-3.43215
-3.41167
-3.37531
-3.3685
-3.34034
-3.32464
-3.30213
-3.29424
-3.26986
-3.24311
-3.23085
-3.20593
-3.20466
-3.18614
-3.16395
-3.15727
-3.12394
-3.11732
-3.08539
-3.06957
-3.05898
-3.04863
-2.9985
-2.97635
-2.95686
-2.91819
-2.87709
-2.81371
-2.80388
-2.78787
-2.77896
-2.76838
-2.76513
-2.7448
-2.73155
-2.70527
-2.67813
-2.63859
-2.62989
-2.5802
-2.56642
-2.52185
-2.49176
-2.48392
-2.44783
-2.44315
-2.43381
-2.42145
-2.39023
-2.37524
-2.34559
-2.32652
-2.29184
-2.27656
-2.26784
-2.22065
-2.1897
-2.18571
-2.15656
-2.12811
-2.11288
-2.10956
-2.09656
-2.07202
-2.04594
-2.01441
-2.00855
-1.97476
-1.95223
-1.91941
-1.87014
-1.85777
-1.84584
-1.82615
-1.80622
-1.77539
-1.76842
-1.73311
-1.72534
-1.7097
-1.69981
-1.68346
-1.63515
-1.5856
-1.57871
-1.53757
-1.51715
-1.49051
-1.48671
-1.47638
-1.45623
-1.44024
-1.41505
-1.41048
-1.39134
-1.37964
-1.37148
-1.3493
-1.33752
-1.33264
-1.32214
-1.3103
-1.29445
-1.26501
-1.24597
-1.23669
-1.20922
-1.19983
-1.18679
-1.1406
-1.1313
-1.12312
-1.11332
-1.06467
-1.05319
-1.03303
-1.02445
-1.00476
-0.994828
-0.960474
-0.941233
-0.938492
-0.935153
-0.924608
-0.891943
-0.846037
-0.837709
-0.816947
-0.803357
-0.768373
-0.765029
-0.740166
-0.736601
-0.731135
-0.699716
-0.68496
-0.664898
-0.651128
-0.634084
-0.62881
-0.593264
-0.563858
-0.553409
-0.526006
-0.515655
-0.493933
-0.487757
-0.453223
-0.442751
-0.407176
-0.400341
-0.37681
-0.361377
-0.35062
-0.3049
-0.299061
-0.280713
-0.264557
-0.235103
-0.222853
-0.201121
-0.188644
-0.175401
-0.158791
-0.144976
-0.137596
-0.12869
-0.104143
-0.101302
-0.0649969
-0.0492775
-0.0318654
-0.00206138
0
0.0241639
0.032008
0.0471458
0.0745255
0.0917859
0.105333
0.111499
0.127233
0.136648
0.153953
0.173594
0.204282
0.220471
0.233058
0.257815
0.279242
0.291926
0.316691
0.326567
0.365039
0.398858
0.402295
0.421756
0.433063
0.46292
0.475691
0.504394
0.513152
0.540665
0.567679
0.578776
0.610369
0.622493
0.64509
0.657349
0.669259
0.712847
0.754599
0.761527
0.77622
0.814682
0.835154
0.851412
0.901765
0.939314
0.956022
0.965962
1.0039
1.03604
1.05356
1.10617
1.13025
1.14268
1.1638
1.18841
1.21574
1.26608
1.27841
1.31319
1.3385
1.36705
1.37355
1.38457
1.40752
1.41795
1.46093
1.47164
1.51456
1.52195
1.54726
1.56345
1.57702
1.57913
1.6228
1.64177
1.66686
1.67297
1.68154
1.69305
1.71857
1.72601
1.7601
1.77793
1.79507
1.81195
1.82165
1.84477
1.86089
1.88704
1.892
1.90554
1.92989
1.95522
1.97041
1.98892
1.99281
2.01014
2.0481
2.07704
2.08572
2.09532
2.1277
2.13717
2.15419
2.16924
2.17967
2.19948
2.20367
2.22734
2.25073
2.2894
2.31259
2.32119
2.329
2.3542
2.38814
2.40049
2.42547
2.45609
2.47193
2.49979
2.51303
2.52784
2.54423
2.55565
2.56348
2.57931
2.58994
2.59689
2.63494
2.65701
2.67803
2.70062
2.72309
2.756
2.77031
2.79354
2.81877
2.83741
2.86969
2.88706
2.89169
2.90656
2.94797
2.96164
2.97922
3.00245
3.03101
3.03555
3.05501
3.07346
3.08816
3.10367
3.12799
3.15001
3.15363
3.16776
3.19019
3.19251
3.19781
3.21243
3.22635
3.25649
3.26338
3.29097
3.29381
3.32215
3.32547
3.35602
3.36165
3.37722
3.4032
3.42231
3.4327
3.44383
3.47437
3.47943
3.48675
3.50584
3.52522
3.53382
3.54368
3.55925
3.57118
3.5988
3.61017
3.6262
3.63255
3.64366
3.66087
3.69764
3.71139
3.72139
3.72618
3.75944
3.77262
3.78439
3.81181
3.82264
3.82852
3.85036
3.87812
3.9033
3.91327
3.94006
3.95021
3.95958
3.97816
4.00621
4.01067
4.03342
4.04693
4.06585
4.10398
4.10982
4.14179
4.17044
4.18205
4.18726
4.19824
4.23334
4.24777
4.26795
4.30708
4.34451
4.37534
4.40414
4.43892
4.4562
4.46158
4.48397
4.5365
4.55186
4.562
4.58472
4.60482
4.61545
4.62607
4.63309
4.64482
4.69668
4.71688
4.73722
4.758
4.78998
4.82824
4.86551
4.88101
4.91691
4.93088
4.93736
4.95292
4.97398
4.99695
5.03886
5.0405
5.05034
5.06728
5.09043
5.12286
5.13203
5.15865
5.17686
5.17905
5.19853
5.21994
5.27682
5.28238
5.29925
5.32111
5.35275
5.36791
5.37948
5.39013
5.41939
5.43565
5.46171
5.48634
5.50138
5.51193
5.53847
5.5419
5.54926
5.57332
5.59018
5.60482
5.60632
5.63636
5.6461
5.66515
5.67547
5.70893
5.72326
5.73629
5.75496
5.77478
5.78483
5.79466
5.83472
5.87114
5.89377
5.90517
5.92899
5.94826
5.95778
5.96351
6.00162
6.01338
6.02033
6.03708
6.0483
6.06828
6.07997
6.08415
6.09477
6.10929
6.12169
6.15161
6.16405
6.16918
6.20496
6.21825
6.23502
6.2479
6.26266
6.28472
6.30285
6.30533
6.33226
6.33742
6.3571
6.37725
6.398
6.40762
6.44232
6.45487
6.47797
6.48372
6.50742
6.52037
6.52776
6.53788
6.57562
6.57961
6.59513
6.61228
6.62009
6.64457
6.66506
6.67557
6.67982
6.69171
6.70687
6.73483
6.74088
6.76269
6.78222
6.79617
6.80147
6.82368
6.83671
6.84777
6.859
6.89019
6.90025
6.92844
6.93403
6.94859
6.96647
6.99923
7.0099
7.02542
7.06528
7.08737
7.10885
7.12227
7.1321
7.13801
7.14366
7.1612
7.19482
7.19622
7.21055
7.22077
7.24722
7.26995
7.28041
7.30982
7.33771
7.35112
7.36045
7.37606
7.40812
7.413
7.4353
7.44992
7.47006
7.4885
7.51038
7.52468
7.56462
7.5724
7.58747
7.60786
7.65134
7.66079
7.68832
7.7031
7.71446
7.75704
7.78394
7.79156
7.85952
7.88472
7.88815
7.90537
7.93009
7.9536
7.96184
7.99054
8.01171
8.04178
8.04609
8.07468
8.12097
8.13712
8.15971
8.19348
8.20322
8.22607
8.25937
8.29668
8.32084
8.35588
8.38921
8.43219
8.44833
8.47312
8.51233
8.5408
8.57205
8.57913
8.58956
8.60792
8.61559
8.63895
8.65891
8.66768
8.68758
8.7287
8.76234
8.77514
8.79439
8.79992
8.82446
8.85267
8.86909
8.87486
8.90509
8.91361
8.91656
8.94109
8.96294
8.97061
9.0211
9.04407
9.07373
9.09668
9.13097
9.13853
9.17526
9.21139
9.21811
9.23766
9.24326
9.28072
9.30068
9.3167
9.32657
9.35576
9.37424
9.39782
9.42439
9.44069
9.45239
9.48372
9.50502
9.52987
9.53822
9.5577
9.57275
9.59984
9.60949
9.6301
9.63599
9.66209
9.66917
9.70255
9.71014
9.71798
9.72644
9.74007
9.74828
9.77223
9.79644
9.82383
9.84422
9.89502
9.92927
9.93643
9.95454
9.99111
10.0011
10.0278
10.0373
10.0515
10.0968
10.1044
10.1361
10.1521
10.1801
10.1931
10.2219
10.2231
10.2425
10.27
10.2934
10.3045
10.3144
10.3228
10.3329
10.3593
10.3849
10.4119
10.4157
10.423
10.4582
10.4797
10.5095
10.5241
10.5396
10.5864
10.6054
10.6209
10.6337
10.6469
10.6556
10.6725
10.6757
10.6841
10.7098
10.7406
10.7559
10.7723
10.7758
10.7924
10.8051
10.8246
10.847
10.8583
10.9037
10.9225
10.9578
10.9953
11.0195
11.0469
11.0823
11.1173
11.1325
11.1757
11.1902
11.2192
11.2234
11.2387
11.273
11.3054
11.3435
11.3509
11.4206
11.4263
11.4425
11.5287
11.5496
11.5825
11.6052
11.6207
11.6534
11.7078
11.7558
11.7814
11.8025
11.8158
11.8502
11.8899
11.8972
11.9408
11.9817
12.0184
12.05
12.0559
12.0752
12.0915
12.0976
12.1373
12.1791
12.1905
12.2109
12.2269
12.241
12.3008
12.3387
12.4056
12.4207
12.4254
12.4678
12.4918
12.5246
12.5951
12.6072
12.631
12.6353
12.678
12.7336
12.7392
12.7683
12.7883
12.7934
12.8208
12.8459
12.8766
12.9482
12.9807
13.0058
13.0828
13.1057
13.1181
13.1496
13.1966
13.2176
13.2918
13.3026
13.316
13.3497
13.3771
13.4363
13.4622
13.493
13.5246
13.541
13.5921
13.6197
13.6425
13.6762
13.7162
13.7766
13.8554
13.8711
13.9022
13.9072
13.9309
14.0041
14.0144
14.0467
14.0681
14.1113
14.1225
14.146
14.1528
14.2054
14.2288
14.2567
14.2947
14.3159
14.3344
14.3763
14.4003
14.4196
14.4544
14.5016
14.5121
14.5527
14.5958
14.607
14.6221
14.7015
14.7343
14.746
14.7788
14.8068
14.8798
14.9206
14.9319
14.9761
15.0468
15.0847
15.1043
15.1317
15.1533
15.1782
15.1936
15.228
15.2525
15.3221
15.4432
15.4713
15.4861
15.512
15.6793
15.7064
15.7223
15.7602
15.7718
15.8006
15.8215
15.8949
15.9909
16.0583
16.1022
16.1603
16.177
16.2065
16.214
16.2361
16.2526
16.2893
16.3295
16.3604
16.4663
16.5552
16.5964
16.652
16.6681
16.7331
16.7418
16.7748
16.7796
16.8013
16.8981
16.9359
16.9781
17.0095
17.0345
17.0517
17.1399
17.1617
17.1728
17.2923
17.3488
17.3587
17.4314
17.4735
17.5707
17.6049
17.6177
17.6731
17.7086
17.8763
17.9263
18.0349
18.0717
18.1744
18.1772
18.2561
18.3232
18.4243
18.5683
18.5888
18.6047
18.6388
18.7053
18.746
18.7882
18.8124
18.9572
18.9829
19.0065
19.0601
19.0852
19.1163
19.2012
19.3374
19.3603
19.4418
19.4761
19.4968
19.5639
19.5876
19.6571
19.6659
19.7783
19.8215
19.928
20.0177
20.1202
20.1691
20.1844
20.231
20.353
20.3732
20.3935
20.4497
20.5022
20.5039
20.5817
20.6115
20.6169
20.6836
20.7218
20.7913
20.935
20.9684
20.9721
21.3564
21.4977
21.5438
21.5662
21.6059
21.6573
21.6704
21.7856
22.1062
22.2023
22.3427
22.3576
22.392
22.4316
22.5173
22.5781
22.67
22.7653
22.8391
22.8926
22.9388
23.1056
23.1956
23.2693
23.3751
23.3878
23.4835
23.5137
23.5756
23.6799
23.691
23.6969
23.7356
23.8014
23.8954
23.9329
23.9966
24.1852
24.344
24.4337
24.5909
24.6307
24.8482
24.92
25.0363
25.1747
25.306
25.4697
25.6165
25.6819
25.8299
25.9786
26.1676
26.2568
26.4289
26.4481
26.635
26.8739
26.8864
27.1518
27.2996
27.3427
27.5614
27.7269
27.8662
27.9376
28.0025
28.2276
28.2652
28.6549
28.8088
29.6915
29.8118
29.8178
29.9215
30.0435
30.4595
31.147
31.2185
31.2303
31.5138
32.7618
32.8266
34.8323
34.9531
36.4897
36.5657
42.1849
