-27.8206
-7.27706
-8.29986
-9.53092
-10.3711
-11.9835
-12.2437
-13.2665
7.27706
5.0232
3.59344
2.57064
-15.1956
-15.7286
3.79214
1.72087
0.641516
0.108525
-0.641516
-1.17451
-2.25386
-4.32513
15.1956
14.6626
-19.1704
3.55271e-15
-1.72087
-2.25386
-3.33321
-3.59344
-4.61625
-6.046
-8.29986
12.2437
11.2209
-7.07836
-7.91857
-9.53092
10.3711
8.75878
7.91857
7.47575
6.046
5.0232
4.32513
3.79214
23.3129
-23.3129
-3.79214
-4.32513
-5.0232
-6.046
-7.47575
-7.91857
-8.75878
-10.3711
9.53092
7.91857
7.07836
-11.2209
-12.2437
8.29986
6.046
4.61625
3.59344
3.33321
2.25386
1.72087
3.55271e-15
19.1704
-14.6626
-15.1956
4.32513
2.25386
1.17451
0.641516
-0.108525
-0.641516
-1.72087
-3.79214
15.7286
15.1956
-2.57064
-3.59344
-5.0232
-7.27706
13.2665
12.2437
11.9835
10.3711
9.53092
8.29986
7.27706
27.8206
