-32.5965
-31.4995
-31.382
-31.1799
-30.9078
-29.8086
-29.7223
-29.7053
-29.6248
-29.4926
-29.3816
-29.1822
-29.1452
-28.8591
-27.5445
-27.4756
-27.4657
-27.3337
-25.9773
-25.8889
-25.8686
-25.7924
-25.7053
-24.7676
-24.5926
-24.5131
-24.5085
-24.448
-24.4145
-24.3851
-24.363
-24.3196
-24.2873
-24.2296
-24.2248
-24.1747
-24.1626
-24.1053
-24.0808
-24.0132
-24.003
-23.9193
-23.9031
-23.4879
-23.4735
-23.3259
-23.2501
-23.1896
-23.11
-23.0317
-22.9481
-22.9067
-22.8497
-22.7708
-22.7068
-22.6562
-22.5051
-22.4355
-22.4026
-22.3366
-22.2986
-22.2812
-22.2489
-22.2158
-22.1385
-22.1239
-22.1109
-22.0568
-22.046
-21.9634
-21.9035
-21.8552
-21.7906
-21.7066
-21.6653
-21.615
-21.5984
-21.5572
-21.361
-21.3051
-21.2567
-21.2088
-21.1723
-21.0858
-21.0586
-21.004
-20.9905
-20.872
-20.856
-20.8445
-20.8242
-20.8102
-20.7743
-20.7135
-20.6844
-20.6649
-20.6429
-20.6356
-20.6108
-20.5804
-20.5524
-20.5464
-20.5198
-20.4497
-20.425
-20.402
-20.3913
-20.3782
-20.3596
-20.343
-20.3241
-20.2956
-20.2817
-20.1896
-20.1608
-20.0405
-20.0169
-19.9739
-19.9587
-19.837
-19.6843
-19.6312
-19.6092
-19.5519
-19.5442
-19.5141
-19.4947
-19.4207
-19.347
-19.3183
-19.2952
-19.2544
-19.224
-19.2082
-19.1679
-19.1279
-19.1172
-19.108
-18.9958
-18.9815
-18.9636
-18.9449
-18.9275
-18.9195
-18.8801
-18.8523
-18.8376
-18.8196
-18.8054
-18.7864
-18.7746
-18.7568
-18.7313
-18.7176
-18.7085
-18.7012
-18.6761
-18.6414
-18.6335
-18.5882
-18.5739
-18.5396
-18.4478
-18.4189
-18.378
-18.3475
-18.2896
-18.2839
-18.2171
-18.1903
-18.1481
-18.1196
-18.0433
-18.0321
-17.9311
-17.8896
-17.8634
-17.8201
-17.8048
-17.8004
-17.7643
-17.7141
-17.7038
-17.6956
-17.6402
-17.6315
-17.5542
-17.5325
-17.4502
-17.4132
-17.4023
-17.3736
-17.3634
-17.3387
-17.316
-17.2568
-17.2276
-17.1841
-17.1795
-17.1551
-17.1512
-17.1387
-17.1258
-17.122
-17.0947
-17.078
-17.0755
-17.0116
-16.9997
-16.9381
-16.9156
-16.8871
-16.8593
-16.8406
-16.8337
-16.8019
-16.744
-16.7355
-16.7093
-16.7038
-16.6866
-16.6716
-16.6635
-16.6483
-16.6344
-16.6173
-16.5959
-16.5818
-16.5776
-16.5708
-16.5359
-16.4979
-16.4433
-16.4312
-16.3954
-16.3796
-16.3691
-16.361
-16.3431
-16.3251
-16.3123
-16.2803
-16.2691
-16.2504
-16.2356
-16.1895
-16.1737
-16.1574
-16.1272
-16.1194
-16.0945
-16.0803
-16.0714
-16.0032
-15.98
-15.9045
-15.8906
-15.8762
-15.8714
-15.8371
-15.797
-15.7912
-15.7704
-15.741
-15.7073
-15.6752
-15.653
-15.6396
-15.5823
-15.5771
-15.5689
-15.5415
-15.5325
-15.5294
-15.5157
-15.4904
-15.4814
-15.4655
-15.4398
-15.4229
-15.4167
-15.4133
-15.4002
-15.3931
-15.3856
-15.3618
-15.347
-15.3165
-15.3108
-15.2982
-15.26
-15.2504
-15.2269
-15.2151
-15.2075
-15.1953
-15.1707
-15.1693
-15.1656
-15.147
-15.1224
-15.1185
-15.0989
-15.0829
-15.0792
-15.0675
-15.0624
-15.0443
-15.026
-15.0171
-15.0141
-15.0013
-14.9894
-14.9778
-14.962
-14.9519
-14.9384
-14.9219
-14.9141
-14.8987
-14.8638
-14.8506
-14.8465
-14.8407
-14.8275
-14.8126
-14.7864
-14.7765
-14.7613
-14.755
-14.7356
-14.7315
-14.7087
-14.6756
-14.6682
-14.6576
-14.6438
-14.633
-14.6067
-14.6027
-14.5739
-14.5556
-14.5479
-14.5332
-14.5127
-14.4899
-14.4816
-14.4752
-14.4476
-14.4323
-14.4176
-14.3593
-14.3378
-14.3333
-14.3147
-14.2911
-14.2786
-14.2597
-14.2502
-14.2367
-14.2207
-14.2061
-14.1788
-14.163
-14.136
-14.1282
-14.0815
-14.0404
-14.0168
-14.0071
-13.9913
-13.9846
-13.9571
-13.926
-13.919
-13.8932
-13.8844
-13.8767
-13.8625
-13.8619
-13.8495
-13.8347
-13.7977
-13.7896
-13.7732
-13.7655
-13.7469
-13.7402
-13.7368
-13.7204
-13.7138
-13.7111
-13.704
-13.7007
-13.6788
-13.6651
-13.6643
-13.652
-13.6487
-13.6396
-13.6306
-13.5971
-13.5912
-13.5807
-13.5756
-13.5695
-13.5511
-13.5282
-13.5184
-13.5126
-13.5067
-13.5004
-13.4859
-13.4749
-13.4445
-13.4215
-13.4156
-13.4003
-13.3939
-13.3916
-13.3826
-13.371
-13.3592
-13.3514
-13.3303
-13.3218
-13.3111
-13.2774
-13.269
-13.2591
-13.2364
-13.2192
-13.202
-13.1964
-13.1867
-13.1767
-13.1521
-13.1406
-13.1385
-13.1219
-13.1064
-13.0837
-13.0775
-13.0703
-13.0679
-13.0473
-13.0421
-13.0326
-13.0181
-12.9828
-12.9711
-12.9687
-12.9581
-12.9456
-12.9419
-12.9345
-12.9095
-12.8972
-12.8787
-12.872
-12.847
-12.8405
-12.8271
-12.8132
-12.8064
-12.7799
-12.7683
-12.7544
-12.7502
-12.7276
-12.7164
-12.6904
-12.6825
-12.6594
-12.6514
-12.6452
-12.6324
-12.6243
-12.6165
-12.5931
-12.5903
-12.5839
-12.5772
-12.5679
-12.5562
-12.5426
-12.5192
-12.5103
-12.4931
-12.4827
-12.4711
-12.4584
-12.4544
-12.4452
-12.4336
-12.4255
-12.4151
-12.4094
-12.4043
-12.3964
-12.3913
-12.3773
-12.3726
-12.3524
-12.3395
-12.3287
-12.3264
-12.3127
-12.2882
-12.2832
-12.2809
-12.2693
-12.2605
-12.2375
-12.219
-12.2184
-12.2053
-12.1913
-12.1825
-12.1785
-12.1609
-12.156
-12.1441
-12.1299
-12.1253
-12.1237
-12.1022
-12.0936
-12.0876
-12.0737
-12.0604
-12.0538
-12.0348
-12.033
-12.0153
-12.013
-12.009
-12.0053
-11.9971
-11.9929
-11.9781
-11.966
-11.957
-11.9431
-11.9314
-11.9169
-11.9041
-11.8981
-11.8912
-11.8871
-11.8717
-11.8614
-11.8507
-11.8443
-11.8375
-11.829
-11.8166
-11.8063
-11.7935
-11.7728
-11.7662
-11.7533
-11.7405
-11.7224
-11.6904
-11.6867
-11.6694
-11.6562
-11.6533
-11.6341
-11.6035
-11.581
-11.5622
-11.5525
-11.552
-11.5232
-11.5081
-11.4989
-11.4903
-11.4742
-11.4674
-11.4599
-11.451
-11.4321
-11.4217
-11.4163
-11.4092
-11.3903
-11.3523
-11.3388
-11.3252
-11.3219
-11.3094
-11.3002
-11.2925
-11.2817
-11.2709
-11.2578
-11.248
-11.2429
-11.2361
-11.2277
-11.2234
-11.2096
-11.1984
-11.1891
-11.1816
-11.1794
-11.1665
-11.1625
-11.1545
-11.1498
-11.1309
-11.1204
-11.1184
-11.0974
-11.0906
-11.0838
-11.0774
-11.0643
-11.0577
-11.0547
-11.0485
-11.0427
-11.0366
-11.02
-11.0084
-10.9983
-10.9898
-10.9823
-10.9756
-10.9685
-10.9609
-10.9576
-10.9514
-10.9373
-10.9304
-10.9173
-10.9139
-10.905
-10.8967
-10.8914
-10.885
-10.871
-10.857
-10.8464
-10.8389
-10.8343
-10.8205
-10.8045
-10.7908
-10.7844
-10.7802
-10.77
-10.7561
-10.7421
-10.7312
-10.7264
-10.7174
-10.6956
-10.6906
-10.6845
-10.678
-10.6662
-10.6544
-10.6473
-10.6422
-10.6371
-10.6141
-10.6025
-10.5999
-10.5959
-10.5832
-10.5752
-10.5649
-10.5603
-10.5474
-10.5407
-10.5292
-10.5133
-10.4982
-10.4901
-10.4867
-10.4787
-10.4521
-10.4327
-10.4294
-10.4183
-10.4061
-10.3964
-10.3862
-10.3792
-10.365
-10.3597
-10.3512
-10.3424
-10.3275
-10.3252
-10.3191
-10.3087
-10.2934
-10.2894
-10.2781
-10.2724
-10.2652
-10.2599
-10.2546
-10.2391
-10.2316
-10.2246
-10.2187
-10.2115
-10.2008
-10.1948
-10.1802
-10.1712
-10.1602
-10.1486
-10.1467
-10.133
-10.1181
-10.1136
-10.0976
-10.0914
-10.0815
-10.0587
-10.051
-10.0373
-10.0326
-10.0242
-10.0098
-10.0084
-9.99575
-9.98002
-9.96305
-9.96107
-9.94855
-9.9358
-9.91316
-9.90451
-9.89002
-9.88281
-9.87739
-9.86715
-9.85613
-9.84413
-9.83361
-9.8249
-9.81547
-9.80349
-9.79853
-9.79707
-9.79234
-9.78444
-9.77235
-9.76168
-9.75539
-9.74988
-9.73598
-9.73174
-9.719
-9.70864
-9.70295
-9.69447
-9.69275
-9.68737
-9.67103
-9.66779
-9.65946
-9.65608
-9.64822
-9.64279
-9.63922
-9.6315
-9.62513
-9.62022
-9.61739
-9.61107
-9.60236
-9.59203
-9.5839
-9.56412
-9.56096
-9.54721
-9.54365
-9.53508
-9.52046
-9.51742
-9.50076
-9.49626
-9.48599
-9.48281
-9.46374
-9.46027
-9.44497
-9.43208
-9.41157
-9.40881
-9.39937
-9.3866
-9.38534
-9.36316
-9.35873
-9.33946
-9.33381
-9.32425
-9.32251
-9.31592
-9.30994
-9.3009
-9.29819
-9.2955
-9.28287
-9.27344
-9.26402
-9.24792
-9.23777
-9.22332
-9.2155
-9.20578
-9.19753
-9.19453
-9.18985
-9.17784
-9.17412
-9.15859
-9.15513
-9.15469
-9.13372
-9.12993
-9.12799
-9.11815
-9.11362
-9.09966
-9.07589
-9.06384
-9.05653
-9.04644
-9.02836
-9.02651
-9.00799
-9.00163
-8.99148
-8.98454
-8.97698
-8.9675
-8.96578
-8.9579
-8.9467
-8.93738
-8.93451
-8.9121
-8.90673
-8.90315
-8.89664
-8.87216
-8.868
-8.85933
-8.83474
-8.82635
-8.81063
-8.80249
-8.7999
-8.78607
-8.77419
-8.77077
-8.76278
-8.73999
-8.73236
-8.73055
-8.71498
-8.69545
-8.68758
-8.68151
-8.66725
-8.6598
-8.65031
-8.64929
-8.63472
-8.62832
-8.6176
-8.60685
-8.6018
-8.59087
-8.57284
-8.56665
-8.56027
-8.55142
-8.54804
-8.53405
-8.52569
-8.52238
-8.51328
-8.50714
-8.493
-8.4886
-8.48439
-8.46312
-8.45928
-8.45048
-8.44329
-8.42851
-8.42288
-8.41382
-8.40984
-8.40659
-8.40407
-8.39627
-8.38944
-8.37708
-8.36419
-8.3607
-8.35107
-8.34684
-8.34352
-8.33652
-8.33325
-8.32425
-8.31705
-8.31198
-8.30736
-8.29608
-8.29222
-8.28743
-8.28536
-8.27194
-8.26255
-8.2564
-8.24098
-8.23859
-8.22285
-8.21175
-8.20947
-8.20656
-8.18724
-8.18495
-8.17495
-8.17045
-8.15202
-8.13823
-8.1287
-8.12333
-8.1161
-8.1027
-8.09553
-8.09396
-8.08505
-8.07642
-8.07267
-8.06638
-8.0571
-8.05514
-8.04739
-8.04074
-8.03726
-8.03056
-8.02471
-8.0201
-8.01094
-7.99919
-7.99033
-7.98733
-7.98139
-7.97383
-7.96936
-7.96718
-7.96131
-7.96032
-7.94581
-7.94246
-7.93293
-7.92614
-7.91504
-7.90714
-7.89642
-7.89199
-7.87594
-7.87312
-7.86022
-7.8557
-7.84996
-7.84293
-7.84011
-7.83344
-7.81987
-7.81107
-7.80346
-7.78876
-7.78051
-7.77414
-7.76175
-7.74941
-7.74365
-7.73082
-7.72609
-7.71663
-7.71392
-7.7102
-7.70176
-7.69668
-7.68926
-7.67792
-7.67523
-7.67203
-7.66256
-7.65335
-7.6505
-7.63965
-7.63655
-7.62566
-7.62272
-7.61894
-7.61136
-7.60297
-7.59975
-7.58859
-7.58495
-7.58013
-7.56845
-7.56261
-7.55725
-7.55049
-7.54144
-7.53131
-7.52648
-7.52097
-7.51128
-7.49659
-7.48641
-7.48457
-7.47483
-7.46964
-7.45728
-7.44365
-7.4397
-7.43172
-7.426
-7.41467
-7.40232
-7.39634
-7.39228
-7.38099
-7.37651
-7.3724
-7.35781
-7.35124
-7.34425
-7.34091
-7.32482
-7.31333
-7.30698
-7.30373
-7.29708
-7.29095
-7.2835
-7.27952
-7.27061
-7.2597
-7.25337
-7.23319
-7.22777
-7.22501
-7.21911
-7.21003
-7.20408
-7.19595
-7.1895
-7.1824
-7.18058
-7.16654
-7.1615
-7.15462
-7.14646
-7.13733
-7.1305
-7.12127
-7.10876
-7.10616
-7.10313
-7.09297
-7.08374
-7.07868
-7.07026
-7.0633
-7.05743
-7.05347
-7.04621
-7.04286
-7.03538
-7.03119
-7.02194
-7.0188
-7.01494
-7.00806
-6.99787
-6.99501
-6.98915
-6.98088
-6.97993
-6.96559
-6.96185
-6.9557
-6.95178
-6.9477
-6.93919
-6.93422
-6.93372
-6.93043
-6.92392
-6.91987
-6.91501
-6.90994
-6.90501
-6.89212
-6.88757
-6.88478
-6.88182
-6.87747
-6.87224
-6.8618
-6.85637
-6.84381
-6.84127
-6.8394
-6.83371
-6.82391
-6.81979
-6.80501
-6.80285
-6.79759
-6.79458
-6.78843
-6.7819
-6.7781
-6.76854
-6.76567
-6.75996
-6.7553
-6.74202
-6.73621
-6.72985
-6.72685
-6.71838
-6.71329
-6.70413
-6.69973
-6.69572
-6.69038
-6.68678
-6.68597
-6.68037
-6.6747
-6.67176
-6.65846
-6.65527
-6.64497
-6.64117
-6.62949
-6.62186
-6.61373
-6.61219
-6.59838
-6.59232
-6.58932
-6.58352
-6.5759
-6.57391
-6.56479
-6.55481
-6.54091
-6.53809
-6.53458
-6.52413
-6.52145
-6.51065
-6.50542
-6.49819
-6.49409
-6.48632
-6.48278
-6.46966
-6.46835
-6.46196
-6.45192
-6.44606
-6.44364
-6.42453
-6.42146
-6.41211
-6.40433
-6.39615
-6.39267
-6.38037
-6.37889
-6.36946
-6.36777
-6.36086
-6.35057
-6.34362
-6.33119
-6.319
-6.31387
-6.3088
-6.29799
-6.29371
-6.28031
-6.27205
-6.26546
-6.2593
-6.25304
-6.25005
-6.24879
-6.23711
-6.22696
-6.22286
-6.21363
-6.20228
-6.19455
-6.18303
-6.17608
-6.16575
-6.16074
-6.13788
-6.12781
-6.12614
-6.1222
-6.09719
-6.09619
-6.09099
-6.07928
-6.07332
-6.059
-6.05328
-6.0365
-6.03487
-6.02969
-6.02142
-6.01674
-6.00562
-5.99496
-5.98812
-5.98187
-5.97959
-5.96471
-5.95823
-5.94891
-5.94543
-5.93875
-5.92677
-5.92073
-5.9184
-5.9038
-5.90026
-5.8976
-5.8854
-5.87774
-5.87208
-5.87043
-5.85972
-5.85433
-5.84444
-5.83677
-5.83382
-5.8265
-5.8167
-5.80597
-5.8024
-5.80178
-5.79693
-5.7928
-5.78598
-5.7738
-5.76824
-5.75932
-5.75532
-5.75325
-5.74868
-5.73727
-5.73305
-5.72838
-5.70981
-5.69913
-5.69514
-5.69322
-5.68683
-5.68132
-5.6751
-5.66771
-5.6603
-5.65561
-5.6521
-5.65125
-5.64488
-5.64181
-5.63605
-5.62578
-5.6225
-5.61045
-5.60154
-5.59484
-5.58761
-5.57916
-5.57557
-5.56786
-5.55944
-5.54931
-5.54355
-5.53847
-5.53285
-5.5256
-5.52363
-5.51913
-5.5153
-5.5071
-5.5033
-5.49484
-5.48585
-5.48297
-5.4762
-5.47323
-5.46523
-5.45961
-5.45541
-5.44906
-5.44672
-5.43706
-5.42345
-5.42227
-5.41324
-5.40414
-5.39394
-5.39133
-5.38544
-5.37576
-5.36867
-5.36268
-5.35355
-5.34813
-5.34337
-5.33858
-5.3358
-5.33395
-5.32411
-5.31728
-5.31313
-5.30757
-5.3003
-5.29496
-5.28575
-5.27556
-5.2747
-5.27131
-5.26448
-5.2606
-5.25499
-5.24635
-5.2423
-5.23704
-5.23364
-5.23122
-5.21636
-5.20954
-5.20304
-5.20162
-5.19158
-5.18475
-5.1836
-5.17582
-5.16553
-5.16429
-5.15938
-5.15382
-5.14349
-5.13985
-5.13375
-5.13162
-5.11925
-5.11149
-5.09427
-5.09351
-5.08953
-5.08539
-5.08085
-5.07689
-5.06653
-5.05964
-5.0425
-5.03471
-5.02954
-5.0246
-5.01869
-5.00982
-5.00061
-4.9937
-4.99
-4.9782
-4.97235
-4.96855
-4.93855
-4.9352
-4.92821
-4.91785
-4.91491
-4.90442
-4.89511
-4.88622
-4.8756
-4.87027
-4.86041
-4.85848
-4.85116
-4.84556
-4.83675
-4.82232
-4.8103
-4.80451
-4.79924
-4.79103
-4.78375
-4.77902
-4.77088
-4.76483
-4.76182
-4.7562
-4.74806
-4.74019
-4.73708
-4.73354
-4.72549
-4.70995
-4.70786
-4.70607
-4.69086
-4.68514
-4.68137
-4.67223
-4.65966
-4.65711
-4.65125
-4.64903
-4.64008
-4.6378
-4.62956
-4.62307
-4.61962
-4.61467
-4.61342
-4.61172
-4.60657
-4.59137
-4.58354
-4.58138
-4.57612
-4.5734
-4.56477
-4.55889
-4.55447
-4.54914
-4.54613
-4.5357
-4.52969
-4.52297
-4.51494
-4.50888
-4.50378
-4.50103
-4.48611
-4.48522
-4.47627
-4.47369
-4.46956
-4.46508
-4.46232
-4.45133
-4.44818
-4.43688
-4.43183
-4.42568
-4.42028
-4.41945
-4.41089
-4.40535
-4.4028
-4.39289
-4.38972
-4.38819
-4.38107
-4.3765
-4.37015
-4.36627
-4.36186
-4.35942
-4.35288
-4.34903
-4.34215
-4.33663
-4.33153
-4.33013
-4.31945
-4.31686
-4.30972
-4.3047
-4.30251
-4.29646
-4.29261
-4.28392
-4.28069
-4.27679
-4.2736
-4.26487
-4.25954
-4.25453
-4.25279
-4.24423
-4.24006
-4.23715
-4.22583
-4.22087
-4.21372
-4.21204
-4.20895
-4.20151
-4.19283
-4.18731
-4.17838
-4.17548
-4.17346
-4.16728
-4.16437
-4.15791
-4.15414
-4.14994
-4.14379
-4.13633
-4.12775
-4.12598
-4.1199
-4.11759
-4.11564
-4.11021
-4.10635
-4.10028
-4.09369
-4.09025
-4.0881
-4.07799
-4.07607
-4.07467
-4.07089
-4.05948
-4.05674
-4.04957
-4.0441
-4.03823
-4.03218
-4.03107
-4.02268
-4.01933
-4.01223
-4.00738
-4.00289
-3.99737
-3.99179
-3.98804
-3.97948
-3.97395
-3.97043
-3.96608
-3.96285
-3.95707
-3.95081
-3.9472
-3.93691
-3.93413
-3.92673
-3.92206
-3.92049
-3.9115
-3.90737
-3.90439
-3.89906
-3.88966
-3.88362
-3.87891
-3.87226
-3.86282
-3.85941
-3.85678
-3.84837
-3.84616
-3.83608
-3.83188
-3.8293
-3.82467
-3.82289
-3.81591
-3.81209
-3.80564
-3.79976
-3.79606
-3.79101
-3.78863
-3.77928
-3.77173
-3.76741
-3.76077
-3.7575
-3.75086
-3.7448
-3.74442
-3.7343
-3.72692
-3.72444
-3.71853
-3.71283
-3.70974
-3.70472
-3.70032
-3.69886
-3.69138
-3.68933
-3.68474
-3.68361
-3.67161
-3.66008
-3.65685
-3.6547
-3.65029
-3.64716
-3.63858
-3.63073
-3.62601
-3.61566
-3.61321
-3.60067
-3.59937
-3.59205
-3.58929
-3.58233
-3.57398
-3.56522
-3.56057
-3.54969
-3.54657
-3.53762
-3.53357
-3.52969
-3.52313
-3.51885
-3.51569
-3.50783
-3.49989
-3.49882
-3.49419
-3.48587
-3.48347
-3.48137
-3.47424
-3.4671
-3.46419
-3.45619
-3.45466
-3.44692
-3.44646
-3.44007
-3.43528
-3.42019
-3.41277
-3.4093
-3.40369
-3.39347
-3.38925
-3.38791
-3.38309
-3.37725
-3.37237
-3.36883
-3.3637
-3.3522
-3.34835
-3.34665
-3.34283
-3.32878
-3.3253
-3.32236
-3.31487
-3.30993
-3.30615
-3.29073
-3.29011
-3.28539
-3.2753
-3.26976
-3.26473
-3.26035
-3.25613
-3.25187
-3.24634
-3.24508
-3.23832
-3.23472
-3.22899
-3.22107
-3.21897
-3.21579
-3.205
-3.20058
-3.1975
-3.18615
-3.18421
-3.17692
-3.17217
-3.1675
-3.15988
-3.14918
-3.14541
-3.14253
-3.14073
-3.13707
-3.13282
-3.13133
-3.12204
-3.11899
-3.11489
-3.1095
-3.10516
-3.10208
-3.0998
-3.09249
-3.08978
-3.0862
-3.07374
-3.07101
-3.06748
-3.06254
-3.05037
-3.04921
-3.04668
-3.03207
-3.02839
-3.02536
-3.0108
-3.0068
-3.00384
-3.00009
-2.99697
-2.9946
-2.97812
-2.97438
-2.97184
-2.96548
-2.96242
-2.95304
-2.95204
-2.94116
-2.92951
-2.92597
-2.9255
-2.9141
-2.91022
-2.90778
-2.90453
-2.89537
-2.88392
-2.87691
-2.87184
-2.86476
-2.85808
-2.85617
-2.84741
-2.84346
-2.83624
-2.83129
-2.82866
-2.81984
-2.80989
-2.80947
-2.79523
-2.79219
-2.78564
-2.78226
-2.77763
-2.76734
-2.76622
-2.75856
-2.75086
-2.74319
-2.7403
-2.73063
-2.72628
-2.71837
-2.71258
-2.70152
-2.69526
-2.69162
-2.68387
-2.6724
-2.66579
-2.66355
-2.65724
-2.64976
-2.64796
-2.64129
-2.634
-2.62219
-2.61903
-2.61267
-2.60394
-2.59669
-2.58894
-2.58198
-2.57644
-2.57353
-2.56401
-2.55291
-2.54791
-2.53947
-2.53516
-2.53125
-2.52521
-2.51262
-2.50935
-2.50389
-2.49794
-2.48921
-2.4875
-2.47947
-2.47356
-2.46597
-2.45911
-2.45544
-2.4481
-2.44501
-2.44052
-2.43929
-2.42492
-2.42065
-2.41834
-2.41378
-2.40615
-2.40107
-2.39775
-2.3906
-2.38201
-2.37809
-2.36982
-2.36892
-2.35886
-2.35625
-2.35118
-2.34207
-2.33892
-2.33083
-2.32541
-2.31994
-2.31786
-2.30829
-2.30296
-2.29649
-2.29112
-2.28292
-2.27999
-2.26663
-2.26489
-2.26104
-2.2558
-2.24941
-2.24605
-2.24349
-2.23937
-2.23224
-2.22714
-2.22381
-2.22124
-2.21283
-2.20966
-2.20138
-2.19988
-2.19421
-2.18821
-2.17696
-2.17325
-2.16723
-2.16432
-2.15648
-2.1546
-2.14702
-2.1434
-2.13894
-2.13407
-2.12585
-2.12391
-2.11583
-2.11101
-2.10647
-2.10043
-2.09791
-2.09094
-2.08226
-2.0801
-2.07566
-2.07113
-2.0625
-2.05742
-2.04792
-2.0453
-2.04058
-2.03718
-2.03068
-2.02794
-2.01935
-2.00925
-2.00104
-1.99618
-1.99258
-1.98585
-1.98119
-1.9801
-1.97406
-1.96844
-1.95825
-1.95772
-1.95066
-1.94447
-1.93603
-1.92795
-1.92429
-1.92265
-1.91526
-1.90906
-1.90457
-1.89815
-1.89748
-1.88866
-1.88448
-1.8729
-1.86887
-1.86247
-1.86101
-1.85546
-1.85181
-1.848
-1.84407
-1.83798
-1.83323
-1.82781
-1.82604
-1.81972
-1.81704
-1.81457
-1.80185
-1.7973
-1.79365
-1.78955
-1.78501
-1.77934
-1.77662
-1.76897
-1.76482
-1.76245
-1.75078
-1.74703
-1.74265
-1.7354
-1.73191
-1.72463
-1.72213
-1.71247
-1.70564
-1.7051
-1.69356
-1.69056
-1.68444
-1.68332
-1.67639
-1.67247
-1.66934
-1.66254
-1.65484
-1.65333
-1.64674
-1.64518
-1.64017
-1.63392
-1.62658
-1.62601
-1.61488
-1.6079
-1.6028
-1.60143
-1.59636
-1.59362
-1.58534
-1.5813
-1.57495
-1.57322
-1.56911
-1.56722
-1.5604
-1.55469
-1.55185
-1.54778
-1.54402
-1.53779
-1.53274
-1.5234
-1.52159
-1.51573
-1.51543
-1.51103
-1.50442
-1.4953
-1.49043
-1.48023
-1.47805
-1.47344
-1.46752
-1.46266
-1.46043
-1.44826
-1.44618
-1.44406
-1.43818
-1.4373
-1.4291
-1.42635
-1.42392
-1.41982
-1.41312
-1.40704
-1.40016
-1.39579
-1.38942
-1.38558
-1.37797
-1.37643
-1.3708
-1.36585
-1.3604
-1.35696
-1.35164
-1.34453
-1.34322
-1.34001
-1.3322
-1.3281
-1.3233
-1.3186
-1.31234
-1.30615
-1.29994
-1.293
-1.2913
-1.28559
-1.28291
-1.2713
-1.27083
-1.26682
-1.26597
-1.25686
-1.25251
-1.25056
-1.24731
-1.24148
-1.23995
-1.23762
-1.2322
-1.22832
-1.22308
-1.21877
-1.20995
-1.20824
-1.20263
-1.19864
-1.19646
-1.19282
-1.19054
-1.18678
-1.18373
-1.17963
-1.17269
-1.16966
-1.16444
-1.16018
-1.15553
-1.14637
-1.14474
-1.13695
-1.12942
-1.12651
-1.12269
-1.11771
-1.11666
-1.11214
-1.10595
-1.09945
-1.08789
-1.08717
-1.08134
-1.07878
-1.07412
-1.07026
-1.06722
-1.06387
-1.05989
-1.05327
-1.04782
-1.04502
-1.04027
-1.03101
-1.025
-1.02137
-1.01638
-1.00814
-1.00761
-1.00465
-1.00108
-0.995637
-0.99108
-0.989772
-0.981364
-0.977743
-0.970258
-0.966657
-0.958392
-0.955392
-0.949131
-0.93975
-0.937238
-0.93309
-0.930058
-0.928488
-0.915538
-0.914335
-0.905163
-0.903127
-0.899611
-0.895483
-0.887036
-0.886302
-0.877567
-0.873539
-0.863043
-0.862605
-0.857949
-0.851605
-0.849148
-0.839074
-0.83589
-0.830053
-0.825638
-0.820687
-0.817933
-0.815971
-0.80617
-0.803608
-0.789994
-0.788653
-0.782036
-0.780947
-0.773263
-0.766107
-0.760515
-0.757363
-0.749756
-0.740997
-0.735132
-0.734521
-0.730402
-0.72671
-0.722311
-0.712688
-0.708066
-0.703943
-0.695383
-0.693998
-0.685692
-0.678946
-0.671647
-0.666083
-0.660694
-0.659302
-0.656898
-0.651187
-0.646861
-0.640188
-0.636479
-0.625458
-0.616183
-0.611814
-0.610103
-0.6086
-0.598147
-0.590365
-0.583387
-0.572064
-0.56921
-0.566681
-0.560196
-0.556692
-0.553725
-0.546973
-0.543677
-0.537351
-0.531608
-0.518436
-0.514057
-0.509319
-0.502462
-0.499765
-0.494739
-0.490166
-0.48533
-0.484814
-0.476788
-0.473162
-0.463112
-0.461241
-0.455298
-0.454802
-0.452261
-0.446584
-0.441981
-0.436736
-0.425525
-0.418771
-0.417823
-0.410287
-0.406295
-0.404975
-0.397106
-0.393199
-0.389474
-0.388899
-0.385499
-0.378388
-0.372991
-0.367686
-0.365678
-0.363612
-0.356461
-0.354564
-0.351804
-0.349244
-0.340189
-0.337968
-0.334756
-0.333368
-0.318704
-0.311354
-0.308782
-0.305989
-0.305271
-0.295599
-0.294337
-0.288498
-0.285247
-0.277066
-0.275394
-0.27028
-0.265829
-0.256072
-0.253971
-0.24681
-0.242672
-0.238163
-0.233649
-0.231671
-0.225207
-0.219901
-0.217622
-0.215217
-0.214572
-0.209197
-0.205929
-0.202028
-0.195806
-0.191206
-0.183716
-0.182275
-0.180239
-0.175019
-0.172672
-0.167609
-0.160338
-0.154692
-0.151977
-0.146851
-0.143492
-0.134591
-0.130489
-0.129364
-0.119214
-0.117429
-0.110247
-0.107034
-0.103605
-0.100147
-0.0987365
-0.0937331
-0.0890032
-0.0848497
-0.0798698
-0.077009
-0.0689985
-0.0611267
-0.0577287
-0.0561741
-0.0489406
-0.0436175
-0.0392272
-0.0329919
-0.0275705
-0.0247546
-0.0217618
-0.0134763
-0.00820581
-0.00452275
-0.00414973
0
0.00376563
0.0103032
0.0141606
0.0164922
0.0215502
0.0246096
0.026923
0.0362539
0.038176
0.0403103
0.0516807
0.053159
0.0581666
0.0622717
0.0638363
0.0673484
0.074554
0.077037
0.0803935
0.0875013
0.0918923
0.0984393
0.0991865
0.105703
0.109536
0.116991
0.121031
0.12857
0.13109
0.134429
0.137247
0.142301
0.14577
0.149391
0.15207
0.157107
0.165977
0.171653
0.173427
0.178306
0.187376
0.192269
0.193968
0.200415
0.203013
0.213615
0.217574
0.222064
0.226828
0.231187
0.235429
0.245957
0.248435
0.253628
0.261257
0.26199
0.266991
0.271359
0.277707
0.284959
0.285143
0.288845
0.294335
0.297148
0.305927
0.309693
0.318569
0.324522
0.325336
0.329212
0.333706
0.337476
0.349362
0.352676
0.355109
0.358194
0.364159
0.368957
0.375332
0.378983
0.385058
0.389939
0.393856
0.401493
0.409892
0.41519
0.421666
0.42552
0.428472
0.437548
0.437825
0.445326
0.454504
0.455945
0.459369
0.472727
0.474165
0.481343
0.485578
0.490695
0.494815
0.503376
0.508128
0.51151
0.51463
0.517819
0.52363
0.530618
0.535739
0.538844
0.546576
0.551574
0.552934
0.55891
0.570075
0.57465
0.578949
0.58621
0.594132
0.596909
0.603097
0.605993
0.611262
0.620564
0.622324
0.626034
0.631887
0.638218
0.642261
0.64458
0.65298
0.656672
0.66398
0.670602
0.672104
0.680855
0.686851
0.690735
0.696639
0.705084
0.709444
0.714797
0.717473
0.727029
0.728283
0.731943
0.74276
0.743279
0.749073
0.754644
0.756131
0.765681
0.766165
0.776603
0.78205
0.789891
0.796246
0.799692
0.80705
0.812022
0.815799
0.818153
0.828374
0.835311
0.837038
0.84382
0.849087
0.853103
0.860374
0.86613
0.873135
0.879824
0.883205
0.884649
0.891618
0.892937
0.898152
0.90177
0.908695
0.914049
0.915817
0.926768
0.930023
0.935219
0.948005
0.952331
0.96061
0.963298
0.969787
0.971132
0.984282
0.985848
0.997566
1.00107
1.00736
1.01246
1.01704
1.02087
1.02552
1.03339
1.03875
1.04133
1.04204
1.05003
1.0533
1.05833
1.06683
1.06752
1.07824
1.08353
1.08781
1.08898
1.09367
1.09891
1.10521
1.116
1.11696
1.12587
1.13318
1.13474
1.13699
1.14379
1.14829
1.15349
1.16155
1.16902
1.17263
1.17893
1.18382
1.18751
1.19337
1.20102
1.20502
1.20849
1.21857
1.22574
1.23038
1.23593
1.2368
1.24105
1.24482
1.2463
1.25213
1.26038
1.26369
1.26734
1.27662
1.28234
1.28607
1.29007
1.2937
1.29731
1.30269
1.30559
1.30721
1.31674
1.32484
1.3311
1.33313
1.3411
1.34346
1.34828
1.35282
1.35699
1.35841
1.36216
1.37048
1.37426
1.37729
1.37929
1.38299
1.39205
1.39343
1.40046
1.40356
1.40882
1.4106
1.4186
1.42335
1.4287
1.43152
1.43476
1.43827
1.44389
1.45016
1.45459
1.46064
1.46161
1.46578
1.47553
1.47707
1.4831
1.48547
1.49352
1.49807
1.50202
1.50474
1.51348
1.51891
1.52205
1.53136
1.53406
1.53758
1.54283
1.54466
1.54825
1.56011
1.56322
1.56811
1.57163
1.57689
1.58054
1.58296
1.58692
1.59036
1.60282
1.60595
1.6112
1.61494
1.62008
1.62212
1.6267
1.63372
1.6481
1.65195
1.65471
1.65781
1.66193
1.67044
1.67586
1.6799
1.68331
1.69311
1.69331
1.69603
1.70464
1.70821
1.71604
1.72355
1.72611
1.73288
1.73598
1.74129
1.74324
1.75347
1.75681
1.76133
1.76753
1.77538
1.78038
1.78915
1.79274
1.79679
1.79979
1.80441
1.80604
1.81639
1.82715
1.82781
1.83005
1.83142
1.83953
1.84258
1.84857
1.85117
1.85962
1.8612
1.86875
1.87327
1.88314
1.88394
1.88645
1.88931
1.89164
1.89466
1.89969
1.90149
1.90891
1.91048
1.91662
1.92172
1.92726
1.93403
1.93608
1.94262
1.95406
1.95746
1.96162
1.96719
1.96818
1.97312
1.97634
1.98202
1.99111
1.9921
1.99698
2.00174
2.00686
2.01386
2.01704
2.02218
2.02645
2.03016
2.03501
2.0398
2.04419
2.04848
2.05572
2.05999
2.06742
2.06832
2.07109
2.07964
2.08879
2.09457
2.09605
2.10208
2.10728
2.10979
2.11599
2.12325
2.12622
2.13189
2.13255
2.14096
2.14538
2.15029
2.15169
2.15518
2.16111
2.1647
2.17445
2.1791
2.18393
2.18664
2.19211
2.19461
2.19882
2.20361
2.20905
2.21475
2.22409
2.22762
2.23286
2.23427
2.23899
2.2404
2.24728
2.25069
2.25399
2.25962
2.2645
2.26996
2.27436
2.28254
2.2867
2.29185
2.29497
2.30115
2.30886
2.315
2.32302
2.32448
2.32699
2.33519
2.33941
2.34781
2.35607
2.35873
2.36108
2.36342
2.36581
2.3681
2.38105
2.38602
2.39005
2.39267
2.39468
2.40337
2.40842
2.41268
2.41771
2.42283
2.43079
2.4389
2.43916
2.44776
2.44968
2.45402
2.45881
2.46469
2.46694
2.47408
2.47807
2.48269
2.48398
2.48897
2.49412
2.4993
2.5012
2.50684
2.5094
2.5158
2.51901
2.52427
2.52747
2.535
2.5379
2.54142
2.54428
2.55263
2.55409
2.56192
2.57211
2.57663
2.58282
2.5842
2.58892
2.59233
2.59798
2.60047
2.60198
2.60721
2.61083
2.61487
2.62081
2.62652
2.6293
2.63543
2.64067
2.6434
2.64563
2.6572
2.66022
2.66525
2.66719
2.67315
2.68129
2.68381
2.68905
2.69431
2.6974
2.70248
2.71018
2.71461
2.71815
2.7254
2.72895
2.73618
2.73711
2.74268
2.74795
2.75565
2.75737
2.7605
2.76466
2.77043
2.773
2.7819
2.78653
2.79029
2.79345
2.79651
2.80127
2.81022
2.81287
2.8136
2.8266
2.82806
2.83655
2.83824
2.84572
2.85074
2.85467
2.85734
2.86732
2.87517
2.87693
2.8783
2.88056
2.88523
2.89001
2.89298
2.89636
2.8993
2.90505
2.91476
2.9181
2.92286
2.92604
2.93203
2.93653
2.94668
2.95271
2.95538
2.96009
2.96368
2.96782
2.97568
2.98649
2.98899
2.99043
2.99402
2.99742
2.99907
3.00389
3.00907
3.01193
3.01877
3.02807
3.02913
3.03285
3.03491
3.03847
3.04088
3.04596
3.05096
3.05245
3.0597
3.06454
3.07056
3.07536
3.08048
3.09062
3.09655
3.10057
3.10167
3.10924
3.11237
3.11576
3.11885
3.12063
3.12848
3.12925
3.13688
3.14014
3.14748
3.14862
3.15284
3.16213
3.1645
3.16968
3.17339
3.17842
3.18133
3.18925
3.18981
3.20001
3.20702
3.20853
3.21299
3.21547
3.21827
3.22592
3.22987
3.23536
3.23657
3.24402
3.24891
3.25543
3.25997
3.2641
3.27186
3.27358
3.27545
3.28101
3.28356
3.28825
3.29328
3.29738
3.30264
3.30665
3.31163
3.31371
3.3194
3.3206
3.32655
3.33273
3.33964
3.34617
3.35157
3.35554
3.3569
3.36404
3.36981
3.37159
3.37541
3.3772
3.38163
3.38582
3.39338
3.39585
3.39762
3.40492
3.40765
3.40998
3.41673
3.42032
3.42491
3.4271
3.43409
3.43494
3.44457
3.44758
3.45072
3.45701
3.46346
3.46972
3.47223
3.47438
3.48358
3.48819
3.4919
3.49701
3.50333
3.5055
3.50799
3.51398
3.51711
3.51798
3.52246
3.53268
3.53766
3.53976
3.54167
3.54781
3.54809
3.55226
3.56084
3.56774
3.57481
3.57811
3.58693
3.58955
3.59684
3.60966
3.61351
3.61845
3.62255
3.62741
3.63346
3.63652
3.64161
3.64417
3.65104
3.65545
3.6577
3.65851
3.66472
3.66649
3.67936
3.68971
3.69156
3.69548
3.70443
3.70792
3.71441
3.7167
3.72586
3.73579
3.73708
3.74071
3.74804
3.75317
3.7551
3.75967
3.77171
3.77736
3.77951
3.78094
3.79061
3.79689
3.80313
3.80989
3.81262
3.81415
3.81767
3.82382
3.82916
3.83075
3.8321
3.83957
3.84753
3.85574
3.8587
3.86234
3.86653
3.87244
3.88031
3.88324
3.89363
3.90045
3.9052
3.90834
3.91036
3.91814
3.92415
3.9256
3.93489
3.93555
3.93921
3.94366
3.94809
3.95203
3.95926
3.97255
3.97663
3.98099
3.98498
3.99512
4.00154
4.00598
4.00776
4.01176
4.01932
4.02538
4.0347
4.04169
4.04619
4.05061
4.05278
4.06199
4.06757
4.07523
4.08466
4.08502
4.08986
4.09624
4.09945
4.10139
4.11175
4.11587
4.11978
4.12081
4.12727
4.13328
4.13926
4.14237
4.14899
4.15415
4.16257
4.17101
4.17334
4.18039
4.18329
4.19078
4.19912
4.20424
4.21035
4.2163
4.22034
4.22263
4.23438
4.23694
4.2438
4.24511
4.25008
4.25675
4.2657
4.26839
4.27275
4.2804
4.28464
4.28773
4.29243
4.29848
4.29994
4.31019
4.31336
4.31984
4.32446
4.32564
4.3298
4.33147
4.34816
4.34927
4.3535
4.36066
4.36682
4.37322
4.37369
4.38458
4.39215
4.39484
4.40403
4.41088
4.4122
4.41791
4.42297
4.42939
4.43338
4.43786
4.43956
4.44215
4.44715
4.45228
4.45478
4.46084
4.46508
4.46961
4.47677
4.48394
4.48639
4.49237
4.49755
4.4995
4.50275
4.50695
4.51111
4.51552
4.52139
4.53206
4.53622
4.54206
4.5451
4.5541
4.56171
4.56641
4.57356
4.58012
4.58711
4.58789
4.59342
4.6038
4.60863
4.61095
4.61822
4.63404
4.63571
4.64151
4.64674
4.65124
4.65574
4.65834
4.66665
4.67054
4.67495
4.68156
4.68453
4.69532
4.70318
4.70615
4.71674
4.71966
4.72225
4.7355
4.74345
4.74411
4.75197
4.75961
4.76096
4.76381
4.76632
4.78026
4.78307
4.78684
4.79402
4.7988
4.80795
4.8122
4.8143
4.82108
4.82566
4.82794
4.83698
4.83871
4.8454
4.8473
4.85237
4.85619
4.86246
4.87166
4.87434
4.88337
4.88637
4.88874
4.89271
4.90093
4.90398
4.90755
4.91129
4.92603
4.92756
4.93064
4.93818
4.94147
4.94739
4.95169
4.95698
4.96033
4.96177
4.9674
4.97075
4.97799
4.98269
4.98834
4.99685
5.00341
5.00832
5.01179
5.01307
5.01861
5.02972
5.03123
5.03423
5.03905
5.0465
5.05522
5.05861
5.06065
5.06829
5.07594
5.0764
5.08188
5.08625
5.09197
5.09976
5.10747
5.11189
5.11695
5.11909
5.1203
5.12753
5.13363
5.14345
5.15128
5.15599
5.1592
5.16526
5.16983
5.17343
5.17537
5.17876
5.19092
5.19606
5.19721
5.21079
5.21763
5.2236
5.22663
5.2293
5.23652
5.23941
5.2499
5.25579
5.2619
5.26898
5.27248
5.27671
5.28841
5.28973
5.2924
5.29903
5.30846
5.31412
5.31787
5.32257
5.32968
5.33306
5.34069
5.34305
5.35071
5.35533
5.36246
5.3647
5.37014
5.37723
5.38913
5.39385
5.40189
5.40794
5.41262
5.41868
5.42002
5.4283
5.43665
5.44119
5.44384
5.45007
5.45394
5.46445
5.46855
5.47267
5.47743
5.48257
5.48744
5.49762
5.50293
5.508
5.51396
5.51753
5.51855
5.52718
5.52781
5.53486
5.53896
5.54238
5.55056
5.5521
5.55929
5.56745
5.57251
5.57406
5.57966
5.58162
5.58617
5.59105
5.60386
5.60839
5.60994
5.61729
5.62268
5.62687
5.62993
5.63685
5.63998
5.64638
5.65463
5.65994
5.66552
5.66865
5.67883
5.67928
5.68079
5.68738
5.69744
5.70059
5.70516
5.7098
5.71616
5.73122
5.73358
5.74353
5.74885
5.75933
5.76434
5.76639
5.77362
5.78068
5.78648
5.79186
5.79457
5.8012
5.80486
5.81073
5.82156
5.82665
5.82976
5.83568
5.8382
5.84534
5.84912
5.85316
5.85643
5.86496
5.86752
5.87514
5.87802
5.88185
5.88831
5.89497
5.89899
5.90329
5.90876
5.91044
5.91948
5.92245
5.92647
5.92885
5.93871
5.94901
5.95486
5.95944
5.96146
5.97025
5.97226
5.98494
5.98619
5.99104
5.99676
5.99806
6.00902
6.00948
6.01529
6.02145
6.02911
6.03502
6.04302
6.04676
6.05041
6.05315
6.06176
6.06367
6.06743
6.07313
6.07601
6.08129
6.08328
6.09397
6.09622
6.10556
6.11037
6.11392
6.11693
6.12033
6.12202
6.12923
6.13228
6.13462
6.14496
6.14922
6.15284
6.15755
6.16632
6.16855
6.17759
6.1793
6.18163
6.19007
6.1923
6.19943
6.20179
6.20822
6.21472
6.22213
6.22286
6.2322
6.23826
6.2476
6.25365
6.25697
6.26175
6.26561
6.26847
6.27068
6.27742
6.28285
6.28964
6.29325
6.29726
6.30123
6.30588
6.31463
6.31722
6.32351
6.3318
6.33814
6.34297
6.34893
6.35531
6.35675
6.36219
6.36358
6.37182
6.37628
6.37989
6.3859
6.39057
6.39141
6.39521
6.40034
6.40665
6.4108
6.41552
6.41956
6.42736
6.43307
6.44104
6.44365
6.44786
6.45955
6.4634
6.46489
6.46806
6.47372
6.47954
6.48583
6.48849
6.49638
6.49947
6.50587
6.50915
6.51342
6.52211
6.52524
6.52998
6.53652
6.54324
6.5554
6.55825
6.56474
6.57482
6.5798
6.58289
6.58826
6.59352
6.5972
6.60495
6.60722
6.61265
6.61352
6.61994
6.62468
6.62935
6.635
6.63853
6.64588
6.65254
6.66099
6.66624
6.66815
6.67768
6.6825
6.69061
6.69212
6.69673
6.7034
6.70936
6.71304
6.71932
6.72149
6.72959
6.73426
6.73937
6.74413
6.74634
6.75159
6.75374
6.76137
6.76784
6.77471
6.77611
6.77942
6.78531
6.78983
6.79081
6.79824
6.80331
6.80763
6.81075
6.81258
6.81704
6.82767
6.83301
6.83696
6.83822
6.84461
6.84813
6.85423
6.857
6.86031
6.8659
6.87232
6.87992
6.88513
6.8918
6.8939
6.89876
6.90219
6.90676
6.91424
6.91797
6.91949
6.931
6.93177
6.94237
6.94327
6.94356
6.96133
6.96324
6.96851
6.97241
6.97618
6.98148
6.98533
6.99166
6.99272
6.99564
7.00648
7.01277
7.01508
7.02069
7.02719
7.03029
7.03264
7.0359
7.03875
7.03971
7.05655
7.06106
7.06166
7.06843
7.07087
7.07381
7.07585
7.08389
7.09172
7.09893
7.10554
7.11045
7.11152
7.11734
7.12162
7.1251
7.134
7.13593
7.14382
7.14606
7.15055
7.1608
7.17281
7.17579
7.1787
7.18525
7.19529
7.19779
7.20331
7.20656
7.21228
7.21351
7.21957
7.22264
7.22516
7.23098
7.23766
7.24425
7.24873
7.25027
7.25426
7.25965
7.2732
7.27581
7.2782
7.28461
7.28976
7.29426
7.29726
7.31032
7.3155
7.31887
7.32675
7.32706
7.33365
7.33878
7.34115
7.3446
7.3511
7.35577
7.36078
7.36825
7.37616
7.37818
7.38058
7.38574
7.3983
7.40748
7.41085
7.41869
7.42121
7.42514
7.42762
7.43414
7.43851
7.44634
7.45079
7.45462
7.45838
7.46513
7.47308
7.48051
7.48588
7.49229
7.49834
7.50229
7.50998
7.51456
7.51644
7.52318
7.52442
7.53142
7.5357
7.54176
7.54662
7.55058
7.55923
7.56264
7.57418
7.57807
7.57993
7.5881
7.59369
7.59701
7.60232
7.60954
7.61365
7.61961
7.62186
7.6329
7.63487
7.63935
7.64894
7.65578
7.65807
7.67245
7.67622
7.68085
7.68672
7.69533
7.70294
7.71309
7.71411
7.71949
7.72516
7.72954
7.73634
7.74218
7.75165
7.75831
7.76055
7.76511
7.77053
7.77092
7.78146
7.78999
7.79414
7.7993
7.80527
7.81353
7.81507
7.82103
7.8281
7.83403
7.83888
7.84091
7.85094
7.85162
7.85937
7.86705
7.87593
7.87913
7.88408
7.88991
7.89666
7.90047
7.90993
7.92201
7.92444
7.93089
7.93342
7.93713
7.94736
7.95244
7.95593
7.96353
7.96973
7.97142
7.98272
7.98661
7.99464
7.99994
8.00353
8.01115
8.02015
8.02406
8.02521
8.03385
8.03828
8.04104
8.04907
8.05614
8.05889
8.06424
8.06814
8.0734
8.07983
8.08994
8.1024
8.10322
8.11151
8.11906
8.12681
8.13433
8.14037
8.14542
8.15048
8.15579
8.16546
8.18001
8.18422
8.18566
8.18787
8.19382
8.19655
8.20822
8.21098
8.21567
8.22324
8.23142
8.23425
8.23627
8.24691
8.25212
8.25556
8.2671
8.27007
8.27828
8.28691
8.29609
8.29816
8.30596
8.31419
8.32336
8.32922
8.34123
8.34662
8.35372
8.35812
8.36094
8.36887
8.37175
8.37847
8.38183
8.38884
8.39245
8.39548
8.403
8.40361
8.40754
8.41578
8.41691
8.42545
8.43997
8.44235
8.44449
8.44948
8.45893
8.4646
8.46928
8.47698
8.48106
8.48691
8.49149
8.49598
8.49891
8.50139
8.50558
8.51488
8.51789
8.52161
8.52732
8.53239
8.53967
8.54109
8.54361
8.55268
8.55941
8.56325
8.56622
8.57543
8.58806
8.59328
8.5993
8.60546
8.61045
8.61347
8.62253
8.62559
8.62789
8.6349
8.63798
8.6447
8.64828
8.65195
8.66028
8.66192
8.66914
8.68011
8.68488
8.69066
8.69592
8.70402
8.70641
8.71887
8.72503
8.72662
8.72889
8.73697
8.74277
8.74735
8.75453
8.75843
8.76131
8.76485
8.76697
8.78011
8.78481
8.78871
8.79082
8.79769
8.80739
8.81168
8.81434
8.82098
8.82465
8.83687
8.84245
8.84599
8.85078
8.85245
8.86062
8.87082
8.87637
8.88019
8.8861
8.88902
8.89103
8.89764
8.90677
8.90958
8.91301
8.9189
8.92565
8.93275
8.93563
8.94331
8.94404
8.94846
8.9598
8.96361
8.96828
8.98011
8.98184
8.98329
8.99626
8.9984
9.00303
9.01103
9.01315
9.01835
9.02513
9.03286
9.03879
9.04148
9.05014
9.05281
9.05767
9.06297
9.06607
9.07212
9.07805
9.08126
9.08863
9.09833
9.10311
9.10688
9.11113
9.12253
9.12318
9.12946
9.13577
9.13959
9.14625
9.1545
9.15658
9.16315
9.16913
9.17522
9.18218
9.18853
9.19548
9.1992
9.2011
9.20406
9.2156
9.21782
9.2196
9.228
9.23536
9.24678
9.25401
9.25586
9.25937
9.26239
9.27047
9.28112
9.28558
9.28976
9.29114
9.29705
9.30593
9.31336
9.31908
9.3202
9.32341
9.3305
9.3395
9.34089
9.35092
9.35344
9.35608
9.36544
9.36965
9.37985
9.38297
9.38446
9.38636
9.39553
9.39839
9.41157
9.41461
9.41875
9.42468
9.42592
9.43596
9.44446
9.44633
9.44994
9.45387
9.45886
9.46492
9.46841
9.47673
9.48045
9.48159
9.49024
9.49347
9.49684
9.50523
9.50731
9.50987
9.51551
9.52174
9.52512
9.52889
9.53778
9.54228
9.54755
9.5503
9.55239
9.55864
9.56143
9.57708
9.58072
9.58452
9.59151
9.59809
9.59894
9.60475
9.60922
9.61427
9.62382
9.62585
9.63152
9.63388
9.64126
9.64841
9.65087
9.65727
9.66094
9.66571
9.66938
9.67301
9.68041
9.68688
9.69154
9.69937
9.70171
9.70671
9.70946
9.71756
9.72421
9.73186
9.73626
9.73796
9.74175
9.75075
9.75737
9.76522
9.76774
9.77272
9.77365
9.78193
9.7863
9.79045
9.79649
9.79858
9.80504
9.81044
9.81479
9.82052
9.82497
9.8293
9.83491
9.84377
9.84878
9.85913
9.87131
9.87276
9.87839
9.88465
9.88577
9.89505
9.90394
9.90554
9.90956
9.91808
9.92557
9.9285
9.93279
9.93777
9.94572
9.95031
9.95318
9.95711
9.96578
9.9675
9.97298
9.97748
9.99278
9.99368
9.99624
10.004
10.0097
10.0159
10.0226
10.0279
10.0339
10.036
10.0422
10.0447
10.0497
10.0509
10.0621
10.0669
10.0711
10.0783
10.0801
10.0859
10.0899
10.0998
10.1009
10.1031
10.1118
10.1143
10.1192
10.1283
10.1304
10.1354
10.1431
10.1503
10.1564
10.1597
10.1691
10.1741
10.178
10.1862
10.1917
10.1923
10.1999
10.2046
10.2098
10.215
10.2191
10.2275
10.2322
10.2429
10.2445
10.2497
10.2571
10.2597
10.2693
10.2738
10.2817
10.287
10.2898
10.2931
10.2992
10.305
10.31
10.3148
10.3226
10.3257
10.3341
10.3422
10.3481
10.3512
10.3582
10.3618
10.3653
10.3702
10.3854
10.3892
10.3954
10.3968
10.4069
10.4132
10.4157
10.4246
10.4307
10.4345
10.4401
10.4408
10.4535
10.4545
10.4634
10.4689
10.4748
10.4774
10.4841
10.4893
10.4988
10.5056
10.5115
10.5133
10.5148
10.5252
10.5276
10.5381
10.5429
10.5455
10.553
10.559
10.5646
10.5746
10.5808
10.5839
10.5899
10.5942
10.603
10.6069
10.612
10.617
10.6201
10.6341
10.6429
10.6465
10.6521
10.6575
10.6641
10.6697
10.6753
10.6812
10.6884
10.6933
10.6984
10.7056
10.7118
10.7229
10.7354
10.7385
10.7438
10.7489
10.761
10.7667
10.7708
10.7772
10.7789
10.7901
10.7905
10.798
10.8091
10.8125
10.8177
10.8217
10.8295
10.8332
10.851
10.8561
10.8644
10.8692
10.8812
10.8883
10.8913
10.9024
10.9044
10.9112
10.9236
10.9278
10.9421
10.944
10.9471
10.9637
10.9666
10.9724
10.9793
10.9837
10.9949
11.0069
11.0073
11.0126
11.0153
11.0206
11.0272
11.033
11.0365
11.0471
11.0562
11.0607
11.065
11.073
11.0739
11.087
11.0937
11.1033
11.1095
11.1222
11.1254
11.1274
11.1367
11.1447
11.159
11.1614
11.1696
11.1741
11.184
11.1881
11.1943
11.2023
11.2091
11.2161
11.223
11.2304
11.2432
11.2473
11.2534
11.2575
11.2695
11.2754
11.2801
11.285
11.2963
11.2992
11.3093
11.314
11.319
11.3213
11.3326
11.3412
11.3479
11.3523
11.358
11.3647
11.3676
11.3807
11.3824
11.3949
11.4077
11.4095
11.4135
11.4269
11.435
11.4371
11.45
11.456
11.4639
11.4762
11.4848
11.4875
11.4923
11.4973
11.5011
11.5092
11.5249
11.5321
11.5364
11.5432
11.5571
11.5617
11.5673
11.5814
11.5888
11.5992
11.6009
11.6062
11.6119
11.6162
11.6238
11.6283
11.6351
11.6386
11.6458
11.6474
11.6562
11.6654
11.6804
11.6837
11.692
11.6944
11.7015
11.7184
11.7232
11.7307
11.7345
11.7423
11.7467
11.7518
11.7575
11.7746
11.7777
11.7899
11.7951
11.7974
11.8059
11.8072
11.8177
11.8183
11.8221
11.8302
11.8339
11.8388
11.8535
11.8591
11.8663
11.8715
11.8778
11.8887
11.8981
11.9025
11.9055
11.9099
11.917
11.9225
11.9321
11.9395
11.9452
11.9485
11.9532
11.9587
11.9631
11.9702
11.9709
11.9794
11.9853
11.9924
11.9963
12.0044
12.0128
12.0246
12.0309
12.034
12.036
12.0399
12.0506
12.0558
12.059
12.0684
12.0729
12.0764
12.0907
12.0963
12.1035
12.1131
12.1175
12.1228
12.1298
12.1339
12.1436
12.1514
12.1561
12.1603
12.1664
12.1726
12.1774
12.1879
12.1932
12.1965
12.204
12.2094
12.2123
12.2156
12.2179
12.2253
12.2367
12.24
12.2492
12.2558
12.2695
12.2786
12.2818
12.2841
12.2912
12.2927
12.3065
12.3081
12.3113
12.3321
12.3364
12.3415
12.3542
12.3572
12.3711
12.3798
12.3875
12.392
12.3963
12.4075
12.4154
12.4163
12.4217
12.425
12.4312
12.4383
12.4447
12.4525
12.46
12.4671
12.4684
12.4808
12.4831
12.4918
12.5001
12.509
12.5132
12.5223
12.5293
12.5387
12.5407
12.5488
12.5595
12.5614
12.5651
12.5701
12.5743
12.5826
12.5906
12.5965
12.598
12.5998
12.6113
12.6147
12.6192
12.6195
12.6271
12.6392
12.6443
12.6532
12.6557
12.6626
12.6661
12.6692
12.6774
12.6849
12.6918
12.6945
12.6975
12.7068
12.7149
12.717
12.7241
12.7321
12.7366
12.739
12.7433
12.7521
12.7569
12.7597
12.7665
12.7708
12.7733
12.7806
12.7857
12.79
12.7915
12.8002
12.8061
12.8088
12.8106
12.824
12.8242
12.8346
12.8402
12.8433
12.8523
12.861
12.8624
12.8677
12.8904
12.892
12.9017
12.9048
12.9126
12.9173
12.9227
12.9317
12.9353
12.9434
12.9488
12.9539
12.9641
12.97
12.9784
12.9846
12.9973
13.0004
13.0059
13.0145
13.0273
13.029
13.0339
13.038
13.0425
13.0523
13.0546
13.0603
13.0693
13.0799
13.082
13.0927
13.1008
13.1026
13.1112
13.1168
13.1194
13.1222
13.1326
13.1334
13.1495
13.1547
13.1618
13.1725
13.1778
13.1869
13.1912
13.1997
13.2136
13.2158
13.2263
13.229
13.2327
13.237
13.2403
13.2441
13.2515
13.2593
13.2607
13.2664
13.2733
13.2776
13.2893
13.2924
13.3039
13.3065
13.3136
13.325
13.3289
13.3366
13.3425
13.346
13.3542
13.3615
13.3684
13.3746
13.377
13.3842
13.3943
13.4063
13.4098
13.4164
13.4211
13.4231
13.4332
13.4351
13.4442
13.4581
13.4632
13.4717
13.4761
13.4782
13.4886
13.4989
13.5
13.5106
13.5134
13.5207
13.5298
13.5311
13.5451
13.5483
13.5519
13.5552
13.5665
13.572
13.5806
13.5844
13.592
13.6025
13.604
13.6111
13.6128
13.6252
13.6283
13.6394
13.6427
13.6451
13.6476
13.6527
13.6645
13.676
13.6835
13.6871
13.691
13.6917
13.703
13.7076
13.7078
13.7205
13.7283
13.7322
13.7372
13.7417
13.7501
13.7574
13.7613
13.7678
13.7721
13.7748
13.7784
13.7961
13.8001
13.8009
13.8109
13.8122
13.8158
13.8216
13.8254
13.8354
13.8402
13.8478
13.8529
13.8669
13.8698
13.8821
13.8835
13.8935
13.8943
13.8981
13.9011
13.9123
13.9218
13.9318
13.9338
13.9395
13.9486
13.9508
13.9608
13.9645
13.9707
13.9818
13.9826
13.9874
13.9905
14.003
14.0113
14.0224
14.0293
14.0397
14.0464
14.0547
14.0604
14.0666
14.0741
14.0833
14.0914
14.0959
14.1095
14.1136
14.1234
14.1298
14.1404
14.1419
14.1437
14.1559
14.1621
14.1743
14.1785
14.1876
14.1984
14.2049
14.2143
14.2274
14.2304
14.2329
14.2424
14.251
14.2566
14.2741
14.2812
14.2885
14.2981
14.3088
14.3141
14.3162
14.3305
14.3328
14.3381
14.3527
14.3552
14.359
14.3692
14.3944
14.3967
14.4068
14.41
14.4222
14.4252
14.4371
14.4446
14.4541
14.4589
14.4657
14.4715
14.4845
14.4921
14.5067
14.5135
14.519
14.5216
14.5373
14.5414
14.5514
14.5566
14.5594
14.5694
14.5775
14.5923
14.598
14.6014
14.6146
14.6216
14.6323
14.6405
14.6436
14.6487
14.6574
14.6636
14.6807
14.6864
14.7044
14.7188
14.7214
14.7296
14.7497
14.752
14.7617
14.7779
14.782
14.7918
14.8007
14.8179
14.8247
14.829
14.8332
14.841
14.845
14.8555
14.8676
14.8716
14.8819
14.8905
14.8947
14.9113
14.9196
14.9322
14.9373
14.9452
14.9532
14.9608
14.9678
14.9788
14.9805
14.9861
14.9949
15.0024
15.0096
15.0157
15.033
15.0343
15.0393
15.0507
15.0572
15.0712
15.0745
15.0823
15.0849
15.1078
15.1154
15.1213
15.1359
15.1543
15.1585
15.1635
15.1727
15.1837
15.1867
15.2008
15.2103
15.2183
15.2192
15.2311
15.2472
15.2531
15.2634
15.2727
15.2897
15.304
15.3165
15.3276
15.3335
15.3377
15.3631
15.3741
15.3795
15.3811
15.3867
15.3965
15.4037
15.4165
15.4275
15.4322
15.4438
15.4468
15.4548
15.4677
15.4763
15.4796
15.4893
15.4905
15.4944
15.5088
15.5165
15.525
15.5325
15.5395
15.5499
15.5623
15.5669
15.5839
15.5958
15.599
15.6023
15.6064
15.6191
15.6253
15.6418
15.6467
15.6615
15.6695
15.6852
15.6936
15.6959
15.7042
15.7106
15.7313
15.7341
15.7418
15.756
15.7663
15.776
15.7781
15.7972
15.8014
15.8169
15.8257
15.8324
15.8387
15.8452
15.8508
15.8624
15.8719
15.8738
15.8924
15.8971
15.9033
15.9077
15.9129
15.9232
15.936
15.9387
15.9427
15.9522
15.9597
15.9745
15.9805
15.9947
16.0008
16.0079
16.0166
16.0241
16.0334
16.0391
16.0526
16.0617
16.0679
16.0783
16.0955
16.1048
16.1123
16.1171
16.1357
16.1487
16.1568
16.1703
16.1769
16.1849
16.1892
16.2123
16.2233
16.2345
16.2532
16.2646
16.2781
16.2862
16.2942
16.3075
16.3101
16.3304
16.3366
16.3393
16.3533
16.3643
16.3715
16.3887
16.3983
16.4034
16.411
16.4201
16.4398
16.4459
16.4551
16.4615
16.468
16.4829
16.4863
16.494
16.4989
16.5066
16.5149
16.5258
16.5321
16.543
16.5571
16.5637
16.5782
16.5832
16.5861
16.5921
16.6113
16.6178
16.6311
16.6407
16.6487
16.6512
16.6585
16.6707
16.6806
16.6855
16.7031
16.7091
16.7161
16.7244
16.7302
16.7454
16.7608
16.7666
16.7931
16.802
16.8086
16.8152
16.8264
16.8349
16.8383
16.8441
16.8742
16.8781
16.8872
16.8978
16.9127
16.9189
16.9302
16.9482
16.9507
16.9655
16.9748
16.9848
16.9957
17.0164
17.0248
17.039
17.0465
17.0515
17.0576
17.0796
17.0845
17.1009
17.1078
17.1219
17.1325
17.143
17.1458
17.1727
17.1775
17.1957
17.2036
17.2208
17.2254
17.2424
17.2439
17.2523
17.2551
17.2593
17.267
17.279
17.3055
17.3185
17.3204
17.3343
17.342
17.3426
17.3605
17.3763
17.3797
17.3964
17.4057
17.4097
17.4182
17.4276
17.4329
17.443
17.4628
17.465
17.4782
17.4895
17.4996
17.5027
17.5208
17.5243
17.5323
17.5444
17.5529
17.5638
17.5668
17.5995
17.6035
17.6076
17.6157
17.635
17.6439
17.6515
17.6567
17.6606
17.6781
17.6831
17.6918
17.7022
17.7136
17.7267
17.7442
17.7465
17.7659
17.7778
17.7849
17.786
17.8059
17.8087
17.8285
17.8413
17.8519
17.8598
17.8672
17.8787
17.8838
17.8969
17.8994
17.9124
17.9179
17.9428
17.9485
17.9559
17.9697
17.979
17.9869
17.9934
18.0029
18.0108
18.0306
18.0499
18.0665
18.0687
18.0788
18.0895
18.1175
18.1323
18.1371
18.1457
18.1524
18.157
18.1595
18.1697
18.1787
18.1831
18.196
18.2075
18.2213
18.2319
18.2378
18.2553
18.2643
18.2734
18.2841
18.3024
18.3158
18.3255
18.3313
18.3414
18.3475
18.3587
18.3734
18.3793
18.4002
18.4102
18.4193
18.4308
18.4409
18.4456
18.4536
18.4739
18.4802
18.499
18.5011
18.5285
18.5364
18.5483
18.5575
18.5714
18.5745
18.6024
18.6142
18.629
18.6524
18.6582
18.6686
18.68
18.6862
18.6907
18.7342
18.7414
18.7604
18.7922
18.8088
18.8189
18.8281
18.8391
18.8504
18.8664
18.8848
18.8922
18.9171
18.939
18.9461
18.9614
18.9899
19.0064
19.0181
19.0345
19.0559
19.0617
19.0729
19.1128
19.1283
19.1394
19.1537
19.1817
19.1887
19.1969
19.2133
19.2223
19.2333
19.2471
19.2509
19.2576
19.2781
19.2812
19.3019
19.3039
19.3192
19.3286
19.3572
19.3695
19.3842
19.3898
19.4111
19.4169
19.4221
19.4537
19.456
19.4617
19.4661
19.4807
19.4936
19.5224
19.5351
19.5645
19.5788
19.5866
19.5955
19.6011
19.6148
19.6267
19.637
19.6394
19.696
19.7172
19.7261
19.7392
19.7603
19.7728
19.7793
19.783
19.7937
19.8055
19.8209
19.831
19.8529
19.8561
19.8726
19.8771
19.8868
19.8938
19.901
19.9265
19.9404
19.9488
19.9571
19.9701
20.0023
20.0033
20.0274
20.0604
20.0826
20.0896
20.1113
20.1195
20.1415
20.1514
20.1692
20.1865
20.195
20.2273
20.2437
20.2519
20.2534
20.2647
20.2784
20.2895
20.2984
20.3213
20.3382
20.362
20.3893
20.4054
20.42
20.4388
20.4501
20.4573
20.4674
20.4727
20.5025
20.5218
20.5323
20.5548
20.5583
20.5717
20.6015
20.6414
20.6559
20.6821
20.7045
20.717
20.7235
20.7401
20.7588
20.7692
20.7907
20.815
20.8265
20.8312
20.8398
20.8872
20.9368
20.9501
20.9617
20.9743
21.0275
21.043
21.0678
21.094
21.1016
21.1622
21.1711
21.1878
21.2071
21.2402
21.2504
21.2787
21.2829
21.3181
21.3233
21.3401
21.3545
21.3696
21.384
21.4352
21.4467
21.4654
21.4813
21.4863
21.5003
21.5063
21.5517
21.5797
21.5935
21.6214
21.636
21.6495
21.6691
21.6859
21.7152
21.739
21.7525
21.7583
21.7774
21.7985
21.8111
21.8186
21.8609
21.8692
21.8779
21.8992
21.92
21.9593
21.9644
21.9753
21.9865
21.9972
22.0156
22.0378
22.0606
22.0711
22.0823
22.1006
22.1269
22.1364
22.1681
22.1767
22.2107
22.2385
22.2453
22.2523
22.2647
22.2726
22.2787
22.314
22.3307
22.3436
22.3715
22.3784
22.4017
22.4146
22.4285
22.4586
22.4821
22.4918
22.5143
22.5497
22.5621
22.5717
22.5781
22.6135
22.6381
22.6712
22.6915
22.7015
22.7061
22.7119
22.7297
22.7465
22.792
22.8033
22.8339
22.8636
22.8785
22.9052
22.9305
22.9494
22.9604
23.0187
23.0403
23.0621
23.0746
23.0934
23.1023
23.1255
23.1301
23.1549
23.159
23.2002
23.2124
23.23
23.2483
23.3246
23.343
23.3823
23.4014
23.432
23.4419
23.4648
23.4745
23.4797
23.4981
23.5143
23.5607
23.5884
23.6091
23.6215
23.6509
23.6749
23.6798
23.7175
23.7315
23.7499
23.7623
23.7925
23.8083
23.8273
23.8369
23.8502
23.8714
23.9
23.9136
23.945
23.9627
23.9773
23.9933
24.0057
24.011
24.0356
24.0649
24.1025
24.1131
24.1411
24.157
24.1733
24.1882
24.2296
24.252
24.2659
24.3124
24.3417
24.4399
24.4684
24.4936
24.5103
24.578
24.6245
24.6654
24.683
24.6998
24.719
24.7604
24.7752
24.8078
24.9438
24.9601
25.0583
25.0794
25.118
25.1568
25.1599
25.195
25.2266
25.2575
25.2889
25.3173
25.3352
25.3722
25.3983
25.4533
25.4868
25.5022
25.5558
25.5844
25.6072
25.6184
25.643
25.6734
25.6974
25.7175
25.7368
25.741
25.7661
25.8061
25.8152
25.8526
25.8903
25.92
25.9458
25.9587
25.9696
25.9864
25.9976
26.0567
26.1036
26.1324
26.1711
26.1879
26.2445
26.2732
26.3146
26.3343
26.3585
26.3947
26.4702
26.5098
26.5225
26.5283
26.536
26.5868
26.5976
26.648
26.6847
26.6921
26.7338
26.7725
26.7929
26.8248
26.8336
26.8456
26.9017
26.928
26.9373
26.9835
26.9881
27.0491
27.0755
27.1217
27.1308
27.1645
27.1912
27.2251
27.2748
27.29
27.3757
27.4354
27.4675
27.4801
27.5321
27.5775
27.6072
27.6232
27.65
27.7409
27.7718
27.7861
27.8445
27.8927
27.9132
27.9547
28.0776
28.0859
28.1741
28.1834
28.2411
28.2853
28.3086
28.312
28.3254
28.3912
28.4387
28.4982
28.5161
28.5429
28.5689
28.5916
28.692
28.776
28.8179
28.8687
28.8989
28.9337
28.9897
29.0064
29.0676
29.0904
29.1029
29.1309
29.1741
29.226
29.2403
29.3045
29.3301
29.3726
29.4047
29.4353
29.5178
29.5744
29.5854
29.7054
29.793
29.8173
29.8292
29.8337
29.9485
29.9849
30.0915
30.1213
30.1367
30.1614
30.18
30.2007
30.25
30.3006
30.3266
30.3635
30.4782
30.5193
30.614
30.7469
30.8392
30.8542
30.8908
30.9235
30.9651
30.9883
30.9939
31.032
31.1007
31.1525
31.1593
31.2273
31.4245
31.6855
31.7198
31.7835
31.8663
31.8883
31.9271
32.0608
32.1734
32.34
32.4202
32.5803
32.6151
32.6571
32.6794
32.7021
32.7368
32.8151
32.8217
32.9117
32.9738
33.0025
33.2331
33.2663
33.5068
33.6005
33.7565
33.8296
33.8537
33.8616
33.8873
33.898
34.0014
34.0481
34.3293
34.3927
34.5046
34.5494
34.8938
34.9974
35.1014
35.538
35.6059
35.7507
35.8104
36.3479
36.4749
36.6956
36.9539
37.4753
37.5712
37.6317
37.7286
37.7542
37.8155
38.738
38.784
38.8511
38.9165
40.4517
40.5049
42.5966
42.6948
44.1582
44.2206
49.7455
