-42.5589 5
-41.3429 6
-40.127 15
-38.911 8
-37.695 5
-36.479 22
-35.2631 35
-34.0471 11
-32.8311 71
-31.6152 97
-30.3992 83
-29.1832 149
-27.9673 176
-26.7513 186
-25.5353 244
-24.3194 318
-23.1034 452
-21.8874 538
-20.6715 625
-19.4555 738
-18.2395 800
-17.0236 1120
-15.8076 1165
-14.5916 1319
-13.3757 1570
-12.1597 1782
-10.9437 1925
-9.72775 2130
-8.51178 2450
-7.29581 2570
-6.07984 2694
-4.86387 2937
-3.6479 2976
-2.43194 3298
-1.21597 3323
0 3453
1.21597 3515
2.43194 3602
3.6479 3498
4.86387 3585
6.07984 3178
7.29581 3376
8.51178 3588
9.72775 3106
10.9437 2927
12.1597 2954
13.3757 2660
14.5916 2339
15.8076 2163
17.0236 1840
18.2395 1826
19.4555 1792
20.6715 1537
21.8874 1392
23.1034 1328
24.3194 1102
25.5353 840
26.7513 758
27.9673 460
29.1832 437
30.3992 341
31.6152 311
32.8311 243
34.0471 215
35.2631 199
36.479 178
37.695 165
38.911 154
40.127 87
41.3429 78
42.5589 35
