-24.6335
-24.3894
-24.0185
-22.4835
-22.2823
-20.6244
-20.5134
-19.1111
-18.9739
-18.8751
-18.7469
-18.0789
-17.7482
-17.4009
-17.2906
-17.2475
-17.1464
-16.903
-16.2118
-15.6842
-15.5805
-15.4404
-15.1406
-15.1131
-15.0687
-14.9473
-14.7271
-14.6215
-14.5006
-14.1988
-14.0326
-14.0223
-13.9546
-13.7884
-13.7387
-13.7265
-13.6998
-13.6149
-13.5014
-13.3735
-13.3636
-13.317
-13.2946
-13.2165
-12.6638
-12.5675
-12.4166
-12.0968
-12.0513
-11.9724
-11.9037
-11.8629
-11.7908
-11.5592
-11.4594
-11.2933
-11.1696
-11.1247
-11.0777
-11.0466
-10.8992
-10.7979
-10.7435
-10.7081
-10.5071
-10.4559
-10.3684
-10.3457
-10.2949
-10.2029
-10.0872
-9.86495
-9.82565
-9.76282
-9.66062
-9.59321
-9.5431
-9.49222
-9.4458
-9.42147
-9.34435
-9.19861
-9.17764
-9.03647
-8.95164
-8.61995
-8.55303
-8.44776
-8.38696
-8.37668
-8.28377
-8.25195
-8.2366
-8.17697
-8.15094
-8.12251
-8.06416
-8.02564
-8.00626
-7.97679
-7.93292
-7.84649
-7.8265
-7.7644
-7.74657
-7.72971
-7.67346
-7.53562
-7.42309
-7.35454
-7.24743
-7.18058
-7.10075
-7.08545
-7.04056
-6.96828
-6.93243
-6.92639
-6.90227
-6.86284
-6.86077
-6.78463
-6.7503
-6.72752
-6.68895
-6.67684
-6.6137
-6.53487
-6.4883
-6.46733
-6.40216
-6.3063
-6.27436
-6.24161
-6.1888
-6.09684
-6.07791
-5.97023
-5.89916
-5.82902
-5.74399
-5.70758
-5.66485
-5.6459
-5.61098
-5.54183
-5.48879
-5.44701
-5.43331
-5.38674
-5.3415
-5.29757
-5.28169
-5.23874
-5.20707
-5.13417
-5.12813
-5.03009
-4.99367
-4.95798
-4.9294
-4.87296
-4.85383
-4.80814
-4.69564
-4.6599
-4.58343
-4.5335
-4.50599
-4.47433
-4.46543
-4.4134
-4.35826
-4.30558
-4.28474
-4.26858
-4.25136
-4.24196
-4.2247
-4.18093
-4.14839
-4.13314
-4.1029
-4.07261
-4.04085
-3.97519
-3.92142
-3.88437
-3.81423
-3.77567
-3.66668
-3.64098
-3.61964
-3.57725
-3.55053
-3.44263
-3.4366
-3.37836
-3.37302
-3.34441
-3.2927
-3.25054
-3.20259
-3.17186
-3.13149
-3.09146
-3.0614
-2.96085
-2.83153
-2.79726
-2.7432
-2.73172
-2.67344
-2.65543
-2.61096
-2.54994
-2.44078
-2.42066
-2.40358
-2.39268
-2.35161
-2.2074
-2.12059
-2.11072
-2.08757
-2.06454
-2.03776
-1.96316
-1.94001
-1.84185
-1.8174
-1.77129
-1.71285
-1.68257
-1.57444
-1.54818
-1.50493
-1.47463
-1.39743
-1.38848
-1.36748
-1.31677
-1.29191
-1.21552
-1.20202
-1.19317
-1.16635
-1.11263
-1.09232
-1.02905
-1.00693
-0.977841
-0.930487
-0.863344
-0.811444
-0.784929
-0.752699
-0.707753
-0.697402
-0.646193
-0.626386
-0.557715
-0.539807
-0.52831
-0.496282
-0.447313
-0.409189
-0.387767
-0.358805
-0.332587
-0.272405
-0.227876
-0.200001
-0.172022
-0.116591
-0.094718
-0.0894707
-0.0414422
-0.0103968
0
0.0446483
0.0577177
0.0657932
0.0876759
0.131812
0.162614
0.200985
0.229648
0.264312
0.318979
0.341005
0.381535
0.434393
0.443066
0.477228
0.537256
0.574678
0.615294
0.676062
0.698902
0.748329
0.809304
0.860928
0.901203
0.973377
1.11019
1.14833
1.1668
1.22638
1.2412
1.32252
1.36096
1.39174
1.42072
1.45516
1.50481
1.52048
1.5429
1.59216
1.62143
1.66049
1.72858
1.77725
1.79532
1.82334
1.83785
1.88783
1.90075
1.96924
2.00921
2.04347
2.13261
2.15342
2.18809
2.20922
2.24331
2.25123
2.26026
2.27265
2.31395
2.33777
2.38754
2.41607
2.44719
2.4887
2.50066
2.55457
2.57382
2.57913
2.61229
2.65542
2.67771
2.69511
2.73532
2.75479
2.85775
2.9211
2.95813
2.97844
2.99831
3.03931
3.05698
3.09778
3.12041
3.15649
3.1735
3.2028
3.21496
3.23775
3.26225
3.3027
3.30992
3.31667
3.35818
3.41002
3.4478
3.46645
3.51024
3.54658
3.56769
3.60533
3.63317
3.63564
3.67281
3.6964
3.73605
3.80755
3.81873
3.84294
3.86753
3.90554
3.92683
3.96979
3.98388
4.02288
4.05293
4.06513
4.07327
4.10473
4.18631
4.21256
4.24079
4.35263
4.41881
4.42755
4.46011
4.52279
4.58312
4.62797
4.66438
4.69733
4.74888
4.76792
4.79038
4.86005
4.91471
4.9247
4.96857
5.05918
5.07864
5.09702
5.14218
5.15324
5.16207
5.19377
5.26729
5.28276
5.3346
5.33929
5.39999
5.46791
5.54314
5.60266
5.62637
5.66298
5.68578
5.71577
5.73517
5.77554
5.79616
5.83748
5.86521
5.92009
5.94396
5.96756
6.007
6.03927
6.04906
6.07053
6.10264
6.1186
6.13274
6.16788
6.19693
6.24132
6.30716
6.32016
6.37309
6.45251
6.47416
6.49453
6.51031
6.54388
6.54983
6.58887
6.60457
6.61846
6.6629
6.70204
6.73643
6.76051
6.80265
6.8172
6.84241
6.85819
6.89195
6.91961
6.94031
6.9706
6.99316
7.03206
7.03769
7.05105
7.09575
7.13078
7.18563
7.20403
7.20764
7.22521
7.26829
7.29594
7.31771
7.37097
7.41165
7.43134
7.4631
7.48637
7.64486
7.67042
7.68539
7.72496
7.73993
7.79928
7.81675
7.85143
7.91495
7.92866
7.94808
7.99711
8.04627
8.13862
8.17736
8.19422
8.26269
8.30149
8.33903
8.40839
8.41829
8.48993
8.59498
8.68351
8.74385
8.80166
8.81851
8.86411
8.92322
8.93641
8.99303
9.04896
9.0765
9.11708
9.20405
9.24692
9.3061
9.34853
9.37647
9.41097
9.48642
9.53285
9.56082
9.58644
9.62002
9.65246
9.72629
9.78794
9.80669
9.83734
9.89564
9.92734
9.9437
10.0236
10.0284
10.1059
10.1419
10.1651
10.254
10.2885
10.356
10.4188
10.4539
10.4718
10.5335
10.5811
10.6035
10.6376
10.6859
10.724
10.7628
10.7749
10.804
10.8445
10.8727
10.899
10.9583
10.9974
11.0292
11.04
11.1283
11.1639
11.2058
11.2746
11.3304
11.346
11.4167
11.4578
11.6371
11.7463
11.7546
11.8389
11.8595
11.9755
12.1362
12.2223
12.3719
12.3908
12.4406
12.461
12.4897
12.5798
12.6069
12.6421
12.7095
12.7568
12.8297
12.8596
12.8955
12.9381
13.0132
13.1702
13.3063
13.3419
13.3576
13.4128
13.4721
13.499
13.5489
13.67
13.8017
13.857
13.907
13.9804
14.0518
14.1512
14.1782
14.281
14.3231
14.3744
14.5066
14.516
14.5816
14.6983
14.7249
14.9594
14.9769
15.05
15.1245
15.3392
15.4403
15.4517
15.485
15.532
15.5366
15.6199
15.7568
15.8713
16.0565
16.0701
16.2294
16.419
16.5066
16.5242
16.5395
16.6825
16.686
16.8009
16.8496
16.9157
16.9661
17.0609
17.0755
17.1516
17.2076
17.3365
17.5511
17.6084
17.6991
17.8052
18.1138
18.2708
18.5231
18.6087
18.6918
18.703
18.8704
19.008
19.1218
19.2462
19.3818
19.4249
19.4554
19.5385
19.5964
19.8063
19.9435
19.9586
20.0046
20.1259
20.1616
20.2127
20.6058
20.617
20.7174
20.8149
20.9015
20.9081
21.0653
21.2311
21.3784
21.5467
21.7471
22.0934
22.1849
22.1953
22.5058
22.5239
22.7524
22.9453
23.4825
23.6426
23.8483
23.8817
23.9883
24.0003
24.117
24.2599
24.4537
24.6738
24.9005
25.547
25.6881
25.8148
25.9433
26.0519
26.9174
27.0037
27.1638
27.7468
28.7224
28.7402
30.5699
30.7011
32.1445
32.2234
37.7613
