-50.3216 0
-49.3152 0
-48.3087 0
-47.3023 0
-46.2959 0
-45.2894 0
-44.283 0
-43.2766 1
-42.2701 0
-41.2637 2
-40.2573 7
-39.2509 12
-38.2444 7
-37.238 12
-36.2316 8
-35.2251 12
-34.2187 20
-33.2123 26
-32.2058 34
-31.1994 28
-30.193 48
-29.1865 53
-28.1801 69
-27.1737 89
-26.1672 102
-25.1608 122
-24.1544 138
-23.1479 170
-22.1415 191
-21.1351 223
-20.1286 241
-19.1222 278
-18.1158 300
-17.1093 335
-16.1029 376
-15.0965 413
-14.09 463
-13.0836 491
-12.0772 538
-11.0708 557
-10.0643 625
-9.05789 645
-8.05146 670
-7.04502 698
-6.03859 754
-5.03216 739
-4.02573 784
-3.0193 809
-2.01286 793
-1.00643 815
0 812
1.00643 822
2.01286 796
3.0193 802
4.02573 790
5.03216 760
6.03859 744
7.04502 699
8.05146 661
9.05789 619
10.0643 622
11.0708 566
12.0772 539
13.0836 490
14.09 462
15.0965 420
16.1029 398
17.1093 353
18.1158 299
19.1222 284
20.1286 227
21.1351 212
22.1415 176
23.1479 170
24.1544 135
25.1608 116
26.1672 91
27.1737 90
28.1801 69
29.1865 65
30.193 60
31.1994 42
32.2058 31
33.2123 22
34.2187 20
35.2251 15
36.2316 9
37.238 9
38.2444 2
39.2509 8
40.2573 0
41.2637 4
42.2701 0
43.2766 4
44.283 0
45.2894 0
46.2959 1
47.3023 0
48.3087 1
49.3152 0
50.3216 1
