-35.0384
-34.9318
-34.821
-34.5895
-34.2573
-32.9659
-32.8122
-32.6775
-32.5765
-31.4935
-31.4248
-31.3991
-31.3314
-31.2289
-31.1625
-31.0341
-30.9728
-30.314
-30.2046
-29.7448
-29.6938
-29.664
-29.647
-29.5891
-29.5084
-29.4529
-29.3707
-29.2532
-29.2069
-28.99
-28.8605
-28.3168
-28.1955
-27.5192
-27.5005
-27.457
-27.402
-27.3822
-26.7202
-26.5449
-26.3559
-26.3241
-26.2517
-26.1489
-26.1431
-26.1229
-26.0919
-26.0048
-25.9877
-25.9702
-25.918
-25.9018
-25.896
-25.8532
-25.8346
-25.7937
-25.7789
-25.7672
-25.7665
-25.7387
-25.7203
-25.707
-25.6995
-25.6002
-25.5953
-25.5527
-25.452
-25.3292
-25.2121
-25.1148
-25.0292
-24.8068
-24.7233
-24.6953
-24.6239
-24.5629
-24.538
-24.515
-24.4817
-24.4686
-24.4556
-24.4469
-24.4082
-24.3976
-24.3732
-24.3436
-24.3318
-24.2976
-24.2808
-24.2784
-24.2489
-24.2238
-24.2209
-24.2009
-24.1957
-24.171
-24.1235
-24.1205
-24.117
-24.1086
-24.0799
-24.0709
-24.0602
-24.0562
-24.0528
-24.0457
-24.0212
-23.9813
-23.9714
-23.9601
-23.866
-23.7403
-23.6599
-23.6251
-23.6064
-23.5917
-23.5672
-23.5534
-23.5297
-23.522
-23.5169
-23.5111
-23.4652
-23.3781
-23.3566
-23.2876
-23.2546
-23.2427
-23.2077
-23.1901
-23.0981
-23.0655
-23.0188
-22.9549
-22.8845
-22.7874
-22.7202
-22.6903
-22.6798
-22.6704
-22.6483
-22.6291
-22.5998
-22.5838
-22.5723
-22.5259
-22.5151
-22.4981
-22.4766
-22.4197
-22.4
-22.3796
-22.366
-22.3526
-22.3509
-22.3197
-22.3175
-22.3011
-22.2864
-22.256
-22.2511
-22.249
-22.221
-22.198
-22.1882
-22.1572
-22.1348
-22.1101
-22.1024
-22.0835
-22.0752
-22.0615
-22.0561
-22.038
-22.0317
-21.982
-21.9701
-21.9577
-21.9255
-21.9047
-21.8775
-21.8603
-21.8169
-21.7811
-21.7526
-21.7295
-21.7238
-21.7124
-21.6963
-21.6838
-21.6399
-21.6298
-21.6195
-21.6084
-21.5984
-21.5947
-21.5645
-21.5627
-21.5277
-21.5094
-21.4316
-21.3592
-21.325
-21.3012
-21.2827
-21.2456
-21.1976
-21.1504
-21.133
-21.112
-21.0547
-21.0401
-21.0207
-21.0066
-20.997
-20.9605
-20.9542
-20.9429
-20.902
-20.8702
-20.8376
-20.7799
-20.7705
-20.7627
-20.7429
-20.7412
-20.7321
-20.7026
-20.6854
-20.6608
-20.6386
-20.6287
-20.6139
-20.6084
-20.5999
-20.5845
-20.5665
-20.5489
-20.5461
-20.5372
-20.514
-20.4938
-20.4494
-20.4379
-20.4242
-20.4163
-20.4117
-20.4022
-20.3768
-20.3593
-20.3494
-20.3191
-20.3151
-20.2813
-20.2428
-20.2233
-20.1993
-20.1959
-20.1853
-20.1468
-20.1138
-20.1105
-20.1054
-20.0906
-20.0818
-20.041
-20.0394
-20.0159
-20.0054
-19.9777
-19.9488
-19.8689
-19.8354
-19.8023
-19.7416
-19.6851
-19.6373
-19.6123
-19.5738
-19.5469
-19.5098
-19.4915
-19.486
-19.4748
-19.4694
-19.4448
-19.4417
-19.4258
-19.4083
-19.3944
-19.3797
-19.3738
-19.3508
-19.3416
-19.3229
-19.3162
-19.3116
-19.3068
-19.2902
-19.2618
-19.2593
-19.2425
-19.2326
-19.2253
-19.2219
-19.2081
-19.1994
-19.1649
-19.1367
-19.1259
-19.1073
-19.0957
-19.0909
-19.0831
-19.079
-19.0722
-19.0664
-19.0565
-19.0284
-19.0194
-19.0167
-19.0019
-19.0007
-18.9921
-18.9733
-18.9667
-18.9624
-18.9493
-18.9399
-18.9357
-18.93
-18.9193
-18.9148
-18.8961
-18.8936
-18.8853
-18.8841
-18.8775
-18.8496
-18.8377
-18.8321
-18.8211
-18.7902
-18.7736
-18.7591
-18.7544
-18.7325
-18.7218
-18.698
-18.6755
-18.6751
-18.6682
-18.661
-18.6385
-18.6111
-18.6015
-18.5771
-18.5746
-18.561
-18.5499
-18.5363
-18.5066
-18.4959
-18.467
-18.4625
-18.4508
-18.4325
-18.4087
-18.3853
-18.373
-18.3564
-18.3446
-18.3289
-18.3193
-18.3144
-18.2556
-18.2162
-18.1992
-18.1561
-18.1537
-18.1392
-18.1059
-18.0921
-18.0753
-18.0576
-18.0202
-17.9889
-17.9632
-17.9476
-17.9184
-17.9118
-17.8903
-17.8774
-17.8628
-17.8519
-17.8473
-17.8454
-17.8243
-17.8076
-17.7835
-17.7607
-17.7548
-17.744
-17.7348
-17.7185
-17.7002
-17.6904
-17.6785
-17.6626
-17.6587
-17.6544
-17.6427
-17.6305
-17.6189
-17.6174
-17.6068
-17.5923
-17.5809
-17.5745
-17.571
-17.562
-17.5239
-17.5205
-17.4961
-17.4827
-17.4804
-17.4622
-17.4556
-17.436
-17.4181
-17.4012
-17.3882
-17.3803
-17.371
-17.3604
-17.3514
-17.3383
-17.3189
-17.3069
-17.2961
-17.2954
-17.2759
-17.2672
-17.2586
-17.2456
-17.2405
-17.2362
-17.2336
-17.2238
-17.2025
-17.1931
-17.1908
-17.1707
-17.1546
-17.1542
-17.1432
-17.1345
-17.1284
-17.1173
-17.1077
-17.1029
-17.0931
-17.0704
-17.065
-17.0374
-17.0125
-17.0006
-16.9921
-16.9887
-16.9626
-16.9388
-16.9266
-16.9185
-16.9115
-16.8994
-16.8897
-16.8802
-16.8692
-16.8547
-16.8452
-16.8301
-16.8061
-16.7953
-16.7902
-16.7784
-16.7777
-16.7678
-16.7608
-16.7552
-16.7468
-16.7429
-16.7346
-16.7254
-16.7191
-16.7076
-16.6928
-16.6891
-16.6745
-16.6726
-16.6696
-16.6569
-16.6481
-16.6395
-16.6379
-16.6271
-16.6257
-16.6176
-16.6111
-16.6035
-16.5955
-16.5896
-16.5845
-16.5809
-16.5763
-16.5719
-16.5583
-16.553
-16.5455
-16.5335
-16.5294
-16.5213
-16.5184
-16.5036
-16.4988
-16.4978
-16.4912
-16.486
-16.4713
-16.4661
-16.451
-16.4424
-16.4378
-16.4312
-16.4225
-16.4155
-16.4118
-16.4083
-16.4017
-16.3953
-16.3864
-16.3724
-16.3576
-16.3485
-16.3471
-16.3342
-16.3282
-16.3234
-16.3177
-16.3112
-16.2899
-16.2825
-16.271
-16.2663
-16.258
-16.2561
-16.2405
-16.2199
-16.2182
-16.2106
-16.2015
-16.1966
-16.1839
-16.1803
-16.1764
-16.1693
-16.1548
-16.1428
-16.1379
-16.1343
-16.1287
-16.1179
-16.0991
-16.0897
-16.0828
-16.0659
-16.0622
-16.0561
-16.0323
-16.0001
-15.9861
-15.9796
-15.9665
-15.9599
-15.9425
-15.9352
-15.9188
-15.9029
-15.8839
-15.8733
-15.8602
-15.8544
-15.8379
-15.8257
-15.8185
-15.8048
-15.802
-15.7887
-15.788
-15.7735
-15.7632
-15.7551
-15.7477
-15.7351
-15.7265
-15.7182
-15.7098
-15.6936
-15.688
-15.6678
-15.6653
-15.6595
-15.6498
-15.644
-15.6329
-15.6308
-15.5996
-15.5934
-15.589
-15.5742
-15.5538
-15.5511
-15.5447
-15.5363
-15.5286
-15.5238
-15.5096
-15.5064
-15.4958
-15.4876
-15.4845
-15.4776
-15.4666
-15.4571
-15.4543
-15.4495
-15.4404
-15.4335
-15.4305
-15.4238
-15.4176
-15.4163
-15.4073
-15.4014
-15.3959
-15.3926
-15.3849
-15.3783
-15.3773
-15.3621
-15.3543
-15.3386
-15.3353
-15.3276
-15.3218
-15.3076
-15.2951
-15.2805
-15.2734
-15.2697
-15.2623
-15.2575
-15.2435
-15.2388
-15.2294
-15.2197
-15.2172
-15.2119
-15.2071
-15.2048
-15.1996
-15.1953
-15.1849
-15.1705
-15.1662
-15.1556
-15.1496
-15.1416
-15.1302
-15.1291
-15.1208
-15.117
-15.1146
-15.1101
-15.0936
-15.0914
-15.0887
-15.0842
-15.0754
-15.0743
-15.0548
-15.0517
-15.04
-15.0384
-15.0245
-15.0224
-15.0169
-15.0074
-15.0009
-14.9983
-14.9882
-14.9791
-14.975
-14.9689
-14.9601
-14.9547
-14.9534
-14.9484
-14.9455
-14.9435
-14.9354
-14.9175
-14.9138
-14.907
-14.9023
-14.896
-14.8913
-14.8822
-14.8776
-14.8757
-14.8618
-14.8511
-14.8446
-14.8441
-14.839
-14.8293
-14.8255
-14.8192
-14.813
-14.8099
-14.8013
-14.7881
-14.7827
-14.7702
-14.7579
-14.747
-14.7378
-14.7334
-14.723
-14.7175
-14.7166
-14.7092
-14.707
-14.6968
-14.6914
-14.6827
-14.6752
-14.6664
-14.6635
-14.6613
-14.6539
-14.6426
-14.6343
-14.6256
-14.6226
-14.6166
-14.6142
-14.6118
-14.6008
-14.5916
-14.5909
-14.582
-14.5737
-14.5635
-14.5508
-14.5426
-14.5359
-14.5258
-14.5092
-14.5059
-14.4949
-14.4808
-14.471
-14.4669
-14.4546
-14.452
-14.4409
-14.4306
-14.4282
-14.4152
-14.4101
-14.4021
-14.4016
-14.3865
-14.3835
-14.377
-14.3706
-14.3554
-14.3515
-14.3446
-14.3381
-14.3326
-14.3284
-14.3174
-14.307
-14.3009
-14.287
-14.2804
-14.2768
-14.2703
-14.268
-14.2636
-14.2609
-14.2395
-14.2355
-14.2201
-14.2109
-14.2009
-14.1894
-14.1828
-14.1746
-14.1623
-14.1574
-14.1431
-14.1368
-14.1276
-14.1183
-14.1043
-14.0971
-14.0925
-14.0755
-14.0662
-14.0624
-14.0537
-14.0426
-14.0353
-14.0279
-14.0258
-14.0104
-13.9988
-13.9913
-13.9902
-13.9665
-13.9614
-13.9572
-13.9529
-13.9484
-13.9386
-13.9287
-13.9109
-13.904
-13.9025
-13.895
-13.8852
-13.8812
-13.8612
-13.8485
-13.8455
-13.8369
-13.8325
-13.8206
-13.8177
-13.8112
-13.7983
-13.792
-13.786
-13.7728
-13.7627
-13.7609
-13.7467
-13.7436
-13.7414
-13.7336
-13.7263
-13.7225
-13.7142
-13.7127
-13.7038
-13.7022
-13.6954
-13.6901
-13.6861
-13.6811
-13.675
-13.6661
-13.6567
-13.6515
-13.6433
-13.6287
-13.6251
-13.6219
-13.6166
-13.6105
-13.606
-13.6025
-13.5937
-13.5886
-13.5806
-13.5767
-13.5741
-13.5685
-13.567
-13.5651
-13.5562
-13.5526
-13.5443
-13.539
-13.5309
-13.5246
-13.5178
-13.5137
-13.5022
-13.4958
-13.4928
-13.4817
-13.4773
-13.4765
-13.4642
-13.4478
-13.444
-13.4376
-13.4322
-13.429
-13.4253
-13.4079
-13.4014
-13.3937
-13.3792
-13.3768
-13.3627
-13.362
-13.3493
-13.3423
-13.3314
-13.3214
-13.3102
-13.3064
-13.3005
-13.2904
-13.2806
-13.2724
-13.2651
-13.262
-13.2524
-13.2444
-13.2333
-13.2283
-13.2175
-13.2147
-13.2045
-13.2013
-13.1899
-13.1754
-13.1729
-13.1661
-13.1587
-13.155
-13.1501
-13.1403
-13.1245
-13.1224
-13.1157
-13.115
-13.1015
-13.0957
-13.0914
-13.0809
-13.0748
-13.0673
-13.065
-13.0616
-13.0525
-13.0419
-13.0336
-13.0305
-13.0203
-13.0197
-13.0099
-13.002
-12.9967
-12.9922
-12.9903
-12.986
-12.9827
-12.9739
-12.9647
-12.9612
-12.9475
-12.9395
-12.9241
-12.9148
-12.9049
-12.9033
-12.8931
-12.8899
-12.8874
-12.8806
-12.8695
-12.8644
-12.859
-12.8558
-12.8495
-12.8374
-12.8329
-12.8245
-12.8112
-12.8005
-12.7971
-12.7805
-12.7789
-12.7751
-12.7715
-12.7656
-12.7461
-12.7449
-12.7372
-12.7321
-12.7257
-12.7216
-12.7144
-12.7042
-12.702
-12.6965
-12.6906
-12.6792
-12.6747
-12.6671
-12.6627
-12.6578
-12.6552
-12.6439
-12.6409
-12.6373
-12.6306
-12.6271
-12.6209
-12.6169
-12.6127
-12.6085
-12.6032
-12.6013
-12.5976
-12.5953
-12.5889
-12.5788
-12.5699
-12.5647
-12.5632
-12.5531
-12.5497
-12.5414
-12.5398
-12.5329
-12.5265
-12.5213
-12.5187
-12.5129
-12.5095
-12.5077
-12.5003
-12.4985
-12.4948
-12.4898
-12.4867
-12.48
-12.4765
-12.4749
-12.4666
-12.4626
-12.4583
-12.4535
-12.4435
-12.4389
-12.4325
-12.4284
-12.421
-12.4195
-12.4146
-12.4055
-12.4007
-12.3935
-12.3884
-12.3869
-12.3859
-12.3766
-12.3756
-12.3731
-12.3653
-12.3619
-12.3552
-12.3541
-12.3519
-12.3451
-12.3383
-12.3329
-12.3306
-12.3243
-12.3207
-12.3094
-12.3071
-12.3051
-12.2942
-12.2924
-12.2848
-12.2812
-12.277
-12.267
-12.2656
-12.2596
-12.258
-12.2501
-12.2467
-12.2456
-12.2333
-12.2315
-12.2276
-12.2218
-12.2149
-12.2096
-12.2046
-12.197
-12.1865
-12.1838
-12.1767
-12.1726
-12.1682
-12.1615
-12.1593
-12.156
-12.1487
-12.1468
-12.1465
-12.1355
-12.1292
-12.1268
-12.1238
-12.118
-12.1172
-12.1057
-12.1028
-12.0983
-12.0935
-12.0847
-12.082
-12.0798
-12.076
-12.0706
-12.0682
-12.0617
-12.0605
-12.0568
-12.0548
-12.0429
-12.0417
-12.0351
-12.0287
-12.0277
-12.0268
-12.0176
-12.0133
-12.0031
-11.9994
-11.996
-11.987
-11.9836
-11.9797
-11.9732
-11.9653
-11.9622
-11.956
-11.952
-11.9434
-11.9413
-11.9363
-11.9339
-11.9246
-11.9171
-11.9096
-11.9079
-11.8985
-11.8902
-11.8847
-11.8751
-11.8705
-11.8675
-11.863
-11.8543
-11.8437
-11.8391
-11.8274
-11.8192
-11.8149
-11.8039
-11.8022
-11.7961
-11.7922
-11.7843
-11.7809
-11.7767
-11.7712
-11.7638
-11.7574
-11.7483
-11.7451
-11.7343
-11.73
-11.7226
-11.7194
-11.7118
-11.7095
-11.6972
-11.6914
-11.6873
-11.6858
-11.6768
-11.6713
-11.6665
-11.6595
-11.6559
-11.6489
-11.6416
-11.6266
-11.6246
-11.6202
-11.6092
-11.6044
-11.5932
-11.5891
-11.5838
-11.5809
-11.5623
-11.5571
-11.5511
-11.5461
-11.541
-11.5361
-11.5267
-11.5207
-11.5184
-11.5071
-11.501
-11.4983
-11.4826
-11.4763
-11.4604
-11.4552
-11.4504
-11.4363
-11.4293
-11.4232
-11.421
-11.4193
-11.4152
-11.4141
-11.4091
-11.3938
-11.3903
-11.3838
-11.3797
-11.3692
-11.3675
-11.3599
-11.3504
-11.3447
-11.3324
-11.3279
-11.3234
-11.316
-11.3105
-11.3055
-11.2979
-11.2923
-11.2872
-11.2814
-11.2776
-11.2719
-11.2646
-11.2616
-11.2585
-11.2518
-11.247
-11.2432
-11.2365
-11.2263
-11.2235
-11.2211
-11.2161
-11.2096
-11.2055
-11.2028
-11.1915
-11.1891
-11.1835
-11.178
-11.1762
-11.1681
-11.1632
-11.1594
-11.1566
-11.1558
-11.1526
-11.1507
-11.1427
-11.1306
-11.1272
-11.1236
-11.1227
-11.1183
-11.1126
-11.1076
-11.1008
-11.098
-11.0918
-11.0898
-11.0847
-11.0808
-11.07
-11.0665
-11.0645
-11.058
-11.0481
-11.0461
-11.0383
-11.0369
-11.0314
-11.0208
-11.0166
-11.0132
-11.0079
-11.0032
-10.9979
-10.9968
-10.9946
-10.9877
-10.9821
-10.9816
-10.9736
-10.9692
-10.9611
-10.9595
-10.956
-10.9524
-10.9481
-10.9424
-10.9402
-10.9381
-10.9341
-10.9307
-10.9289
-10.9242
-10.9192
-10.9166
-10.9151
-10.9072
-10.9058
-10.9001
-10.8961
-10.8913
-10.888
-10.8861
-10.8796
-10.8759
-10.8743
-10.8674
-10.8618
-10.8577
-10.8534
-10.8475
-10.845
-10.8411
-10.8358
-10.8346
-10.8306
-10.829
-10.8237
-10.8207
-10.8183
-10.8139
-10.8108
-10.8036
-10.8017
-10.7947
-10.7908
-10.7843
-10.7793
-10.7733
-10.7713
-10.7705
-10.7612
-10.7557
-10.7495
-10.7485
-10.7439
-10.7307
-10.7292
-10.7233
-10.7181
-10.716
-10.7103
-10.7066
-10.7023
-10.6943
-10.6937
-10.6903
-10.6878
-10.6845
-10.6821
-10.6803
-10.6769
-10.6639
-10.6606
-10.6527
-10.65
-10.641
-10.6359
-10.6282
-10.6188
-10.618
-10.6107
-10.6076
-10.6018
-10.5968
-10.5931
-10.5921
-10.5808
-10.5728
-10.5707
-10.564
-10.56
-10.5559
-10.5524
-10.5501
-10.5415
-10.5338
-10.533
-10.5322
-10.5238
-10.5173
-10.5122
-10.5059
-10.5018
-10.4944
-10.486
-10.4825
-10.4794
-10.4763
-10.4719
-10.4655
-10.4629
-10.4559
-10.4538
-10.4486
-10.4456
-10.4393
-10.4358
-10.435
-10.4257
-10.4172
-10.4122
-10.4072
-10.4015
-10.399
-10.3955
-10.3871
-10.3816
-10.3753
-10.3685
-10.3668
-10.3598
-10.3507
-10.3448
-10.341
-10.3396
-10.3347
-10.3308
-10.3292
-10.3229
-10.3181
-10.3133
-10.3095
-10.3013
-10.2992
-10.2962
-10.2921
-10.288
-10.2803
-10.2799
-10.2739
-10.2722
-10.2648
-10.2616
-10.2571
-10.2534
-10.2482
-10.2416
-10.233
-10.225
-10.2239
-10.2207
-10.2152
-10.2101
-10.2075
-10.2023
-10.197
-10.1921
-10.1904
-10.1853
-10.1851
-10.1774
-10.1746
-10.1732
-10.1684
-10.1626
-10.1613
-10.157
-10.1538
-10.1484
-10.1433
-10.1291
-10.1259
-10.1196
-10.1129
-10.1103
-10.1037
-10.1002
-10.0904
-10.088
-10.0847
-10.0766
-10.0719
-10.0696
-10.0664
-10.0635
-10.0606
-10.0536
-10.0513
-10.0462
-10.0406
-10.0371
-10.0344
-10.0287
-10.0209
-10.0194
-10.0089
-9.99797
-9.98917
-9.98428
-9.97979
-9.97815
-9.9765
-9.97286
-9.95881
-9.95663
-9.94872
-9.94713
-9.94121
-9.93596
-9.93391
-9.92102
-9.91462
-9.91167
-9.90851
-9.90292
-9.90023
-9.89547
-9.89038
-9.882
-9.87858
-9.87583
-9.87177
-9.87114
-9.86231
-9.86093
-9.8557
-9.85348
-9.85006
-9.84491
-9.84129
-9.83523
-9.83221
-9.82462
-9.81858
-9.81537
-9.81274
-9.81048
-9.80725
-9.80338
-9.80084
-9.79787
-9.79321
-9.79231
-9.78096
-9.77643
-9.77269
-9.7671
-9.76498
-9.76363
-9.7605
-9.75574
-9.75319
-9.75043
-9.74514
-9.74099
-9.73432
-9.73355
-9.73008
-9.72362
-9.72321
-9.71895
-9.71748
-9.71244
-9.70845
-9.70629
-9.70063
-9.69661
-9.69125
-9.68783
-9.68574
-9.68113
-9.67996
-9.67845
-9.67415
-9.66539
-9.66397
-9.66163
-9.65563
-9.65264
-9.65075
-9.64634
-9.64383
-9.63484
-9.63406
-9.63164
-9.62902
-9.6234
-9.61524
-9.60858
-9.60465
-9.59869
-9.5975
-9.59184
-9.59009
-9.58546
-9.58217
-9.57794
-9.57581
-9.56453
-9.56106
-9.55513
-9.55322
-9.54915
-9.54409
-9.53391
-9.53238
-9.52996
-9.52481
-9.52008
-9.5136
-9.51303
-9.50818
-9.50678
-9.50307
-9.49853
-9.49304
-9.4911
-9.48161
-9.47946
-9.47638
-9.47463
-9.46919
-9.46649
-9.4614
-9.4562
-9.45381
-9.44957
-9.4438
-9.43884
-9.4367
-9.4321
-9.42894
-9.42632
-9.41996
-9.41276
-9.40777
-9.39807
-9.39297
-9.39179
-9.38561
-9.38389
-9.37959
-9.37666
-9.37291
-9.36607
-9.36166
-9.35199
-9.34906
-9.34747
-9.33983
-9.33858
-9.3348
-9.33137
-9.32666
-9.32436
-9.31733
-9.31405
-9.31173
-9.30709
-9.30275
-9.29632
-9.29537
-9.29411
-9.29089
-9.2816
-9.28037
-9.27599
-9.27072
-9.26925
-9.26671
-9.25881
-9.25604
-9.2489
-9.24536
-9.24282
-9.23899
-9.23551
-9.23066
-9.22446
-9.21964
-9.21618
-9.20815
-9.2061
-9.20248
-9.19732
-9.19518
-9.18621
-9.18244
-9.18
-9.17376
-9.17244
-9.16913
-9.16213
-9.15901
-9.15699
-9.15289
-9.15063
-9.14518
-9.14389
-9.13398
-9.13176
-9.12601
-9.12189
-9.11567
-9.11312
-9.10489
-9.09896
-9.09735
-9.0934
-9.0876
-9.08126
-9.07332
-9.0712
-9.06358
-9.05968
-9.05902
-9.05198
-9.04597
-9.04361
-9.04131
-9.03789
-9.03598
-9.03261
-9.02604
-9.01896
-9.01459
-9.0082
-9.00282
-8.99707
-8.99395
-8.99143
-8.98684
-8.98312
-8.97504
-8.97081
-8.96434
-8.96111
-8.95856
-8.95678
-8.95454
-8.94826
-8.9467
-8.94238
-8.93873
-8.93628
-8.93095
-8.92521
-8.9246
-8.91866
-8.91006
-8.90448
-8.90127
-8.89938
-8.89571
-8.89271
-8.88843
-8.88648
-8.882
-8.87572
-8.87165
-8.86601
-8.86385
-8.85881
-8.84656
-8.83678
-8.83306
-8.82926
-8.82147
-8.81542
-8.80936
-8.80666
-8.80306
-8.79912
-8.7987
-8.79342
-8.78931
-8.78375
-8.77791
-8.77231
-8.76867
-8.76355
-8.75695
-8.75185
-8.74892
-8.7433
-8.74151
-8.74037
-8.73373
-8.72533
-8.72408
-8.72134
-8.71711
-8.70944
-8.70687
-8.69985
-8.69625
-8.69549
-8.68797
-8.67985
-8.67811
-8.67656
-8.67419
-8.66239
-8.65837
-8.6543
-8.65016
-8.64342
-8.64124
-8.63673
-8.63352
-8.62982
-8.62707
-8.62051
-8.61596
-8.61229
-8.6101
-8.60417
-8.6029
-8.59965
-8.59481
-8.59119
-8.58737
-8.58252
-8.58066
-8.57706
-8.5744
-8.5702
-8.5645
-8.56163
-8.55983
-8.55025
-8.54493
-8.54129
-8.53685
-8.53339
-8.52723
-8.52429
-8.52299
-8.51811
-8.51636
-8.50896
-8.50628
-8.50061
-8.49385
-8.49124
-8.48844
-8.48475
-8.48089
-8.47698
-8.47182
-8.47131
-8.46675
-8.46358
-8.45921
-8.45721
-8.45399
-8.44845
-8.44661
-8.43996
-8.43756
-8.4334
-8.43208
-8.42869
-8.42579
-8.42244
-8.42141
-8.41701
-8.41442
-8.41
-8.40534
-8.40367
-8.40074
-8.39729
-8.39258
-8.39031
-8.38605
-8.38031
-8.3759
-8.37511
-8.3726
-8.37092
-8.36768
-8.36125
-8.3594
-8.35805
-8.35374
-8.34922
-8.34624
-8.3427
-8.33891
-8.33529
-8.33394
-8.33247
-8.3278
-8.3254
-8.32039
-8.31889
-8.31385
-8.31152
-8.30499
-8.30426
-8.30053
-8.2979
-8.28497
-8.28212
-8.27915
-8.27727
-8.2717
-8.26986
-8.26703
-8.26262
-8.25647
-8.25316
-8.25242
-8.25043
-8.24558
-8.24169
-8.23814
-8.23421
-8.22987
-8.22665
-8.22593
-8.2213
-8.21659
-8.21424
-8.21245
-8.20679
-8.20214
-8.19949
-8.19556
-8.19192
-8.19098
-8.1878
-8.18327
-8.18049
-8.1775
-8.17369
-8.17198
-8.16904
-8.16429
-8.15789
-8.15347
-8.1478
-8.14668
-8.14411
-8.13821
-8.13407
-8.13311
-8.13156
-8.12667
-8.12555
-8.12286
-8.11502
-8.11337
-8.10801
-8.10679
-8.1039
-8.10064
-8.0955
-8.09371
-8.0876
-8.08303
-8.08053
-8.07818
-8.07577
-8.06609
-8.06574
-8.06453
-8.05954
-8.0552
-8.05014
-8.04783
-8.04274
-8.03653
-8.03496
-8.02909
-8.02521
-8.0206
-8.01841
-8.01198
-8.01167
-8.00476
-8.00035
-7.99515
-7.99359
-7.98751
-7.98387
-7.98123
-7.97122
-7.96617
-7.96283
-7.95887
-7.95431
-7.94921
-7.94054
-7.93664
-7.93611
-7.93128
-7.92454
-7.92033
-7.91882
-7.91718
-7.91261
-7.90863
-7.90515
-7.90465
-7.89809
-7.89319
-7.8917
-7.89008
-7.88532
-7.88221
-7.87859
-7.87625
-7.86956
-7.86912
-7.86499
-7.86103
-7.85779
-7.85453
-7.84772
-7.84508
-7.83932
-7.838
-7.834
-7.83041
-7.82588
-7.82285
-7.82146
-7.81905
-7.81289
-7.8102
-7.80678
-7.80404
-7.80107
-7.79881
-7.79783
-7.79198
-7.7892
-7.77982
-7.77898
-7.77355
-7.77039
-7.7694
-7.76455
-7.7615
-7.75799
-7.75316
-7.74863
-7.73505
-7.73368
-7.72936
-7.7258
-7.71936
-7.7159
-7.71414
-7.71164
-7.70962
-7.70344
-7.70232
-7.69744
-7.6949
-7.6899
-7.68628
-7.68302
-7.67906
-7.67726
-7.67302
-7.66704
-7.66225
-7.65813
-7.65337
-7.64986
-7.6491
-7.64518
-7.64275
-7.63727
-7.62981
-7.6245
-7.62135
-7.61832
-7.61239
-7.60905
-7.6034
-7.59671
-7.5957
-7.59403
-7.59337
-7.58479
-7.58256
-7.57815
-7.57435
-7.56651
-7.56527
-7.55903
-7.55643
-7.55582
-7.5532
-7.55018
-7.54837
-7.54539
-7.54001
-7.53737
-7.53082
-7.53032
-7.52773
-7.52413
-7.5168
-7.51452
-7.51198
-7.50541
-7.50248
-7.49858
-7.49504
-7.49143
-7.48927
-7.48631
-7.48042
-7.47634
-7.47032
-7.46853
-7.46137
-7.45639
-7.45413
-7.45009
-7.44734
-7.44544
-7.44184
-7.43743
-7.42867
-7.42758
-7.42394
-7.42279
-7.41952
-7.41453
-7.41145
-7.40754
-7.40284
-7.39941
-7.39724
-7.39235
-7.39119
-7.38799
-7.37974
-7.37909
-7.37673
-7.37459
-7.36631
-7.36546
-7.36411
-7.35284
-7.35068
-7.34605
-7.34527
-7.33866
-7.33521
-7.33328
-7.33033
-7.32668
-7.32247
-7.32036
-7.3162
-7.31605
-7.31206
-7.30995
-7.30395
-7.29971
-7.2936
-7.29007
-7.28717
-7.28281
-7.27816
-7.2752
-7.26878
-7.26566
-7.26004
-7.25997
-7.25359
-7.24854
-7.2456
-7.24152
-7.23577
-7.23123
-7.229
-7.22778
-7.22284
-7.22119
-7.21755
-7.21269
-7.21049
-7.20935
-7.2055
-7.20138
-7.19998
-7.19692
-7.19482
-7.18738
-7.18298
-7.18225
-7.17377
-7.16781
-7.1671
-7.16484
-7.16303
-7.16026
-7.15737
-7.1548
-7.15299
-7.14894
-7.14744
-7.144
-7.14284
-7.13836
-7.13395
-7.12913
-7.12709
-7.12461
-7.1231
-7.1179
-7.11426
-7.1109
-7.10517
-7.10099
-7.09974
-7.09715
-7.0921
-7.09125
-7.08548
-7.0841
-7.07947
-7.07826
-7.07635
-7.07076
-7.06955
-7.06472
-7.0639
-7.06057
-7.05575
-7.04908
-7.04693
-7.04421
-7.04259
-7.04232
-7.03634
-7.03561
-7.032
-7.0291
-7.02609
-7.02348
-7.02087
-7.01574
-7.01433
-7.01117
-7.00853
-7.00765
-7.00077
-6.9984
-6.99662
-6.99464
-6.99151
-6.98996
-6.98005
-6.97601
-6.97409
-6.97199
-6.96792
-6.9619
-6.95924
-6.95897
-6.95656
-6.95553
-6.95192
-6.94979
-6.94395
-6.93891
-6.93797
-6.93679
-6.93367
-6.93173
-6.92713
-6.92625
-6.92555
-6.92069
-6.91811
-6.91546
-6.91318
-6.90875
-6.90671
-6.90482
-6.8989
-6.89843
-6.89633
-6.89229
-6.89169
-6.88891
-6.88713
-6.88195
-6.88011
-6.87624
-6.87237
-6.86697
-6.86274
-6.86084
-6.85891
-6.85718
-6.85353
-6.84845
-6.84671
-6.84429
-6.84339
-6.83744
-6.83663
-6.83096
-6.82715
-6.82403
-6.82242
-6.81981
-6.8154
-6.81295
-6.81026
-6.80968
-6.80803
-6.80127
-6.79589
-6.79389
-6.79226
-6.78954
-6.78515
-6.77721
-6.77519
-6.77389
-6.77067
-6.76784
-6.76695
-6.75725
-6.75403
-6.75098
-6.74748
-6.74334
-6.74241
-6.73804
-6.7346
-6.73308
-6.72758
-6.72111
-6.71828
-6.7167
-6.71266
-6.7089
-6.7065
-6.70262
-6.6982
-6.69453
-6.69311
-6.68885
-6.68396
-6.68201
-6.67978
-6.67707
-6.67495
-6.66731
-6.6659
-6.65876
-6.65552
-6.65073
-6.645
-6.64377
-6.63851
-6.6368
-6.63357
-6.62648
-6.62002
-6.61709
-6.61458
-6.60912
-6.60636
-6.60483
-6.59797
-6.59624
-6.59129
-6.58849
-6.5873
-6.58311
-6.58115
-6.57643
-6.56964
-6.56575
-6.56401
-6.56066
-6.55747
-6.55367
-6.55042
-6.54539
-6.54133
-6.53723
-6.53105
-6.52981
-6.5258
-6.52414
-6.51991
-6.51609
-6.51376
-6.50928
-6.50084
-6.4986
-6.49328
-6.4928
-6.4882
-6.48541
-6.48317
-6.47918
-6.47396
-6.46928
-6.46333
-6.45934
-6.45791
-6.45379
-6.4468
-6.44671
-6.44197
-6.43503
-6.43209
-6.42763
-6.42252
-6.41387
-6.41291
-6.40737
-6.40425
-6.4002
-6.39454
-6.39339
-6.39137
-6.38814
-6.38255
-6.38056
-6.37407
-6.37092
-6.36744
-6.36043
-6.35791
-6.35502
-6.35088
-6.34967
-6.34639
-6.34032
-6.33865
-6.33527
-6.33284
-6.32647
-6.32383
-6.32163
-6.31957
-6.31411
-6.31326
-6.30788
-6.30352
-6.30161
-6.29691
-6.29364
-6.29036
-6.28744
-6.28508
-6.28486
-6.2804
-6.27556
-6.26988
-6.26697
-6.26226
-6.26049
-6.25399
-6.2487
-6.24569
-6.23968
-6.23574
-6.23105
-6.22642
-6.22211
-6.21984
-6.21328
-6.20991
-6.20343
-6.19983
-6.19565
-6.19208
-6.1895
-6.18697
-6.18424
-6.17833
-6.17798
-6.17196
-6.17042
-6.16262
-6.15921
-6.15611
-6.15216
-6.15046
-6.14657
-6.13874
-6.13845
-6.13585
-6.12932
-6.1263
-6.12377
-6.11721
-6.11477
-6.11308
-6.10699
-6.1029
-6.09917
-6.09878
-6.09332
-6.08487
-6.08291
-6.07629
-6.07286
-6.06956
-6.06709
-6.06299
-6.05955
-6.05713
-6.05405
-6.05008
-6.04859
-6.04282
-6.03823
-6.03653
-6.03212
-6.02906
-6.02397
-6.02035
-6.01777
-6.0144
-6.01068
-6.00733
-6.00508
-6.00278
-6.00177
-5.9979
-5.99209
-5.98438
-5.98236
-5.9772
-5.97638
-5.96996
-5.96691
-5.96191
-5.96061
-5.95535
-5.95024
-5.94471
-5.94271
-5.94141
-5.93857
-5.93619
-5.93439
-5.928
-5.92607
-5.92068
-5.91826
-5.91615
-5.9091
-5.90723
-5.90283
-5.90094
-5.89867
-5.89406
-5.89105
-5.89019
-5.88456
-5.88204
-5.87731
-5.87392
-5.87098
-5.86902
-5.86615
-5.86221
-5.85826
-5.85303
-5.85128
-5.84957
-5.84778
-5.84353
-5.84068
-5.83807
-5.83647
-5.83194
-5.82932
-5.82339
-5.81949
-5.81586
-5.8133
-5.81123
-5.80633
-5.80496
-5.80158
-5.79902
-5.79473
-5.79273
-5.78788
-5.78625
-5.78253
-5.77804
-5.77218
-5.7706
-5.76631
-5.76423
-5.75977
-5.75787
-5.7555
-5.75251
-5.74888
-5.74734
-5.74365
-5.73661
-5.73488
-5.7272
-5.72532
-5.72318
-5.71903
-5.71533
-5.71288
-5.71193
-5.70674
-5.7017
-5.69776
-5.69594
-5.69398
-5.69071
-5.68578
-5.6813
-5.67702
-5.67392
-5.6724
-5.66936
-5.66472
-5.66008
-5.65598
-5.65487
-5.64934
-5.64592
-5.64506
-5.64056
-5.63723
-5.6314
-5.62774
-5.62096
-5.6176
-5.61696
-5.61426
-5.61008
-5.60799
-5.6015
-5.59697
-5.59468
-5.59126
-5.58775
-5.58232
-5.57557
-5.57289
-5.56809
-5.56668
-5.56552
-5.56257
-5.55821
-5.55225
-5.5441
-5.54319
-5.54084
-5.53447
-5.53047
-5.52836
-5.52471
-5.5226
-5.5169
-5.51376
-5.51072
-5.50729
-5.50673
-5.50477
-5.4995
-5.49642
-5.49131
-5.48748
-5.48643
-5.48313
-5.4803
-5.47712
-5.47563
-5.47128
-5.46717
-5.46485
-5.46161
-5.46065
-5.45728
-5.45429
-5.45019
-5.4454
-5.44383
-5.43775
-5.43528
-5.43384
-5.43133
-5.42799
-5.42546
-5.42189
-5.41999
-5.41279
-5.41138
-5.40742
-5.40349
-5.40037
-5.39945
-5.39586
-5.39337
-5.38553
-5.38335
-5.38088
-5.37884
-5.37384
-5.37239
-5.36654
-5.36415
-5.36121
-5.35891
-5.35643
-5.35504
-5.34967
-5.34879
-5.34344
-5.34054
-5.33662
-5.33399
-5.32877
-5.32695
-5.32169
-5.32064
-5.31655
-5.31319
-5.31169
-5.30694
-5.305
-5.29878
-5.29353
-5.28913
-5.28775
-5.28667
-5.27844
-5.27771
-5.2757
-5.27372
-5.27034
-5.26425
-5.26393
-5.25772
-5.25576
-5.25261
-5.24831
-5.24595
-5.24348
-5.23767
-5.23498
-5.23268
-5.22928
-5.22534
-5.22452
-5.22116
-5.21783
-5.215
-5.21026
-5.20681
-5.20631
-5.20408
-5.1991
-5.1972
-5.19168
-5.19047
-5.18283
-5.18121
-5.17869
-5.17648
-5.17271
-5.16937
-5.16417
-5.16331
-5.16178
-5.15535
-5.15298
-5.15043
-5.14826
-5.14529
-5.14293
-5.13699
-5.13355
-5.12758
-5.12532
-5.12373
-5.11845
-5.11421
-5.11245
-5.10513
-5.10429
-5.09834
-5.09587
-5.09209
-5.08858
-5.08658
-5.08144
-5.0796
-5.07572
-5.07322
-5.07069
-5.06853
-5.0652
-5.0635
-5.0577
-5.05496
-5.05134
-5.0499
-5.04372
-5.03875
-5.03722
-5.03406
-5.03063
-5.02525
-5.02222
-5.01861
-5.01319
-5.00846
-5.0067
-5.00552
-5.00153
-4.99733
-4.98949
-4.98873
-4.98451
-4.98067
-4.97753
-4.97191
-4.96989
-4.96613
-4.96271
-4.9539
-4.94975
-4.94446
-4.94259
-4.93698
-4.93534
-4.93233
-4.92802
-4.92071
-4.91654
-4.91197
-4.90909
-4.90389
-4.89663
-4.89365
-4.89071
-4.88724
-4.88301
-4.87478
-4.87344
-4.87007
-4.8643
-4.86001
-4.85855
-4.85665
-4.84652
-4.84412
-4.84193
-4.8381
-4.83363
-4.83117
-4.82716
-4.82189
-4.81869
-4.81794
-4.81282
-4.80725
-4.80501
-4.79732
-4.79374
-4.78806
-4.78366
-4.781
-4.77882
-4.77423
-4.76936
-4.76786
-4.76073
-4.75604
-4.75561
-4.75177
-4.74678
-4.74287
-4.74007
-4.73329
-4.73068
-4.72846
-4.72516
-4.7184
-4.71546
-4.71439
-4.71115
-4.70798
-4.70341
-4.70216
-4.69872
-4.69384
-4.69184
-4.68594
-4.68375
-4.68132
-4.67747
-4.67492
-4.67249
-4.66978
-4.66594
-4.66076
-4.66016
-4.65615
-4.64952
-4.64635
-4.64129
-4.64111
-4.63502
-4.63329
-4.63122
-4.62914
-4.62358
-4.62102
-4.61898
-4.61543
-4.61123
-4.60801
-4.60613
-4.60324
-4.59793
-4.59646
-4.59388
-4.58806
-4.58673
-4.58149
-4.57781
-4.57601
-4.57243
-4.57152
-4.56709
-4.56595
-4.55778
-4.55504
-4.55269
-4.54937
-4.54211
-4.54137
-4.53617
-4.53348
-4.52866
-4.52342
-4.51795
-4.51694
-4.51535
-4.51046
-4.50703
-4.50453
-4.50358
-4.50086
-4.49862
-4.49531
-4.4913
-4.48802
-4.48622
-4.48303
-4.47883
-4.47589
-4.47252
-4.47078
-4.46917
-4.46718
-4.46366
-4.45745
-4.45602
-4.4533
-4.45036
-4.44808
-4.44403
-4.44092
-4.43557
-4.43228
-4.42957
-4.42641
-4.42503
-4.42206
-4.41973
-4.4171
-4.41409
-4.40751
-4.4071
-4.40563
-4.39953
-4.39787
-4.39214
-4.38722
-4.38378
-4.38255
-4.38154
-4.37713
-4.37522
-4.37244
-4.37092
-4.36823
-4.367
-4.361
-4.36073
-4.35685
-4.35424
-4.35225
-4.35005
-4.34734
-4.34652
-4.34041
-4.33902
-4.33594
-4.33347
-4.32981
-4.32819
-4.32511
-4.32055
-4.32046
-4.31754
-4.3156
-4.31283
-4.30888
-4.30528
-4.30257
-4.30062
-4.2962
-4.29407
-4.29152
-4.29021
-4.28767
-4.28396
-4.28354
-4.27841
-4.27711
-4.27187
-4.26721
-4.26281
-4.26244
-4.26002
-4.25667
-4.25544
-4.25168
-4.24718
-4.24531
-4.24404
-4.24289
-4.23666
-4.23587
-4.23081
-4.22903
-4.22503
-4.22053
-4.21908
-4.21533
-4.2104
-4.20934
-4.20842
-4.20531
-4.20452
-4.20365
-4.19679
-4.19359
-4.193
-4.18999
-4.18858
-4.18427
-4.18168
-4.18089
-4.17889
-4.17306
-4.17228
-4.17097
-4.16346
-4.16177
-4.15849
-4.15528
-4.15403
-4.1506
-4.14965
-4.14706
-4.14594
-4.14353
-4.13994
-4.1372
-4.13535
-4.13275
-4.13142
-4.12692
-4.12423
-4.12151
-4.11996
-4.11466
-4.11317
-4.1114
-4.10817
-4.10547
-4.10343
-4.10086
-4.09567
-4.09237
-4.09079
-4.08863
-4.08727
-4.08242
-4.08106
-4.07959
-4.07661
-4.0744
-4.07189
-4.06982
-4.06451
-4.0629
-4.06081
-4.05762
-4.05342
-4.05172
-4.0501
-4.04439
-4.04364
-4.04053
-4.03833
-4.03492
-4.03091
-4.02921
-4.02718
-4.02647
-4.02376
-4.02168
-4.02134
-4.01621
-4.01231
-4.01115
-4.00826
-4.00452
-4.00167
-4.00137
-3.99709
-3.99427
-3.9925
-3.98814
-3.98789
-3.98273
-3.97943
-3.97588
-3.97514
-3.97266
-3.96769
-3.9661
-3.95877
-3.95533
-3.95396
-3.95326
-3.95076
-3.94645
-3.94412
-3.94158
-3.9372
-3.93606
-3.9338
-3.93244
-3.92815
-3.92535
-3.92247
-3.91958
-3.91574
-3.91527
-3.91416
-3.90959
-3.90685
-3.90466
-3.90018
-3.89863
-3.89649
-3.895
-3.89082
-3.88916
-3.88506
-3.88325
-3.87947
-3.8748
-3.87273
-3.8711
-3.86789
-3.86308
-3.85994
-3.85927
-3.85675
-3.85514
-3.85358
-3.84846
-3.84697
-3.84249
-3.84015
-3.83556
-3.83495
-3.83336
-3.83218
-3.83207
-3.82613
-3.82521
-3.82179
-3.81906
-3.81791
-3.81344
-3.81028
-3.8068
-3.8055
-3.80203
-3.80112
-3.79988
-3.79685
-3.79339
-3.79061
-3.78984
-3.7865
-3.78158
-3.77913
-3.77687
-3.77413
-3.7707
-3.76846
-3.76623
-3.76563
-3.76156
-3.76081
-3.75682
-3.75202
-3.75065
-3.74906
-3.7459
-3.74513
-3.74342
-3.74061
-3.73712
-3.73382
-3.73039
-3.72856
-3.72588
-3.72247
-3.71949
-3.71772
-3.71519
-3.71251
-3.71092
-3.70541
-3.7015
-3.7005
-3.69865
-3.69458
-3.69116
-3.68802
-3.6871
-3.68545
-3.68238
-3.68122
-3.67877
-3.67639
-3.67393
-3.67004
-3.66726
-3.66624
-3.66189
-3.65932
-3.65843
-3.65447
-3.65045
-3.64888
-3.64376
-3.63929
-3.6387
-3.63259
-3.62957
-3.62458
-3.62162
-3.619
-3.61767
-3.61616
-3.61267
-3.60856
-3.60643
-3.60446
-3.60229
-3.59939
-3.59575
-3.59422
-3.59293
-3.5861
-3.58476
-3.5791
-3.5733
-3.57301
-3.57058
-3.56838
-3.56516
-3.55719
-3.55361
-3.54899
-3.54756
-3.54384
-3.54182
-3.53995
-3.53825
-3.5362
-3.52916
-3.52682
-3.52394
-3.52124
-3.51824
-3.51091
-3.50902
-3.50547
-3.50003
-3.49814
-3.49475
-3.49042
-3.48973
-3.48919
-3.4844
-3.48345
-3.48035
-3.47699
-3.47586
-3.4735
-3.4678
-3.46535
-3.46372
-3.4607
-3.45549
-3.45267
-3.45122
-3.44869
-3.44514
-3.44206
-3.43844
-3.43655
-3.43355
-3.43135
-3.42826
-3.42695
-3.42323
-3.42057
-3.41593
-3.41516
-3.41168
-3.40598
-3.40313
-3.40195
-3.39809
-3.39608
-3.39278
-3.39021
-3.38839
-3.38498
-3.3821
-3.38038
-3.37369
-3.37152
-3.37087
-3.36626
-3.36134
-3.35747
-3.35651
-3.35412
-3.35162
-3.34885
-3.34734
-3.34462
-3.34228
-3.33782
-3.33769
-3.33703
-3.33112
-3.33051
-3.32518
-3.32086
-3.31876
-3.31621
-3.31156
-3.31122
-3.3097
-3.30735
-3.3056
-3.30313
-3.29947
-3.29508
-3.29331
-3.28528
-3.28407
-3.28099
-3.27592
-3.27512
-3.27317
-3.27038
-3.26929
-3.26393
-3.26311
-3.25877
-3.25657
-3.25492
-3.25138
-3.24774
-3.24694
-3.24598
-3.24453
-3.24088
-3.23632
-3.23379
-3.23075
-3.22825
-3.22237
-3.22152
-3.21957
-3.21771
-3.21549
-3.21399
-3.21025
-3.20891
-3.20627
-3.20171
-3.19976
-3.19792
-3.19134
-3.19013
-3.18974
-3.1891
-3.18519
-3.18243
-3.17947
-3.17856
-3.17584
-3.1733
-3.17128
-3.1689
-3.16182
-3.15971
-3.15761
-3.15748
-3.15355
-3.1464
-3.1459
-3.14373
-3.14195
-3.14025
-3.13601
-3.13275
-3.13269
-3.12999
-3.12574
-3.1237
-3.12189
-3.11921
-3.11691
-3.112
-3.10959
-3.10829
-3.10412
-3.09805
-3.09679
-3.09616
-3.09394
-3.09297
-3.0881
-3.08446
-3.08263
-3.08213
-3.0755
-3.07382
-3.07238
-3.06716
-3.06557
-3.06105
-3.06004
-3.05835
-3.05482
-3.05436
-3.05315
-3.0516
-3.04844
-3.04611
-3.04174
-3.03846
-3.03576
-3.03112
-3.02873
-3.02571
-3.02317
-3.02021
-3.01905
-3.01554
-3.01452
-3.0106
-3.00278
-3.0009
-2.99776
-2.99446
-2.99211
-2.98778
-2.98649
-2.98442
-2.98148
-2.97696
-2.97528
-2.97339
-2.97252
-2.97063
-2.96836
-2.95924
-2.95855
-2.95647
-2.95495
-2.95074
-2.9465
-2.94556
-2.94358
-2.94041
-2.93498
-2.93295
-2.93125
-2.92809
-2.92524
-2.92102
-2.91633
-2.91368
-2.91144
-2.9094
-2.90405
-2.90249
-2.90037
-2.89583
-2.8945
-2.89166
-2.88712
-2.8835
-2.88269
-2.87783
-2.87631
-2.87414
-2.87124
-2.86969
-2.86776
-2.8659
-2.86332
-2.85807
-2.85717
-2.85265
-2.85016
-2.84779
-2.8437
-2.84238
-2.83973
-2.83778
-2.83379
-2.83107
-2.83018
-2.82827
-2.82691
-2.8195
-2.81863
-2.81692
-2.81301
-2.81154
-2.80574
-2.80258
-2.80057
-2.79417
-2.79235
-2.79128
-2.787
-2.78482
-2.78351
-2.78332
-2.77721
-2.77484
-2.77293
-2.77088
-2.76613
-2.76379
-2.7616
-2.75962
-2.75551
-2.75415
-2.7502
-2.74668
-2.74364
-2.74262
-2.74007
-2.73841
-2.73627
-2.7322
-2.72855
-2.72493
-2.7214
-2.7167
-2.71353
-2.71306
-2.7117
-2.70574
-2.69826
-2.69491
-2.69329
-2.69253
-2.68901
-2.68701
-2.68581
-2.67851
-2.67556
-2.66918
-2.66438
-2.65971
-2.65726
-2.65439
-2.6508
-2.65049
-2.6465
-2.64182
-2.63832
-2.63457
-2.62976
-2.62775
-2.62416
-2.61929
-2.6162
-2.61443
-2.6122
-2.60702
-2.60465
-2.60195
-2.59521
-2.59224
-2.59077
-2.58821
-2.58553
-2.58423
-2.57977
-2.57632
-2.5727
-2.56826
-2.5673
-2.56411
-2.56061
-2.55738
-2.55353
-2.54959
-2.54613
-2.54577
-2.54236
-2.53992
-2.53779
-2.535
-2.52797
-2.52507
-2.52221
-2.51747
-2.51614
-2.51448
-2.51043
-2.50431
-2.50321
-2.49716
-2.4961
-2.49399
-2.49121
-2.48745
-2.48432
-2.48174
-2.47895
-2.47628
-2.47456
-2.47062
-2.46865
-2.45987
-2.45891
-2.45443
-2.45262
-2.45141
-2.44808
-2.4445
-2.44249
-2.43829
-2.43768
-2.43478
-2.42995
-2.42465
-2.42286
-2.41612
-2.41336
-2.41127
-2.40818
-2.40211
-2.40105
-2.39824
-2.39598
-2.39181
-2.38582
-2.38442
-2.37986
-2.37871
-2.37463
-2.37396
-2.37288
-2.36899
-2.36646
-2.35982
-2.35951
-2.35741
-2.35269
-2.34814
-2.34647
-2.34486
-2.34054
-2.33904
-2.33478
-2.33165
-2.3291
-2.32611
-2.32241
-2.31983
-2.31573
-2.31206
-2.30919
-2.30807
-2.30421
-2.30332
-2.29837
-2.29697
-2.29523
-2.29407
-2.28798
-2.2846
-2.28202
-2.28118
-2.27915
-2.27489
-2.27201
-2.26896
-2.26743
-2.26155
-2.25979
-2.25652
-2.25504
-2.25233
-2.24965
-2.24366
-2.2415
-2.2388
-2.23805
-2.23419
-2.23127
-2.22848
-2.22464
-2.22396
-2.22289
-2.21952
-2.21266
-2.2093
-2.20672
-2.20626
-2.2013
-2.19902
-2.19521
-2.1945
-2.1917
-2.18758
-2.18598
-2.1846
-2.17901
-2.17792
-2.17374
-2.1713
-2.16911
-2.16458
-2.16171
-2.15892
-2.15687
-2.15084
-2.14835
-2.14681
-2.14333
-2.14228
-2.14186
-2.14025
-2.13598
-2.13246
-2.13066
-2.12891
-2.12852
-2.12454
-2.11934
-2.11371
-2.112
-2.10957
-2.10512
-2.1048
-2.10302
-2.09676
-2.09613
-2.09166
-2.08894
-2.08364
-2.07886
-2.07842
-2.07403
-2.07242
-2.06814
-2.06576
-2.06186
-2.06066
-2.05779
-2.05374
-2.0497
-2.04519
-2.04167
-2.03993
-2.03732
-2.03589
-2.03243
-2.03026
-2.02743
-2.02256
-2.02094
-2.01246
-2.01141
-2.00761
-2.00597
-2.00342
-2.00038
-1.99682
-1.99578
-1.99117
-1.98923
-1.98761
-1.98562
-1.97954
-1.97843
-1.97445
-1.97272
-1.9678
-1.96322
-1.95848
-1.95673
-1.95591
-1.95426
-1.95099
-1.94799
-1.94079
-1.93723
-1.9351
-1.93373
-1.931
-1.92601
-1.92201
-1.92124
-1.91525
-1.91196
-1.90766
-1.90493
-1.90328
-1.8979
-1.89506
-1.88975
-1.88584
-1.88529
-1.88268
-1.87951
-1.87938
-1.87565
-1.87459
-1.87117
-1.86925
-1.86619
-1.85954
-1.85836
-1.85616
-1.85518
-1.85184
-1.84941
-1.84506
-1.84239
-1.84103
-1.83984
-1.83929
-1.8372
-1.83314
-1.83061
-1.82716
-1.82338
-1.82073
-1.81633
-1.81294
-1.81168
-1.81053
-1.80918
-1.80492
-1.80104
-1.80074
-1.79534
-1.79438
-1.793
-1.78729
-1.78639
-1.78323
-1.78176
-1.77873
-1.77674
-1.77398
-1.77336
-1.76658
-1.76444
-1.76066
-1.75838
-1.75503
-1.75272
-1.74995
-1.74894
-1.74442
-1.74331
-1.73981
-1.73206
-1.72947
-1.7293
-1.72423
-1.71965
-1.71769
-1.71689
-1.71474
-1.71265
-1.71216
-1.70563
-1.7015
-1.70127
-1.69508
-1.69439
-1.69267
-1.69113
-1.69021
-1.68726
-1.68183
-1.67974
-1.67822
-1.67392
-1.66975
-1.66766
-1.66642
-1.66196
-1.66026
-1.65645
-1.65378
-1.65324
-1.64904
-1.64777
-1.64641
-1.64325
-1.64014
-1.63717
-1.63483
-1.63251
-1.62954
-1.6285
-1.62452
-1.6213
-1.61998
-1.61882
-1.61651
-1.61338
-1.61262
-1.60871
-1.6076
-1.60595
-1.602
-1.59704
-1.59514
-1.59311
-1.59011
-1.58713
-1.58523
-1.58178
-1.58156
-1.57704
-1.57367
-1.57351
-1.57062
-1.56987
-1.56323
-1.5628
-1.56118
-1.55735
-1.55515
-1.5525
-1.55128
-1.55072
-1.54726
-1.5442
-1.54206
-1.53712
-1.53496
-1.53104
-1.52778
-1.52535
-1.52372
-1.52183
-1.51925
-1.51726
-1.5149
-1.51166
-1.50915
-1.50528
-1.50269
-1.49794
-1.49622
-1.49447
-1.49341
-1.49047
-1.48932
-1.4856
-1.48433
-1.48004
-1.47783
-1.47494
-1.47075
-1.4693
-1.46546
-1.46329
-1.45979
-1.45876
-1.45766
-1.45628
-1.44893
-1.44499
-1.44353
-1.44171
-1.43978
-1.43971
-1.43657
-1.43031
-1.42685
-1.42564
-1.42509
-1.42012
-1.41891
-1.41713
-1.41595
-1.41176
-1.40885
-1.40768
-1.4038
-1.40182
-1.39809
-1.39388
-1.39317
-1.39169
-1.38772
-1.38418
-1.38318
-1.3792
-1.37816
-1.37435
-1.37212
-1.37112
-1.36563
-1.36422
-1.36226
-1.35962
-1.35533
-1.35101
-1.34908
-1.34836
-1.34621
-1.34231
-1.33922
-1.33727
-1.33509
-1.33428
-1.33204
-1.32819
-1.32461
-1.32234
-1.32025
-1.31764
-1.31673
-1.31588
-1.31232
-1.30885
-1.30675
-1.30419
-1.29877
-1.2974
-1.29641
-1.29499
-1.29296
-1.28695
-1.28494
-1.28252
-1.28068
-1.27726
-1.27581
-1.27291
-1.268
-1.26535
-1.26401
-1.26105
-1.25869
-1.25532
-1.25466
-1.253
-1.24977
-1.24761
-1.24294
-1.24146
-1.24069
-1.23811
-1.23541
-1.23376
-1.23001
-1.22897
-1.22507
-1.22386
-1.22213
-1.22148
-1.21735
-1.21599
-1.21279
-1.20836
-1.2073
-1.20413
-1.20258
-1.19919
-1.19811
-1.19637
-1.19341
-1.19075
-1.1903
-1.18678
-1.18103
-1.17988
-1.17766
-1.17317
-1.17069
-1.16935
-1.16775
-1.16546
-1.16268
-1.15818
-1.15667
-1.15103
-1.15045
-1.14891
-1.14706
-1.144
-1.14213
-1.13852
-1.13563
-1.13213
-1.13057
-1.12714
-1.12599
-1.12355
-1.12298
-1.11933
-1.11536
-1.11046
-1.10965
-1.10836
-1.10673
-1.10121
-1.09916
-1.09537
-1.09362
-1.09228
-1.0888
-1.08493
-1.08255
-1.07882
-1.07709
-1.0735
-1.06969
-1.0688
-1.0668
-1.06125
-1.05684
-1.05383
-1.05299
-1.05001
-1.04811
-1.04644
-1.04313
-1.0409
-1.03857
-1.03771
-1.03434
-1.0339
-1.03153
-1.02884
-1.0256
-1.02265
-1.01669
-1.01426
-1.01228
-1.01087
-1.00829
-1.00569
-1.00199
-1.00046
-0.999132
-0.993287
-0.990155
-0.989279
-0.984175
-0.982517
-0.979359
-0.976284
-0.97405
-0.969754
-0.968341
-0.967248
-0.9646
-0.964316
-0.959664
-0.95753
-0.951679
-0.948718
-0.94708
-0.946791
-0.943917
-0.942406
-0.939161
-0.937038
-0.93315
-0.929628
-0.927936
-0.926247
-0.922109
-0.919618
-0.917163
-0.916015
-0.914583
-0.911996
-0.909193
-0.907562
-0.905975
-0.90331
-0.901758
-0.898851
-0.896099
-0.89084
-0.890232
-0.88646
-0.885512
-0.880725
-0.879897
-0.877302
-0.87549
-0.872454
-0.869242
-0.865712
-0.863622
-0.860897
-0.859394
-0.85539
-0.854708
-0.852225
-0.849786
-0.846768
-0.845508
-0.844222
-0.839473
-0.837337
-0.8346
-0.833354
-0.829562
-0.828878
-0.823996
-0.823445
-0.820647
-0.816032
-0.815153
-0.813371
-0.81076
-0.808918
-0.805923
-0.804258
-0.800878
-0.798741
-0.793253
-0.792553
-0.790735
-0.790115
-0.786522
-0.785236
-0.783505
-0.777787
-0.775958
-0.772677
-0.771169
-0.768237
-0.765162
-0.763123
-0.758453
-0.755354
-0.75266
-0.749656
-0.744456
-0.740992
-0.73834
-0.736402
-0.732336
-0.730385
-0.72999
-0.723868
-0.71846
-0.716959
-0.7157
-0.713914
-0.712038
-0.706048
-0.703772
-0.701971
-0.701792
-0.701031
-0.696181
-0.694599
-0.689217
-0.686679
-0.682345
-0.681442
-0.6775
-0.676562
-0.673432
-0.672172
-0.67063
-0.665835
-0.663886
-0.65993
-0.658269
-0.653079
-0.652013
-0.650861
-0.648843
-0.646609
-0.644325
-0.643009
-0.641275
-0.638424
-0.636542
-0.634349
-0.632549
-0.630224
-0.627965
-0.619406
-0.617452
-0.615897
-0.61443
-0.612376
-0.607372
-0.606227
-0.604971
-0.601208
-0.595376
-0.593118
-0.589842
-0.58787
-0.585981
-0.581643
-0.579993
-0.575652
-0.573379
-0.572408
-0.567986
-0.56608
-0.565498
-0.561251
-0.558694
-0.557082
-0.555252
-0.550064
-0.547079
-0.544994
-0.541713
-0.540749
-0.538018
-0.53493
-0.534197
-0.527792
-0.526922
-0.523409
-0.522066
-0.520302
-0.51796
-0.515111
-0.512144
-0.508827
-0.505117
-0.502146
-0.500563
-0.499257
-0.495234
-0.493425
-0.491338
-0.489834
-0.487076
-0.481629
-0.480556
-0.476921
-0.472569
-0.47103
-0.470179
-0.46862
-0.466128
-0.462517
-0.46077
-0.456778
-0.456315
-0.45147
-0.449784
-0.448267
-0.446933
-0.439675
-0.437522
-0.436752
-0.434288
-0.431275
-0.42753
-0.425875
-0.4228
-0.420561
-0.41944
-0.418084
-0.415459
-0.41513
-0.410029
-0.407195
-0.404158
-0.401444
-0.397718
-0.396555
-0.392507
-0.388625
-0.386297
-0.38376
-0.382658
-0.381506
-0.380391
-0.375769
-0.370671
-0.369359
-0.367616
-0.364601
-0.363296
-0.362686
-0.357353
-0.354372
-0.353598
-0.350057
-0.347984
-0.345555
-0.341343
-0.338237
-0.335742
-0.335367
-0.332104
-0.32927
-0.328716
-0.326833
-0.325421
-0.320691
-0.31943
-0.315196
-0.312956
-0.308971
-0.306415
-0.305475
-0.302646
-0.301041
-0.295847
-0.295838
-0.29499
-0.294053
-0.291517
-0.286727
-0.28456
-0.282513
-0.280561
-0.27876
-0.277506
-0.273793
-0.271144
-0.270127
-0.269069
-0.264381
-0.263549
-0.260012
-0.257946
-0.257092
-0.254075
-0.253381
-0.250393
-0.247374
-0.243695
-0.240426
-0.239222
-0.237639
-0.236238
-0.233699
-0.231346
-0.229577
-0.226414
-0.225589
-0.222152
-0.218793
-0.218227
-0.211325
-0.210245
-0.208298
-0.206984
-0.204559
-0.20257
-0.200015
-0.197535
-0.194869
-0.19192
-0.19086
-0.188252
-0.186927
-0.185244
-0.184254
-0.181497
-0.180226
-0.178783
-0.176819
-0.172275
-0.16966
-0.166173
-0.165278
-0.164648
-0.160196
-0.156445
-0.155591
-0.154977
-0.150511
-0.147607
-0.143551
-0.142031
-0.13921
-0.136612
-0.136317
-0.131135
-0.128066
-0.126923
-0.125788
-0.12306
-0.122141
-0.115846
-0.115263
-0.112557
-0.108685
-0.105881
-0.103874
-0.103378
-0.101192
-0.100736
-0.0987526
-0.0951497
-0.0908709
-0.090197
-0.0871085
-0.0860083
-0.0828326
-0.0794469
-0.0778737
-0.076606
-0.073023
-0.0694908
-0.0638511
-0.0617516
-0.0602458
-0.0590321
-0.0561995
-0.0533768
-0.0522785
-0.0484778
-0.0467036
-0.0432022
-0.0415231
-0.0381643
-0.0351713
-0.0334041
-0.0321744
-0.029658
-0.028461
-0.0251339
-0.0211571
-0.0182655
-0.0166762
-0.0137674
-0.0122528
-0.0114153
-0.00963939
-0.00651109
-0.00587655
-0.0026866
-0.00202173
-0.00153341
0
0.00230744
0.007889
0.0113905
0.0128019
0.0141845
0.0165384
0.0211724
0.0227611
0.0254358
0.0273586
0.0312077
0.0331658
0.0338759
0.0371194
0.042229
0.0430423
0.0472626
0.0480704
0.0503628
0.0531449
0.0562601
0.0590848
0.061661
0.0619234
0.0654194
0.0665843
0.0681507
0.0731717
0.0742118
0.0757026
0.0765428
0.0795421
0.0852895
0.0860021
0.0878443
0.0902523
0.0922406
0.0957554
0.099177
0.101427
0.102845
0.105275
0.108085
0.110357
0.114858
0.119021
0.122516
0.123237
0.125293
0.126621
0.129195
0.131831
0.134537
0.135704
0.136909
0.140282
0.143648
0.147882
0.147984
0.150417
0.152989
0.155723
0.160263
0.160885
0.162782
0.166572
0.170559
0.172638
0.176254
0.178505
0.182237
0.183369
0.186147
0.189232
0.190113
0.191906
0.193267
0.197314
0.203297
0.204689
0.206506
0.210061
0.212822
0.215846
0.216835
0.22108
0.221526
0.224521
0.227047
0.230222
0.232296
0.233911
0.237588
0.240451
0.242918
0.244709
0.248889
0.252557
0.254528
0.256323
0.261069
0.263164
0.265369
0.266273
0.269066
0.272689
0.275933
0.277471
0.28074
0.283479
0.286342
0.289583
0.29008
0.294217
0.295945
0.3009
0.303291
0.304083
0.3063
0.309527
0.312169
0.314166
0.316818
0.32095
0.324809
0.325062
0.328891
0.330516
0.331879
0.337557
0.340207
0.342668
0.343835
0.346928
0.349559
0.351015
0.352146
0.355894
0.358216
0.362046
0.366126
0.370611
0.372838
0.374395
0.376582
0.378198
0.381195
0.383512
0.384794
0.387664
0.393943
0.395247
0.396205
0.398577
0.404439
0.405826
0.40905
0.414606
0.415848
0.418516
0.424474
0.425118
0.429287
0.43143
0.4324
0.438544
0.442145
0.444931
0.446089
0.449471
0.45072
0.452696
0.455793
0.457021
0.460245
0.461327
0.468255
0.469153
0.470741
0.472731
0.477084
0.481043
0.483214
0.483982
0.487525
0.490454
0.495823
0.496542
0.499394
0.503016
0.504915
0.509681
0.512079
0.515386
0.519528
0.521442
0.522927
0.525178
0.527479
0.528562
0.533337
0.535515
0.542499
0.543406
0.547326
0.548612
0.551756
0.553813
0.555293
0.556631
0.559154
0.562632
0.564921
0.569608
0.571505
0.572178
0.575955
0.580764
0.583057
0.585833
0.588818
0.591523
0.5927
0.596437
0.599804
0.600421
0.605137
0.608754
0.610797
0.612077
0.614332
0.617738
0.620277
0.621823
0.623226
0.625765
0.628575
0.631601
0.633502
0.636622
0.638868
0.640715
0.643054
0.645119
0.646607
0.650059
0.65194
0.654214
0.656305
0.65995
0.662951
0.66432
0.668038
0.668814
0.669575
0.674304
0.677732
0.679227
0.680025
0.687954
0.690177
0.69127
0.693919
0.695816
0.701607
0.702282
0.705087
0.707029
0.709537
0.71373
0.716844
0.719908
0.721954
0.722326
0.725807
0.728111
0.730614
0.732109
0.736682
0.737793
0.7398
0.742278
0.746388
0.750312
0.752314
0.755337
0.756419
0.759329
0.760468
0.76581
0.768774
0.77408
0.776281
0.778211
0.781221
0.782823
0.784407
0.786084
0.789572
0.792961
0.794598
0.79522
0.798544
0.800372
0.804332
0.807671
0.808458
0.810611
0.812448
0.816921
0.822448
0.824328
0.825908
0.82783
0.82977
0.830479
0.832693
0.835938
0.841097
0.842878
0.847263
0.850992
0.855683
0.858878
0.861092
0.862138
0.864693
0.86998
0.872423
0.876305
0.878408
0.881004
0.882777
0.88467
0.888208
0.890516
0.895259
0.89618
0.898717
0.902118
0.90353
0.906802
0.909111
0.912161
0.914575
0.91715
0.923983
0.925291
0.927391
0.929787
0.932167
0.934334
0.940478
0.942437
0.943469
0.94505
0.949038
0.950784
0.95257
0.953232
0.957876
0.962447
0.963868
0.965157
0.970088
0.971074
0.974401
0.975643
0.979549
0.983315
0.987116
0.989784
0.991934
0.995829
0.99853
0.999459
1.00396
1.00538
1.00827
1.01075
1.01566
1.01762
1.02129
1.02182
1.02508
1.02825
1.02975
1.03346
1.03492
1.03737
1.04269
1.04559
1.04753
1.04963
1.05525
1.05652
1.06
1.0623
1.06358
1.06502
1.07019
1.07152
1.0724
1.07552
1.07886
1.08197
1.0846
1.08919
1.09043
1.09189
1.09613
1.09973
1.10057
1.10292
1.10346
1.10699
1.10869
1.11399
1.11553
1.11744
1.11969
1.12269
1.12572
1.12753
1.13229
1.13292
1.1338
1.13644
1.13725
1.13953
1.14626
1.14779
1.15059
1.15254
1.15347
1.15637
1.15995
1.16072
1.16234
1.16463
1.16764
1.17063
1.17349
1.17475
1.17711
1.17877
1.18206
1.18538
1.18774
1.19078
1.19111
1.19346
1.19697
1.19875
1.20028
1.20524
1.20643
1.21052
1.21071
1.21449
1.21751
1.22199
1.22347
1.22631
1.22779
1.22938
1.23107
1.23292
1.23487
1.2396
1.24116
1.24416
1.24572
1.25188
1.25713
1.2578
1.26047
1.26071
1.26309
1.26584
1.26938
1.27229
1.27495
1.27807
1.28135
1.28321
1.2859
1.28772
1.29061
1.29518
1.29668
1.29977
1.3021
1.30367
1.3063
1.3086
1.31139
1.31377
1.31676
1.31718
1.32023
1.32419
1.3249
1.32712
1.33196
1.33352
1.33444
1.33878
1.34094
1.34207
1.34461
1.34915
1.35098
1.35219
1.35257
1.35649
1.36131
1.3655
1.36726
1.37126
1.37308
1.37579
1.37967
1.38268
1.38543
1.38913
1.39192
1.39506
1.39569
1.39831
1.4
1.40252
1.40417
1.40877
1.40936
1.41268
1.4158
1.41607
1.42019
1.42257
1.42547
1.42639
1.43098
1.43194
1.43402
1.43552
1.43808
1.4435
1.44783
1.44929
1.45281
1.45548
1.4568
1.45846
1.46269
1.46599
1.46773
1.47063
1.47274
1.47704
1.47944
1.48076
1.48312
1.48798
1.48975
1.49183
1.49419
1.49675
1.49903
1.50174
1.50331
1.50437
1.50821
1.51301
1.51308
1.5176
1.52179
1.52379
1.52718
1.52918
1.53292
1.5342
1.5358
1.53963
1.54381
1.54683
1.54957
1.55073
1.55222
1.55505
1.55647
1.56103
1.56276
1.56726
1.56846
1.56931
1.57293
1.57413
1.57569
1.57784
1.58172
1.58629
1.58763
1.59241
1.59529
1.59584
1.59718
1.5982
1.60304
1.60334
1.60677
1.60795
1.61039
1.61284
1.61675
1.61849
1.62166
1.62407
1.62613
1.62897
1.63001
1.63193
1.63523
1.63754
1.64027
1.64558
1.6474
1.64861
1.6526
1.65517
1.65608
1.65763
1.66081
1.66547
1.667
1.66875
1.67288
1.67382
1.6793
1.68008
1.68307
1.68593
1.68651
1.69068
1.69389
1.69495
1.6961
1.6991
1.70042
1.70474
1.70594
1.708
1.70964
1.71404
1.71581
1.71881
1.71984
1.72155
1.72406
1.72784
1.73283
1.73491
1.73607
1.73781
1.74028
1.74146
1.74434
1.7472
1.74881
1.75446
1.75678
1.76259
1.76503
1.76686
1.76983
1.77194
1.77321
1.77582
1.77864
1.7821
1.78459
1.78647
1.78916
1.79177
1.7924
1.7974
1.80041
1.80227
1.80268
1.80455
1.80842
1.81041
1.81272
1.81584
1.81721
1.81829
1.8228
1.82426
1.82841
1.8293
1.83316
1.83484
1.83538
1.83813
1.83985
1.84176
1.84689
1.85038
1.85071
1.85398
1.85925
1.86026
1.86239
1.86442
1.86658
1.87217
1.87243
1.87597
1.87775
1.88249
1.88591
1.88645
1.88833
1.89016
1.89146
1.89331
1.89665
1.90001
1.90485
1.9054
1.90894
1.91143
1.91284
1.91545
1.91699
1.91941
1.92043
1.9245
1.9279
1.92976
1.9318
1.93532
1.93793
1.93906
1.94069
1.94393
1.94652
1.94894
1.9504
1.95268
1.95532
1.958
1.96171
1.96192
1.96467
1.96835
1.97118
1.9727
1.97475
1.97668
1.98026
1.98262
1.98417
1.98943
1.99115
1.99374
1.99488
1.99798
1.99909
2.00317
2.0032
2.00628
2.00936
2.01236
2.01541
2.01676
2.02149
2.02267
2.02364
2.02378
2.02814
2.02967
2.03358
2.03564
2.0379
2.03847
2.04065
2.04502
2.04529
2.04884
2.05378
2.05483
2.05684
2.05973
2.0622
2.0635
2.06483
2.06794
2.06819
2.07232
2.07454
2.07714
2.0787
2.08177
2.08483
2.08791
2.08965
2.09051
2.09379
2.09424
2.0976
2.10043
2.104
2.10406
2.10672
2.10897
2.11566
2.11631
2.11863
2.12078
2.12247
2.12597
2.12692
2.12885
2.13014
2.13182
2.13377
2.13973
2.14158
2.14277
2.14322
2.14912
2.15181
2.1533
2.15481
2.15975
2.16186
2.16267
2.16555
2.16954
2.17244
2.17566
2.17657
2.17887
2.18143
2.18242
2.18418
2.18786
2.18959
2.19339
2.195
2.19839
2.19982
2.2031
2.20351
2.20781
2.21129
2.21258
2.21685
2.21899
2.21949
2.22331
2.22761
2.23197
2.23556
2.23777
2.23923
2.24151
2.24334
2.2454
2.24918
2.25027
2.25111
2.25407
2.25473
2.25964
2.26012
2.26304
2.26616
2.26873
2.27277
2.2742
2.27701
2.27873
2.28287
2.28394
2.28433
2.28657
2.2897
2.29074
2.29267
2.29591
2.29901
2.29992
2.30555
2.30595
2.30835
2.31236
2.31358
2.31633
2.31787
2.32046
2.32238
2.32298
2.32544
2.32786
2.32975
2.33079
2.33395
2.33929
2.34104
2.34274
2.34578
2.34692
2.34996
2.35218
2.35337
2.35707
2.36024
2.36263
2.36326
2.36734
2.36945
2.37232
2.37488
2.3788
2.3799
2.38235
2.3844
2.38666
2.38716
2.39204
2.39672
2.3988
2.40222
2.40564
2.40646
2.40925
2.41094
2.41391
2.41586
2.41809
2.42231
2.42552
2.42945
2.43069
2.43366
2.43585
2.43935
2.44231
2.44304
2.44503
2.44878
2.44897
2.45365
2.45553
2.45823
2.46122
2.46332
2.46769
2.4688
2.46997
2.47194
2.47313
2.47719
2.47907
2.48108
2.48312
2.48561
2.48577
2.48961
2.49112
2.49224
2.49289
2.49652
2.49842
2.50198
2.50346
2.50554
2.50884
2.51046
2.51491
2.51567
2.52158
2.5236
2.52527
2.52676
2.52938
2.5313
2.53318
2.53624
2.53991
2.54199
2.54227
2.54325
2.54925
2.55264
2.55557
2.55916
2.56075
2.56232
2.56438
2.56534
2.56771
2.57175
2.57512
2.57552
2.57697
2.57979
2.58161
2.584
2.58688
2.58799
2.59054
2.59438
2.59452
2.5974
2.60094
2.60499
2.60726
2.60885
2.61011
2.61495
2.61824
2.61973
2.62098
2.62394
2.62517
2.62809
2.62871
2.63131
2.63335
2.63459
2.63637
2.63822
2.64
2.64476
2.64796
2.65024
2.65125
2.65275
2.65433
2.65879
2.6599
2.66224
2.66716
2.66885
2.66981
2.67155
2.67566
2.67672
2.67852
2.68154
2.68569
2.68614
2.68752
2.68887
2.69196
2.69504
2.69804
2.69955
2.70091
2.70335
2.70674
2.70797
2.71
2.7125
2.71443
2.71655
2.71922
2.72053
2.72332
2.72604
2.72691
2.72897
2.73036
2.73222
2.73767
2.73976
2.74196
2.74418
2.74624
2.74842
2.74872
2.75068
2.75497
2.75744
2.76005
2.7616
2.763
2.76345
2.76675
2.76929
2.7732
2.77477
2.77939
2.7807
2.78214
2.78404
2.78621
2.7909
2.79364
2.79623
2.79683
2.79924
2.80254
2.80297
2.80653
2.80923
2.8123
2.81364
2.81791
2.81833
2.82294
2.82446
2.82563
2.82924
2.82995
2.8329
2.83519
2.83755
2.83939
2.84014
2.84282
2.84615
2.84632
2.84865
2.85005
2.85509
2.85712
2.85909
2.86209
2.86331
2.86408
2.86528
2.87075
2.8722
2.8748
2.87584
2.87739
2.8787
2.88327
2.88635
2.89005
2.89078
2.89218
2.89339
2.89613
2.89676
2.90033
2.90206
2.90568
2.90823
2.91254
2.91292
2.91742
2.91948
2.92239
2.92323
2.92414
2.92649
2.92903
2.93238
2.93491
2.93749
2.9394
2.94108
2.94285
2.94382
2.94577
2.94992
2.95192
2.95422
2.95829
2.96239
2.96277
2.9647
2.96925
2.97118
2.97142
2.97411
2.97602
2.9775
2.9808
2.98445
2.9868
2.98802
2.99237
2.99536
2.99773
3.00049
3.00395
3.00682
3.01062
3.01116
3.01516
3.01542
3.01772
3.02068
3.02402
3.02507
3.02679
3.02841
3.03157
3.03469
3.03594
3.0394
3.03995
3.04431
3.04597
3.04661
3.04988
3.05071
3.05736
3.05826
3.05878
3.06243
3.06582
3.06811
3.06856
3.0737
3.07617
3.07848
3.07947
3.08102
3.08539
3.08782
3.09171
3.09322
3.09587
3.09876
3.10373
3.10644
3.10879
3.10935
3.11092
3.11392
3.11652
3.11878
3.12167
3.12495
3.12735
3.13018
3.13287
3.13627
3.13664
3.14092
3.14395
3.14548
3.1477
3.14891
3.15133
3.15529
3.15609
3.15808
3.16106
3.16456
3.16641
3.17001
3.17083
3.17271
3.17736
3.17779
3.17895
3.18178
3.1856
3.18808
3.1914
3.19497
3.19722
3.19859
3.20038
3.20509
3.20667
3.21167
3.21276
3.21675
3.21813
3.22248
3.22478
3.22793
3.22936
3.23315
3.23435
3.23529
3.23753
3.2402
3.2445
3.24529
3.24882
3.24972
3.25186
3.25321
3.25422
3.25742
3.25977
3.26222
3.26278
3.26651
3.26884
3.27058
3.27703
3.2792
3.28046
3.28272
3.28842
3.28884
3.29212
3.2959
3.2972
3.29865
3.30117
3.30458
3.30647
3.30894
3.30975
3.31223
3.31762
3.32098
3.3227
3.32331
3.32501
3.32757
3.33082
3.33212
3.33481
3.33605
3.33974
3.34268
3.34435
3.34708
3.34928
3.35186
3.35451
3.35833
3.36073
3.36486
3.36706
3.36845
3.3702
3.37198
3.37528
3.37654
3.37796
3.3807
3.38284
3.38448
3.38761
3.39092
3.39294
3.39648
3.39891
3.40085
3.40173
3.40651
3.40825
3.4118
3.41382
3.41587
3.41823
3.41984
3.42567
3.42687
3.42946
3.43194
3.43324
3.43774
3.44045
3.44482
3.44645
3.44985
3.45173
3.45523
3.45572
3.46022
3.4637
3.46395
3.46507
3.46819
3.47092
3.47433
3.47677
3.4771
3.47896
3.48305
3.48452
3.48848
3.49075
3.49244
3.49566
3.49699
3.50025
3.503
3.505
3.50849
3.51034
3.51246
3.51531
3.51795
3.51942
3.52113
3.52516
3.5286
3.52962
3.53036
3.53577
3.53645
3.53907
3.54217
3.54359
3.54649
3.54769
3.54783
3.55167
3.55382
3.55716
3.558
3.55902
3.56262
3.56567
3.5661
3.56822
3.57304
3.57388
3.57587
3.58164
3.58378
3.58623
3.58823
3.59065
3.5913
3.59459
3.59813
3.59959
3.60283
3.60682
3.61177
3.61277
3.61534
3.61585
3.61671
3.62042
3.62335
3.62691
3.62782
3.62943
3.63568
3.63685
3.63961
3.64327
3.64416
3.64616
3.65115
3.6527
3.65425
3.65653
3.65811
3.66046
3.66511
3.66949
3.67
3.67541
3.67724
3.67894
3.68368
3.68453
3.6862
3.68916
3.68961
3.69247
3.69506
3.70179
3.70233
3.70566
3.70728
3.71169
3.71378
3.71501
3.71789
3.71986
3.72441
3.72605
3.72744
3.72853
3.7309
3.7356
3.73688
3.73753
3.74265
3.74386
3.74541
3.74616
3.75133
3.7531
3.75541
3.75965
3.764
3.76627
3.76829
3.77137
3.77409
3.7788
3.78241
3.78466
3.785
3.79132
3.79251
3.79307
3.79581
3.80333
3.80436
3.80497
3.80752
3.80884
3.81264
3.81495
3.8153
3.81557
3.82074
3.82145
3.82575
3.8287
3.83189
3.83425
3.83628
3.83988
3.84159
3.84458
3.8453
3.85155
3.85485
3.85583
3.85935
3.86114
3.86268
3.86873
3.86933
3.86954
3.87081
3.87714
3.87781
3.88135
3.88434
3.88579
3.8897
3.89181
3.89577
3.8969
3.89889
3.90151
3.90316
3.90684
3.90919
3.91313
3.91547
3.91922
3.92422
3.92673
3.92756
3.93044
3.93236
3.93455
3.93654
3.94178
3.94633
3.94727
3.94876
3.95051
3.95145
3.95378
3.95683
3.95786
3.96056
3.96188
3.96713
3.97023
3.97287
3.9773
3.97758
3.98038
3.98501
3.9865
3.99095
3.99186
3.9945
3.99767
4.00211
4.00346
4.00557
4.01045
4.01258
4.01478
4.01529
4.0182
4.02198
4.02267
4.02548
4.029
4.03287
4.03384
4.03679
4.04027
4.04145
4.0473
4.04861
4.05226
4.05331
4.05504
4.05772
4.05999
4.06459
4.06718
4.06992
4.07463
4.07729
4.07868
4.08017
4.08317
4.08744
4.08968
4.09292
4.09672
4.09906
4.10164
4.1023
4.10591
4.10761
4.11043
4.11214
4.11349
4.11638
4.12033
4.1209
4.12519
4.12683
4.12963
4.13083
4.13156
4.13636
4.13704
4.14134
4.14317
4.14674
4.14868
4.15115
4.15321
4.15652
4.15792
4.16413
4.165
4.16658
4.16913
4.17188
4.17291
4.17449
4.17708
4.18313
4.18479
4.18716
4.19009
4.19129
4.19255
4.19529
4.19939
4.20017
4.20347
4.20701
4.21031
4.21174
4.21511
4.2163
4.21846
4.22063
4.22455
4.22595
4.22845
4.23135
4.23386
4.23709
4.23769
4.24183
4.2462
4.24834
4.25264
4.25507
4.25672
4.25766
4.26154
4.26476
4.2662
4.26838
4.26951
4.27286
4.27762
4.27888
4.28028
4.28296
4.28548
4.2873
4.29056
4.29412
4.29866
4.30104
4.30495
4.30645
4.30913
4.31033
4.31329
4.3175
4.31932
4.3244
4.32532
4.3283
4.32839
4.33394
4.33721
4.34063
4.34329
4.345
4.34605
4.34872
4.34958
4.35716
4.35816
4.36102
4.36221
4.3638
4.3663
4.37138
4.37452
4.37539
4.37779
4.38193
4.38246
4.38477
4.39144
4.39378
4.39409
4.39525
4.39809
4.4006
4.40457
4.40524
4.4074
4.4125
4.41298
4.41604
4.41891
4.42243
4.4249
4.4267
4.43145
4.43227
4.43526
4.43854
4.43975
4.44223
4.44671
4.44856
4.4503
4.45205
4.45637
4.46032
4.46225
4.46395
4.46815
4.47
4.4726
4.47407
4.47671
4.47836
4.48246
4.48418
4.48523
4.49056
4.49302
4.49469
4.49704
4.50123
4.50784
4.50984
4.51161
4.51379
4.51544
4.51865
4.52125
4.52308
4.52528
4.52743
4.52909
4.53124
4.53388
4.53723
4.53792
4.54048
4.5424
4.54623
4.54822
4.55152
4.55705
4.55783
4.55987
4.56249
4.56542
4.56739
4.56832
4.57173
4.57638
4.57852
4.57989
4.58307
4.58758
4.5888
4.58961
4.59213
4.59468
4.59875
4.60269
4.60618
4.60772
4.61119
4.61446
4.61609
4.61921
4.62544
4.62697
4.62911
4.63257
4.63602
4.63893
4.63912
4.64378
4.64678
4.64787
4.65087
4.65357
4.65446
4.66089
4.66253
4.66433
4.6668
4.6709
4.67208
4.6765
4.67857
4.68008
4.68394
4.68502
4.68979
4.69117
4.694
4.69487
4.69995
4.70184
4.70416
4.70707
4.7091
4.71387
4.71721
4.71964
4.72527
4.72696
4.72895
4.72942
4.73119
4.73369
4.73578
4.73879
4.74191
4.74363
4.74467
4.74804
4.75492
4.75636
4.75975
4.76251
4.76542
4.76683
4.77164
4.77406
4.77598
4.77759
4.78058
4.78325
4.78725
4.79316
4.7958
4.79741
4.79969
4.80224
4.80362
4.80879
4.81052
4.81188
4.81342
4.81879
4.82027
4.82266
4.82515
4.82805
4.8293
4.83246
4.83478
4.83847
4.84038
4.84332
4.84584
4.8488
4.85265
4.85338
4.856
4.85818
4.86065
4.86377
4.86617
4.86904
4.87151
4.87281
4.88158
4.88299
4.88583
4.88683
4.88935
4.89166
4.89637
4.90083
4.90212
4.9053
4.90739
4.90971
4.91319
4.91684
4.9203
4.92144
4.92215
4.92612
4.92696
4.92863
4.93045
4.93379
4.93573
4.93721
4.9402
4.94409
4.94687
4.95134
4.95291
4.9542
4.95777
4.96125
4.96146
4.96652
4.96743
4.97026
4.97544
4.97844
4.9808
4.98377
4.98702
4.9895
4.99027
4.9939
4.99571
5.00439
5.0053
5.00898
5.00968
5.01073
5.01183
5.01273
5.01777
5.02368
5.02552
5.02801
5.02987
5.03085
5.03577
5.03859
5.04204
5.04587
5.04845
5.05117
5.05561
5.0568
5.05825
5.0616
5.06283
5.06472
5.0734
5.07399
5.07798
5.07941
5.08403
5.08637
5.08845
5.08965
5.09237
5.09456
5.09972
5.10344
5.10632
5.1097
5.11083
5.11266
5.11511
5.11895
5.12349
5.125
5.12807
5.1312
5.13381
5.13451
5.13976
5.14084
5.14311
5.14687
5.14729
5.1486
5.15329
5.15823
5.15995
5.16316
5.16832
5.16893
5.17016
5.17267
5.17871
5.18077
5.18238
5.1854
5.18869
5.18925
5.19117
5.19475
5.19684
5.20106
5.20217
5.20625
5.20853
5.21157
5.21473
5.21672
5.22007
5.2225
5.22431
5.2271
5.23051
5.23198
5.23489
5.23763
5.23951
5.24229
5.24535
5.24839
5.25062
5.25442
5.25633
5.26069
5.2635
5.26477
5.26832
5.27069
5.27438
5.27463
5.27875
5.28079
5.28169
5.2871
5.2893
5.29039
5.29411
5.29654
5.29914
5.30003
5.30139
5.30752
5.30958
5.31056
5.31391
5.31676
5.32365
5.32537
5.32638
5.32998
5.33239
5.33555
5.33648
5.33953
5.34049
5.34204
5.34519
5.34818
5.35074
5.35325
5.35667
5.35926
5.36314
5.36389
5.36717
5.37108
5.37635
5.37752
5.37949
5.38113
5.38368
5.38541
5.38883
5.39066
5.39323
5.39558
5.40093
5.40499
5.40696
5.40786
5.41129
5.41347
5.41573
5.42004
5.42165
5.42539
5.42878
5.43066
5.43641
5.43691
5.43969
5.44387
5.44508
5.44693
5.45
5.45709
5.45828
5.46315
5.46668
5.46713
5.46979
5.47071
5.47435
5.47575
5.47866
5.48224
5.48289
5.48622
5.48863
5.49057
5.49168
5.49445
5.49921
5.50028
5.50291
5.50626
5.50724
5.51115
5.51236
5.51547
5.51831
5.52131
5.52379
5.52638
5.5308
5.53274
5.53688
5.53936
5.54204
5.54397
5.54601
5.54906
5.55124
5.55309
5.55362
5.558
5.56054
5.56186
5.56703
5.56948
5.57152
5.57286
5.57764
5.58159
5.582
5.58446
5.58692
5.59104
5.59286
5.5963
5.59733
5.59874
5.60269
5.60517
5.60845
5.61021
5.61743
5.61892
5.62043
5.62617
5.62826
5.62985
5.63406
5.6347
5.6381
5.63936
5.64378
5.64724
5.64956
5.65153
5.65476
5.6578
5.65852
5.66348
5.66576
5.66906
5.67278
5.6735
5.67607
5.67874
5.68013
5.68166
5.68625
5.69181
5.69341
5.69579
5.69642
5.69827
5.70377
5.70547
5.70903
5.71119
5.71194
5.7183
5.71845
5.72105
5.7222
5.7255
5.72638
5.73213
5.73568
5.73617
5.73903
5.7421
5.74407
5.74817
5.75248
5.75441
5.75529
5.75795
5.7583
5.76324
5.76428
5.76609
5.76969
5.77084
5.77298
5.77628
5.77813
5.78114
5.78669
5.78818
5.79209
5.79489
5.79544
5.79886
5.80042
5.80396
5.80751
5.80938
5.81227
5.81468
5.81628
5.81722
5.82017
5.82097
5.82232
5.82521
5.82909
5.8326
5.8377
5.84092
5.84201
5.84378
5.84621
5.8518
5.85186
5.85345
5.8552
5.86217
5.86367
5.86516
5.86546
5.86901
5.87304
5.87411
5.87737
5.87963
5.88194
5.88493
5.88583
5.88854
5.89155
5.89347
5.89865
5.8998
5.90241
5.90419
5.90729
5.90936
5.91265
5.91429
5.91561
5.91791
5.92015
5.92405
5.9251
5.93012
5.93171
5.93248
5.93436
5.93728
5.94312
5.94458
5.94995
5.95274
5.95626
5.95791
5.95963
5.96324
5.96521
5.96758
5.96883
5.97268
5.97792
5.97839
5.98055
5.9862
5.98814
5.99148
5.99378
5.99655
5.998
6.00043
6.0034
6.0047
6.00548
6.00937
6.0121
6.01363
6.01507
6.02013
6.02328
6.02595
6.02752
6.02764
6.03134
6.03236
6.03564
6.03823
6.03859
6.04207
6.04618
6.05027
6.05224
6.05323
6.05371
6.05863
6.06044
6.06301
6.06404
6.06553
6.06884
6.07089
6.07286
6.07605
6.07767
6.08132
6.08467
6.08592
6.0889
6.0926
6.09507
6.09856
6.1001
6.10492
6.10669
6.10731
6.10968
6.11191
6.11482
6.11713
6.11895
6.12358
6.12601
6.12742
6.1292
6.13339
6.13476
6.13865
6.14398
6.145
6.14824
6.14975
6.15151
6.15477
6.15647
6.15848
6.15973
6.1636
6.167
6.16873
6.1715
6.17359
6.17549
6.17688
6.18039
6.18238
6.18584
6.18948
6.19133
6.19241
6.19371
6.19846
6.20208
6.20523
6.20787
6.20898
6.21074
6.21361
6.21498
6.22026
6.22282
6.22553
6.22788
6.22814
6.23117
6.23287
6.23617
6.2393
6.24136
6.2414
6.24524
6.25135
6.25199
6.25475
6.25938
6.26096
6.2642
6.26654
6.27036
6.27149
6.27462
6.27616
6.2799
6.28111
6.2822
6.28811
6.29125
6.29369
6.29603
6.30065
6.30227
6.30714
6.30868
6.30903
6.31241
6.31343
6.31654
6.31959
6.32276
6.32414
6.32563
6.33053
6.33405
6.33602
6.33865
6.33939
6.34225
6.34283
6.34802
6.34874
6.35064
6.3553
6.35668
6.35939
6.36077
6.36393
6.36564
6.36844
6.37066
6.37195
6.37719
6.37892
6.38052
6.3831
6.38576
6.38769
6.3891
6.38988
6.39573
6.39935
6.40155
6.40186
6.40475
6.40713
6.40948
6.41089
6.41215
6.41585
6.41704
6.41957
6.42527
6.42838
6.43034
6.43118
6.43209
6.43802
6.44281
6.44709
6.44793
6.45238
6.45573
6.45781
6.45981
6.46412
6.46746
6.46972
6.47464
6.47718
6.47963
6.48148
6.48362
6.48636
6.49112
6.49463
6.49873
6.49944
6.50037
6.50168
6.50367
6.50806
6.51132
6.51296
6.51489
6.51904
6.51986
6.52317
6.52537
6.52939
6.53038
6.5313
6.53404
6.53865
6.54187
6.54447
6.5471
6.55189
6.55334
6.55527
6.55611
6.55915
6.56152
6.5649
6.56694
6.56921
6.57124
6.57345
6.5772
6.57949
6.58269
6.58623
6.58685
6.59099
6.59146
6.59538
6.59603
6.60227
6.60322
6.60799
6.60986
6.61114
6.613
6.61671
6.61856
6.62109
6.62201
6.62487
6.62961
6.63132
6.63645
6.63974
6.6437
6.64584
6.64817
6.65111
6.65217
6.6539
6.65974
6.66096
6.66334
6.6683
6.671
6.6741
6.67643
6.678
6.68293
6.68559
6.6878
6.68995
6.69636
6.69727
6.69951
6.70408
6.70664
6.70971
6.71358
6.71407
6.71634
6.71779
6.72398
6.72649
6.72857
6.73035
6.73065
6.73393
6.73523
6.73907
6.7413
6.74434
6.74887
6.74964
6.75268
6.75375
6.75745
6.76127
6.76346
6.76558
6.76723
6.76925
6.77267
6.77571
6.77935
6.78051
6.78322
6.78761
6.78876
6.79056
6.79132
6.79429
6.79696
6.79746
6.80298
6.80432
6.80542
6.81006
6.81143
6.81382
6.81488
6.81641
6.82044
6.82233
6.82382
6.82654
6.83061
6.8312
6.83589
6.83749
6.84205
6.84604
6.84798
6.8493
6.85026
6.85316
6.855
6.86149
6.86378
6.86601
6.86824
6.87012
6.87376
6.87721
6.87934
6.88192
6.88398
6.88441
6.88604
6.88983
6.89404
6.89542
6.89669
6.90221
6.90377
6.9056
6.91003
6.91232
6.91431
6.91739
6.92004
6.92178
6.92596
6.92758
6.93058
6.93174
6.93269
6.93486
6.93716
6.93807
6.94266
6.94539
6.94828
6.9517
6.95262
6.95602
6.95823
6.9606
6.96429
6.96654
6.96904
6.97171
6.97428
6.97756
6.98026
6.98303
6.98454
6.98897
6.99231
6.99427
6.99736
7.00063
7.00116
7.00282
7.00576
7.00898
7.01074
7.01428
7.01779
7.02082
7.024
7.02435
7.02621
7.03219
7.03334
7.03513
7.03915
7.04178
7.04443
7.04475
7.05072
7.05166
7.05414
7.0568
7.05809
7.06317
7.06611
7.06819
7.07103
7.07402
7.07694
7.07889
7.08048
7.08483
7.08589
7.08661
7.09025
7.09201
7.09553
7.0977
7.09965
7.10228
7.10341
7.10649
7.10854
7.11173
7.11353
7.11897
7.12109
7.12145
7.12577
7.12797
7.13249
7.13705
7.13938
7.14082
7.14318
7.14482
7.14715
7.15278
7.15666
7.15861
7.15919
7.16128
7.1667
7.16753
7.16934
7.17431
7.17573
7.18034
7.18475
7.1868
7.19224
7.19432
7.19722
7.19868
7.20115
7.20472
7.20617
7.20839
7.20891
7.20987
7.21352
7.21603
7.21724
7.21853
7.22209
7.22635
7.2308
7.23342
7.23691
7.23808
7.24166
7.24539
7.24832
7.25031
7.25326
7.25668
7.25921
7.26186
7.26293
7.26339
7.26745
7.26968
7.27139
7.27497
7.27608
7.28144
7.2824
7.28338
7.28585
7.28904
7.29019
7.29431
7.29716
7.30248
7.30556
7.30729
7.31104
7.31427
7.31791
7.32155
7.32294
7.32621
7.32976
7.33291
7.33552
7.33942
7.34076
7.34318
7.34378
7.34785
7.34929
7.35244
7.35671
7.3575
7.36278
7.36321
7.3657
7.36656
7.37053
7.37475
7.3796
7.38106
7.38534
7.38547
7.39005
7.39055
7.39283
7.39492
7.39976
7.40107
7.40446
7.40707
7.41059
7.41251
7.41421
7.4164
7.41978
7.42583
7.42923
7.43131
7.43475
7.43554
7.44032
7.44421
7.44594
7.44855
7.45114
7.45288
7.45692
7.4594
7.46312
7.46386
7.46649
7.46823
7.47133
7.47268
7.47694
7.47865
7.48325
7.48726
7.49155
7.49283
7.49407
7.49626
7.49858
7.50277
7.50398
7.50855
7.51073
7.51217
7.51735
7.52053
7.52408
7.52596
7.52702
7.53162
7.53399
7.53749
7.53865
7.54148
7.54571
7.54982
7.55246
7.55338
7.55649
7.56143
7.56243
7.56698
7.57263
7.57578
7.57636
7.57945
7.58607
7.58829
7.58984
7.59256
7.59704
7.59888
7.60062
7.60283
7.6108
7.6119
7.61469
7.61608
7.61814
7.62101
7.62215
7.62341
7.627
7.63128
7.63301
7.63641
7.64074
7.64536
7.64606
7.65197
7.65476
7.65651
7.6572
7.6628
7.66547
7.66654
7.6701
7.67495
7.67986
7.6806
7.68329
7.68607
7.68992
7.69237
7.69548
7.69813
7.70207
7.7031
7.70895
7.7096
7.71106
7.71266
7.71464
7.72139
7.72442
7.72517
7.72987
7.73381
7.73739
7.73821
7.74255
7.74636
7.74831
7.75102
7.75408
7.7586
7.76387
7.76577
7.76637
7.76806
7.76997
7.77426
7.77738
7.78257
7.78426
7.7862
7.78967
7.79237
7.79365
7.80108
7.80434
7.80708
7.80816
7.80988
7.81372
7.8171
7.82088
7.82313
7.83
7.83189
7.83443
7.83871
7.83986
7.84031
7.8445
7.84494
7.84885
7.851
7.85222
7.85571
7.85976
7.86133
7.86326
7.8688
7.87047
7.87157
7.87427
7.87776
7.88118
7.88365
7.88645
7.88794
7.8905
7.89451
7.8963
7.89855
7.90383
7.9066
7.91062
7.91297
7.91605
7.91783
7.92113
7.92312
7.92716
7.92951
7.93419
7.9351
7.93998
7.94147
7.94382
7.94878
7.95301
7.95383
7.95471
7.95784
7.96587
7.96754
7.96884
7.97366
7.97519
7.9777
7.98076
7.98698
7.99038
7.99172
7.99367
7.9978
7.99975
8.00387
8.00484
8.00764
8.0103
8.01376
8.01776
8.0214
8.02262
8.02648
8.02939
8.03268
8.03395
8.03679
8.03975
8.04085
8.04407
8.04552
8.04945
8.05329
8.05518
8.05708
8.06142
8.06233
8.06721
8.06862
8.07247
8.07573
8.07926
8.07971
8.08388
8.08594
8.08951
8.09039
8.09586
8.09796
8.09982
8.10283
8.10707
8.10926
8.11098
8.11401
8.11776
8.12061
8.1238
8.12607
8.12973
8.13045
8.13376
8.13476
8.1427
8.14434
8.14648
8.15008
8.15173
8.15708
8.15802
8.15962
8.1646
8.16853
8.17182
8.17412
8.17523
8.17736
8.17962
8.18342
8.18792
8.19037
8.19166
8.19612
8.19859
8.20199
8.20532
8.20747
8.2105
8.21229
8.21574
8.2187
8.22321
8.2236
8.22789
8.23125
8.23328
8.23356
8.2406
8.24183
8.24427
8.24799
8.25279
8.25577
8.25983
8.2625
8.26485
8.26626
8.27194
8.27531
8.27815
8.28133
8.28331
8.28475
8.2875
8.28895
8.29428
8.29674
8.29937
8.29976
8.30709
8.30965
8.31251
8.31552
8.31923
8.3204
8.32372
8.32641
8.32728
8.32775
8.33154
8.33724
8.3407
8.34402
8.34671
8.34965
8.35159
8.3532
8.35722
8.36218
8.36422
8.3667
8.36869
8.37131
8.37203
8.37685
8.37824
8.38143
8.38316
8.3856
8.38994
8.39274
8.39322
8.40079
8.40321
8.40374
8.40516
8.40787
8.40909
8.41223
8.41822
8.41971
8.42743
8.42963
8.43167
8.43425
8.43838
8.44165
8.44638
8.4475
8.44862
8.45086
8.45439
8.46011
8.46316
8.46452
8.46883
8.47252
8.47531
8.47699
8.4813
8.48555
8.48826
8.49271
8.49633
8.49869
8.5004
8.50347
8.50874
8.5123
8.51518
8.51664
8.52199
8.52321
8.52931
8.53383
8.53627
8.53919
8.5446
8.54814
8.55028
8.55184
8.55495
8.55654
8.55931
8.56333
8.56677
8.56764
8.56991
8.57113
8.5735
8.57788
8.58162
8.58878
8.59068
8.59166
8.59794
8.59813
8.60205
8.60406
8.60629
8.60807
8.61487
8.61769
8.62253
8.62393
8.6252
8.6289
8.62983
8.63687
8.6391
8.64129
8.64518
8.64647
8.64957
8.65195
8.65799
8.65925
8.66137
8.66181
8.67022
8.67376
8.67554
8.67849
8.68006
8.68408
8.68909
8.69003
8.69394
8.69777
8.70155
8.70383
8.70832
8.71092
8.71278
8.71698
8.71777
8.72059
8.72378
8.72667
8.7318
8.73583
8.74086
8.74139
8.7434
8.74822
8.75135
8.756
8.76028
8.76277
8.76444
8.76548
8.77353
8.77495
8.77627
8.77968
8.78574
8.78699
8.78756
8.78992
8.79326
8.80006
8.80565
8.80593
8.81249
8.81564
8.81837
8.8194
8.82349
8.82642
8.82899
8.83339
8.83486
8.83664
8.84053
8.8423
8.8461
8.8471
8.85095
8.8529
8.85465
8.85919
8.86153
8.86484
8.86586
8.86776
8.87456
8.87914
8.88211
8.8857
8.88896
8.89017
8.89134
8.89425
8.90048
8.90331
8.90405
8.90635
8.90822
8.91213
8.91399
8.91988
8.9258
8.92649
8.9289
8.93534
8.93746
8.94184
8.94411
8.94665
8.94795
8.95386
8.95482
8.95559
8.9592
8.96189
8.96719
8.96942
8.97273
8.97672
8.98077
8.98115
8.98598
8.9867
8.98987
8.99403
8.99677
9.00264
9.00456
9.00483
9.00985
9.01222
9.01618
9.01939
9.02377
9.02544
9.0307
9.03293
9.03667
9.03898
9.04155
9.04564
9.04796
9.05147
9.0579
9.06109
9.06217
9.06422
9.07001
9.07128
9.07617
9.08015
9.08046
9.0831
9.08922
9.09051
9.09066
9.09519
9.09941
9.10428
9.10641
9.10879
9.1117
9.11226
9.11762
9.11991
9.12241
9.1259
9.12872
9.13131
9.13561
9.13568
9.1415
9.14291
9.14557
9.14986
9.15238
9.15683
9.15736
9.16365
9.16521
9.16962
9.17184
9.1773
9.18059
9.18113
9.1834
9.18642
9.18784
9.19247
9.19587
9.1987
9.20059
9.20853
9.20989
9.21247
9.21366
9.21768
9.22088
9.22395
9.22476
9.22741
9.23227
9.23455
9.23683
9.2379
9.24129
9.24499
9.24871
9.24886
9.25429
9.25666
9.25919
9.2658
9.26769
9.2688
9.27121
9.27404
9.27624
9.27757
9.28152
9.28491
9.28692
9.29119
9.29379
9.29502
9.29724
9.29917
9.30541
9.30802
9.31193
9.31527
9.31688
9.32076
9.32237
9.32353
9.33145
9.3339
9.33617
9.33721
9.3416
9.34416
9.34542
9.34794
9.35001
9.35376
9.35828
9.3632
9.36652
9.36819
9.37056
9.37524
9.37567
9.37976
9.38109
9.38412
9.38523
9.3882
9.38947
9.39585
9.39897
9.40372
9.40438
9.41009
9.41124
9.415
9.41688
9.42063
9.42311
9.42593
9.42881
9.43197
9.43443
9.43781
9.44075
9.44396
9.44605
9.44839
9.45155
9.45382
9.45776
9.46138
9.46332
9.46448
9.46673
9.46816
9.47441
9.47587
9.47763
9.48165
9.48495
9.48584
9.49026
9.49176
9.49644
9.49663
9.50443
9.50616
9.51107
9.51212
9.51439
9.51716
9.51833
9.52462
9.52985
9.53322
9.5358
9.53672
9.53836
9.53894
9.54374
9.54716
9.55193
9.55334
9.55729
9.55775
9.56179
9.56803
9.57069
9.57464
9.57755
9.57952
9.58109
9.58412
9.58914
9.58979
9.59479
9.59931
9.60056
9.60222
9.60568
9.60803
9.61354
9.61711
9.62069
9.62211
9.63018
9.63435
9.63737
9.63796
9.63897
9.64424
9.64527
9.6467
9.65288
9.65552
9.6569
9.65875
9.66067
9.66212
9.66366
9.66534
9.67156
9.67406
9.67672
9.6805
9.68286
9.68323
9.68628
9.68915
9.69588
9.69795
9.70315
9.70438
9.70816
9.71047
9.71273
9.71533
9.72092
9.72376
9.72476
9.72962
9.73074
9.73443
9.73569
9.74103
9.74276
9.74566
9.74676
9.75122
9.7531
9.75687
9.76376
9.76593
9.76952
9.77122
9.77364
9.77558
9.7778
9.78364
9.78853
9.7921
9.79648
9.79784
9.79935
9.80196
9.80359
9.80802
9.81173
9.81465
9.82065
9.82235
9.82485
9.82556
9.82757
9.83087
9.832
9.83736
9.83787
9.84272
9.84394
9.84772
9.84959
9.85339
9.85718
9.86316
9.86708
9.8674
9.87022
9.87341
9.8746
9.87966
9.88174
9.88416
9.89088
9.89318
9.89646
9.89765
9.90207
9.90363
9.9041
9.9071
9.90945
9.91086
9.91668
9.91871
9.92079
9.92502
9.92725
9.92958
9.9324
9.93648
9.93857
9.9434
9.94522
9.94806
9.95182
9.95388
9.95698
9.95837
9.96086
9.9657
9.96893
9.97103
9.97364
9.97488
9.97912
9.98158
9.98415
9.98798
9.99182
9.9974
9.99952
10.0015
10.0038
10.0046
10.0099
10.0109
10.0133
10.018
10.0195
10.0269
10.0301
10.031
10.0327
10.0353
10.0372
10.0388
10.0413
10.0478
10.0504
10.0535
10.06
10.0614
10.0634
10.064
10.0692
10.073
10.0739
10.0794
10.0821
10.0844
10.0871
10.0896
10.0957
10.0974
10.0997
10.1051
10.1058
10.1072
10.1078
10.1114
10.117
10.1179
10.1246
10.1266
10.1309
10.1324
10.1348
10.1374
10.1416
10.1438
10.1454
10.1473
10.1492
10.1518
10.1585
10.1614
10.1634
10.1659
10.1694
10.1731
10.1748
10.1812
10.1813
10.1847
10.1856
10.1878
10.1943
10.1965
10.1998
10.2049
10.2076
10.2084
10.2102
10.2142
10.2156
10.2185
10.2239
10.2271
10.2283
10.232
10.2349
10.2396
10.2405
10.2438
10.2478
10.2493
10.2518
10.2542
10.2575
10.2604
10.2619
10.2675
10.2703
10.2726
10.278
10.2791
10.2841
10.288
10.2915
10.2962
10.2977
10.3
10.3035
10.3061
10.3082
10.3116
10.3171
10.323
10.3242
10.3281
10.3296
10.3352
10.3358
10.3389
10.3412
10.3439
10.3477
10.3489
10.353
10.3572
10.3627
10.3635
10.3644
10.3691
10.3731
10.375
10.3754
10.3789
10.3823
10.3842
10.3879
10.3895
10.394
10.3955
10.3983
10.402
10.4049
10.4102
10.4141
10.4187
10.4211
10.4251
10.4306
10.4307
10.4332
10.4362
10.4376
10.4389
10.4431
10.4464
10.4481
10.4523
10.4543
10.4572
10.4622
10.4652
10.4681
10.4721
10.477
10.4773
10.4784
10.4821
10.484
10.4859
10.4913
10.4945
10.4965
10.4983
10.5032
10.5059
10.5086
10.5117
10.5162
10.5218
10.5263
10.5284
10.5304
10.533
10.535
10.5381
10.5413
10.5474
10.55
10.5506
10.5532
10.5592
10.5623
10.564
10.5678
10.5682
10.5713
10.5721
10.5765
10.5778
10.5795
10.5817
10.5829
10.5863
10.5937
10.5968
10.5999
10.6067
10.609
10.6155
10.6168
10.6198
10.6234
10.6254
10.628
10.6324
10.6345
10.6366
10.6403
10.644
10.6491
10.6495
10.6553
10.6592
10.6625
10.6651
10.6683
10.6687
10.6712
10.6801
10.6826
10.6839
10.6855
10.6903
10.693
10.6976
10.6995
10.7008
10.704
10.7043
10.7109
10.7172
10.7193
10.7207
10.7251
10.728
10.7302
10.7338
10.7369
10.7378
10.7418
10.7491
10.7518
10.7565
10.7604
10.7613
10.7682
10.7684
10.7732
10.7788
10.78
10.7819
10.7857
10.793
10.794
10.7957
10.7986
10.8032
10.8044
10.8089
10.8124
10.8148
10.8197
10.8211
10.8232
10.8287
10.8297
10.8332
10.8385
10.8415
10.8469
10.8498
10.8526
10.8545
10.8584
10.8612
10.8674
10.8684
10.8702
10.8744
10.8783
10.8826
10.8907
10.893
10.8953
10.9042
10.9046
10.907
10.909
10.9124
10.9175
10.9186
10.9194
10.9245
10.9283
10.9309
10.9335
10.9369
10.9374
10.9422
10.9433
10.9479
10.9546
10.9564
10.9604
10.9642
10.9663
10.9695
10.974
10.976
10.9814
10.9844
10.9877
10.9899
10.9947
10.9976
11.0003
11.0033
11.0081
11.0129
11.0149
11.0157
11.022
11.0231
11.0282
11.0299
11.0305
11.0319
11.0355
11.0389
11.0437
11.0468
11.0496
11.0571
11.0595
11.0626
11.0656
11.0688
11.0711
11.0717
11.0765
11.0777
11.0805
11.0842
11.0902
11.092
11.099
11.0997
11.1004
11.1047
11.1075
11.1106
11.1124
11.12
11.126
11.1265
11.127
11.1335
11.1344
11.1391
11.1407
11.1446
11.1473
11.1488
11.154
11.1596
11.1635
11.1661
11.1709
11.1725
11.1752
11.1775
11.1798
11.1858
11.1875
11.1906
11.1939
11.1947
11.1989
11.2001
11.2034
11.2068
11.2117
11.2193
11.2201
11.2299
11.2316
11.2352
11.2404
11.2438
11.245
11.2488
11.2509
11.2528
11.2559
11.2614
11.2626
11.2669
11.2682
11.2702
11.2775
11.2818
11.2828
11.2867
11.2904
11.2915
11.2954
11.2972
11.3012
11.3089
11.3135
11.3162
11.3176
11.3211
11.3239
11.3279
11.3306
11.3364
11.3387
11.3433
11.3452
11.3529
11.3544
11.3584
11.3601
11.3623
11.3674
11.368
11.3731
11.377
11.3806
11.3834
11.3848
11.3908
11.3937
11.3961
11.3979
11.4006
11.4051
11.4095
11.4119
11.4139
11.416
11.4222
11.4234
11.4289
11.4314
11.4341
11.4394
11.4418
11.445
11.4469
11.4516
11.4552
11.4575
11.459
11.4675
11.4682
11.4703
11.4766
11.4816
11.4851
11.488
11.4918
11.4952
11.4972
11.5048
11.5057
11.5102
11.5128
11.5209
11.5229
11.5271
11.5276
11.532
11.5339
11.5378
11.5402
11.5431
11.547
11.5479
11.554
11.5567
11.56
11.562
11.5694
11.5721
11.574
11.5795
11.5824
11.5856
11.5874
11.5909
11.5924
11.5961
11.6009
11.6057
11.6086
11.6096
11.611
11.6133
11.6186
11.6203
11.622
11.6279
11.6332
11.635
11.636
11.6413
11.643
11.6453
11.6502
11.6528
11.6575
11.6606
11.6653
11.6671
11.6706
11.6723
11.6754
11.6807
11.6818
11.6861
11.6899
11.6956
11.6974
11.7008
11.7031
11.7052
11.7073
11.7102
11.7146
11.7158
11.7194
11.7231
11.727
11.731
11.7335
11.736
11.7391
11.7409
11.742
11.7457
11.7486
11.7527
11.757
11.7584
11.761
11.7647
11.7686
11.7695
11.7739
11.7761
11.7828
11.7869
11.7911
11.7944
11.7959
11.7974
11.7994
11.8029
11.8068
11.8073
11.8123
11.8159
11.8178
11.8193
11.825
11.8264
11.8289
11.8334
11.8352
11.837
11.8424
11.8472
11.8487
11.8496
11.8521
11.8555
11.8584
11.8629
11.8636
11.8667
11.876
11.8766
11.8802
11.8842
11.8861
11.8866
11.8902
11.8964
11.8979
11.9036
11.908
11.9097
11.9153
11.9167
11.9198
11.921
11.9225
11.924
11.9289
11.9328
11.9377
11.9385
11.9399
11.9444
11.9475
11.9491
11.951
11.9577
11.9595
11.9615
11.9676
11.9692
11.977
11.9802
11.9823
11.9886
11.9935
11.9946
11.9965
11.9993
12.0027
12.0066
12.0097
12.012
12.0157
12.0213
12.0242
12.0265
12.0303
12.0332
12.0378
12.041
12.0461
12.0512
12.0532
12.0594
12.0613
12.0644
12.0692
12.0728
12.0742
12.0751
12.0802
12.0824
12.0894
12.0896
12.0926
12.096
12.0975
12.1055
12.1085
12.1126
12.1203
12.1244
12.1289
12.1311
12.1341
12.1348
12.138
12.1401
12.1456
12.1486
12.1521
12.1578
12.16
12.1669
12.1677
12.1709
12.1741
12.1808
12.1827
12.1867
12.1901
12.1954
12.1974
12.2017
12.2042
12.2074
12.2144
12.216
12.2201
12.2246
12.2293
12.2317
12.2343
12.2365
12.2429
12.2451
12.2483
12.2496
12.2526
12.2543
12.2552
12.2609
12.2677
12.2699
12.2778
12.2805
12.2824
12.2865
12.2874
12.2912
12.2959
12.2993
12.3058
12.3095
12.3105
12.3118
12.3159
12.3209
12.3228
12.3266
12.3284
12.3302
12.3355
12.3386
12.3455
12.3501
12.3511
12.3533
12.3601
12.3618
12.3659
12.3698
12.3726
12.3745
12.3808
12.3818
12.3851
12.3867
12.3926
12.3964
12.3981
12.4001
12.4037
12.4065
12.4099
12.412
12.4185
12.4202
12.4243
12.4256
12.4288
12.4314
12.435
12.4379
12.4428
12.4498
12.4542
12.4561
12.4567
12.462
12.4632
12.4648
12.4683
12.4712
12.4727
12.4743
12.4776
12.4801
12.4844
12.4913
12.493
12.4952
12.4979
12.5038
12.5108
12.5113
12.5128
12.5174
12.5207
12.5227
12.5238
12.5263
12.5313
12.5335
12.5416
12.5429
12.5452
12.5473
12.5497
12.5547
12.5568
12.5595
12.5629
12.5661
12.5676
12.5728
12.5779
12.5803
12.5835
12.5869
12.5878
12.5922
12.5936
12.5989
12.6011
12.6042
12.6059
12.6066
12.6093
12.6172
12.6188
12.6212
12.6239
12.6269
12.6321
12.6327
12.6352
12.64
12.6435
12.647
12.6505
12.6524
12.6552
12.6587
12.66
12.6634
12.6646
12.669
12.6739
12.6746
12.6769
12.6838
12.6848
12.686
12.6909
12.6933
12.6952
12.6969
12.7019
12.7063
12.7089
12.714
12.7146
12.718
12.7204
12.7263
12.7279
12.7307
12.7352
12.7361
12.7401
12.7441
12.7458
12.7495
12.7526
12.7548
12.7579
12.763
12.7663
12.7707
12.7713
12.7763
12.7824
12.7858
12.7875
12.7904
12.7936
12.7966
12.7977
12.8017
12.8096
12.8129
12.8168
12.8209
12.8218
12.8252
12.8259
12.8297
12.8323
12.8343
12.838
12.8423
12.844
12.8489
12.8539
12.8557
12.8587
12.8592
12.8628
12.8665
12.8699
12.8725
12.8745
12.8787
12.8794
12.8808
12.8898
12.8911
12.8947
12.8986
12.8996
12.9005
12.9033
12.9064
12.909
12.9118
12.916
12.9178
12.9219
12.9265
12.9287
12.9327
12.9341
12.9354
12.9401
12.9456
12.9473
12.9536
12.9594
12.9605
12.963
12.9663
12.969
12.9714
12.9766
12.9807
12.9838
12.9893
12.9923
12.9953
13.0016
13.0024
13.0081
13.0128
13.0145
13.0177
13.0217
13.0242
13.0278
13.03
13.0347
13.0362
13.0364
13.0409
13.0424
13.0489
13.0541
13.0585
13.0605
13.0644
13.0681
13.0715
13.0726
13.0771
13.0848
13.0907
13.0943
13.097
13.0998
13.1012
13.1043
13.1076
13.1079
13.1105
13.1119
13.115
13.1196
13.1216
13.1243
13.1283
13.1327
13.137
13.1395
13.1435
13.1474
13.1509
13.1521
13.1558
13.1581
13.163
13.1673
13.1683
13.171
13.1746
13.1801
13.1849
13.1865
13.1877
13.1911
13.1927
13.1944
13.1978
13.2041
13.2091
13.2124
13.2148
13.218
13.2196
13.2223
13.2267
13.2302
13.2336
13.236
13.2379
13.2426
13.2459
13.2497
13.253
13.2549
13.2595
13.2617
13.2632
13.2666
13.2692
13.2708
13.2759
13.2783
13.2798
13.282
13.284
13.2871
13.2885
13.2952
13.2964
13.3001
13.3015
13.306
13.3098
13.3158
13.319
13.3203
13.3259
13.3276
13.3294
13.3333
13.3335
13.337
13.3395
13.3457
13.3483
13.3517
13.3543
13.3597
13.3615
13.365
13.3675
13.3704
13.3736
13.3749
13.3784
13.3823
13.3858
13.3878
13.3907
13.3969
13.3988
13.3994
13.4013
13.4023
13.4058
13.407
13.413
13.4167
13.4176
13.4236
13.4311
13.4316
13.4335
13.4368
13.4389
13.4479
13.4492
13.4513
13.4565
13.4619
13.4644
13.469
13.4714
13.475
13.4801
13.4812
13.4857
13.4911
13.4932
13.494
13.4973
13.5014
13.5062
13.5072
13.509
13.5127
13.5152
13.5162
13.5213
13.5276
13.5301
13.5341
13.5365
13.5414
13.5418
13.5437
13.5492
13.5559
13.5584
13.5634
13.5645
13.5676
13.5722
13.5771
13.5805
13.5843
13.5897
13.5933
13.5958
13.6026
13.6032
13.6052
13.606
13.6118
13.6158
13.6175
13.6194
13.6246
13.6274
13.6282
13.6322
13.6356
13.6361
13.6388
13.6441
13.6485
13.6536
13.6558
13.6572
13.6628
13.6665
13.6696
13.6757
13.6775
13.6799
13.6844
13.6854
13.6916
13.6921
13.6984
13.7011
13.7059
13.708
13.7098
13.7152
13.7219
13.7249
13.7276
13.7306
13.7346
13.7366
13.7386
13.7436
13.7486
13.7565
13.7601
13.7631
13.7654
13.7694
13.7728
13.7768
13.7807
13.7841
13.7882
13.7927
13.7968
13.7974
13.8004
13.8044
13.8086
13.8101
13.8152
13.82
13.8259
13.8278
13.8281
13.8303
13.8353
13.8413
13.8447
13.848
13.8554
13.8567
13.8587
13.8637
13.867
13.8715
13.8754
13.8809
13.8842
13.8882
13.8939
13.898
13.902
13.9067
13.9125
13.9149
13.9169
13.9183
13.9193
13.9242
13.9329
13.9338
13.9371
13.9393
13.9423
13.9476
13.9535
13.9558
13.9602
13.9624
13.9637
13.9691
13.9732
13.9756
13.982
13.9839
13.9922
13.9943
13.9989
14.0031
14.0035
14.0112
14.0146
14.0162
14.0208
14.0244
14.0276
14.0311
14.0335
14.0352
14.0395
14.0467
14.0499
14.0545
14.059
14.0623
14.0678
14.0716
14.075
14.0801
14.0866
14.088
14.0927
14.0975
14.0996
14.1031
14.1052
14.1076
14.1138
14.1156
14.1274
14.1318
14.1332
14.1397
14.1432
14.1501
14.1542
14.1568
14.1585
14.1639
14.1684
14.1691
14.1735
14.1763
14.1819
14.1848
14.1938
14.1968
14.2004
14.2047
14.2066
14.2148
14.2204
14.2297
14.2325
14.2369
14.2435
14.2457
14.2527
14.2603
14.2628
14.2672
14.2694
14.2728
14.2756
14.2795
14.281
14.2939
14.2956
14.2968
14.2987
14.3064
14.3105
14.3116
14.316
14.3207
14.3287
14.333
14.3382
14.3441
14.346
14.349
14.3529
14.3573
14.3604
14.3643
14.3712
14.3733
14.3766
14.3804
14.3859
14.3886
14.3961
14.3998
14.4022
14.4069
14.4109
14.4178
14.4243
14.4251
14.4308
14.4325
14.4341
14.4402
14.4409
14.4464
14.4476
14.4502
14.4523
14.4616
14.4628
14.4659
14.4689
14.4757
14.4834
14.4855
14.4902
14.4927
14.4961
14.4999
14.5078
14.511
14.513
14.5166
14.5216
14.5239
14.5261
14.5316
14.5351
14.5385
14.5452
14.5473
14.5492
14.5552
14.558
14.5602
14.5631
14.5686
14.5725
14.5784
14.5809
14.5878
14.5921
14.599
14.6025
14.6075
14.6103
14.6164
14.618
14.6208
14.6236
14.6281
14.63
14.6339
14.6399
14.6443
14.6468
14.6525
14.6556
14.6665
14.6671
14.6728
14.6754
14.6798
14.6857
14.6877
14.6901
14.6958
14.6982
14.7016
14.7081
14.7085
14.7173
14.7209
14.7262
14.7324
14.7378
14.739
14.7435
14.7463
14.7516
14.7564
14.765
14.7675
14.7711
14.7769
14.7781
14.7827
14.7861
14.7896
14.7948
14.7994
14.8007
14.8058
14.8099
14.8132
14.8215
14.8273
14.8275
14.8297
14.8359
14.8379
14.8437
14.8456
14.849
14.8524
14.8546
14.8634
14.8703
14.8737
14.8763
14.8779
14.8837
14.8858
14.8932
14.8939
14.9079
14.9091
14.9129
14.9149
14.9201
14.9239
14.9291
14.9356
14.9383
14.9398
14.9451
14.9542
14.9584
14.9603
14.965
14.969
14.9736
14.9763
14.9817
14.9868
14.9907
14.9931
14.9961
14.9988
15.0029
15.0067
15.0106
15.0135
15.0227
15.0262
15.0295
15.0367
15.0404
15.0463
15.0488
15.0513
15.0592
15.0659
15.0678
15.0738
15.0774
15.0801
15.0835
15.0881
15.0929
15.095
15.0996
15.1022
15.1076
15.1107
15.1192
15.1217
15.1262
15.1301
15.1357
15.1373
15.142
15.1467
15.1484
15.1517
15.1561
15.1625
15.1645
15.1689
15.172
15.175
15.1789
15.1823
15.1903
15.1913
15.1961
15.1976
15.2057
15.2103
15.2118
15.2173
15.2219
15.2316
15.2326
15.2348
15.2404
15.2441
15.2469
15.2492
15.2537
15.2571
15.2599
15.2685
15.2698
15.2753
15.2797
15.2816
15.2859
15.2925
15.2942
15.295
15.2976
15.3001
15.3075
15.3148
15.3181
15.3199
15.323
15.326
15.3355
15.3362
15.3419
15.3518
15.3528
15.3583
15.3599
15.3621
15.3695
15.3698
15.3722
15.3776
15.3826
15.3869
15.3894
15.3953
15.4031
15.4073
15.4093
15.4107
15.4156
15.4198
15.4281
15.4312
15.4345
15.4387
15.4393
15.4451
15.4494
15.4515
15.4571
15.461
15.4649
15.4668
15.4688
15.4777
15.4802
15.4825
15.4859
15.489
15.4968
15.502
15.5034
15.5047
15.5086
15.5104
15.5183
15.5241
15.5302
15.5353
15.5399
15.5443
15.5462
15.5499
15.5539
15.5575
15.5605
15.565
15.568
15.5711
15.5775
15.5826
15.5861
15.5895
15.594
15.5975
15.6033
15.6078
15.6142
15.6161
15.6201
15.6248
15.6273
15.6312
15.637
15.64
15.6423
15.6473
15.6506
15.655
15.6576
15.6625
15.6678
15.6741
15.6784
15.6787
15.6811
15.6933
15.6959
15.6997
15.7038
15.7088
15.7137
15.7187
15.7221
15.7245
15.7324
15.7341
15.7371
15.7401
15.7455
15.7526
15.7567
15.7588
15.7621
15.7672
15.771
15.7747
15.7787
15.7878
15.7916
15.7978
15.8008
15.8071
15.8084
15.8148
15.8192
15.8248
15.8286
15.8341
15.8368
15.8413
15.8425
15.8433
15.8476
15.8547
15.8554
15.8591
15.8624
15.8686
15.8694
15.8727
15.8768
15.8788
15.8871
15.8909
15.8937
15.8983
15.9006
15.9051
15.9073
15.9076
15.9138
15.9171
15.9188
15.9277
15.9317
15.9336
15.935
15.9404
15.9412
15.9466
15.9533
15.9568
15.9606
15.9635
15.9646
15.9723
15.9756
15.9772
15.9824
15.9893
15.9906
15.9979
15.9998
16.0035
16.0047
16.0095
16.0136
16.0169
16.0203
16.0224
16.0285
16.031
16.0379
16.0393
16.0412
16.046
16.0493
16.0545
16.0597
16.0619
16.0655
16.0723
16.0761
16.0779
16.0867
16.0887
16.0941
16.0961
16.0996
16.1003
16.1054
16.1068
16.1172
16.1218
16.1241
16.1301
16.1327
16.136
16.1398
16.1418
16.1485
16.1529
16.1569
16.1598
16.167
16.1719
16.172
16.1749
16.1816
16.1869
16.1881
16.1904
16.1944
16.2007
16.2034
16.2067
16.2098
16.2126
16.2155
16.2189
16.2231
16.2258
16.2316
16.2336
16.2385
16.2458
16.2475
16.2546
16.2597
16.2648
16.2656
16.2676
16.2731
16.2777
16.2859
16.2903
16.2962
16.3
16.3044
16.3151
16.321
16.3254
16.3275
16.3321
16.3395
16.3444
16.3471
16.3499
16.3541
16.3579
16.3677
16.3738
16.3803
16.3813
16.3872
16.3914
16.3996
16.4052
16.408
16.4119
16.4159
16.4179
16.4219
16.4353
16.4404
16.444
16.4523
16.4536
16.4584
16.4598
16.4616
16.4635
16.4696
16.4701
16.4736
16.4788
16.4798
16.4825
16.4901
16.4958
16.5009
16.5052
16.5103
16.5133
16.5224
16.5269
16.5305
16.5333
16.5374
16.544
16.5481
16.5502
16.5519
16.5551
16.5629
16.5714
16.5717
16.5734
16.5758
16.5874
16.5897
16.5902
16.5939
16.6003
16.6048
16.6106
16.6127
16.6183
16.6229
16.6238
16.6305
16.6367
16.6399
16.642
16.6468
16.6509
16.6525
16.6609
16.6649
16.67
16.6743
16.6745
16.6805
16.6846
16.6884
16.6911
16.6935
16.6991
16.7083
16.7158
16.7187
16.7214
16.7301
16.7345
16.7367
16.743
16.7442
16.7487
16.7512
16.7553
16.7627
16.7641
16.7722
16.7764
16.7791
16.7801
16.7861
16.7923
16.7969
16.8013
16.8063
16.8084
16.8156
16.8179
16.8194
16.8243
16.8295
16.8344
16.8424
16.8437
16.8484
16.8572
16.8627
16.8681
16.8701
16.8738
16.8776
16.8828
16.885
16.8871
16.8891
16.9009
16.9062
16.9097
16.9163
16.9185
16.9212
16.9239
16.9276
16.9318
16.9403
16.9407
16.9455
16.952
16.958
16.9593
16.9653
16.9703
16.9761
16.9772
16.9801
16.9818
16.9872
16.9927
16.9951
17.0031
17.0063
17.0119
17.0195
17.0222
17.0237
17.0292
17.0304
17.0323
17.0404
17.0428
17.0527
17.0578
17.0611
17.0662
17.0688
17.0722
17.0823
17.0839
17.0907
17.0953
17.0983
17.1046
17.1079
17.1113
17.1193
17.1285
17.1318
17.1334
17.1351
17.1378
17.148
17.154
17.1577
17.1598
17.1667
17.1683
17.1738
17.1817
17.1828
17.1875
17.1927
17.1989
17.2088
17.211
17.2156
17.2179
17.2223
17.2281
17.2343
17.2352
17.2418
17.2458
17.2501
17.2556
17.2617
17.2655
17.2713
17.2745
17.2812
17.284
17.289
17.2913
17.2987
17.3058
17.3073
17.3133
17.3198
17.3239
17.3248
17.3293
17.3369
17.3474
17.3493
17.3548
17.3605
17.3665
17.3673
17.3728
17.377
17.3877
17.3898
17.3931
17.3997
17.4065
17.4109
17.4142
17.4214
17.4236
17.4303
17.4322
17.4389
17.4444
17.4562
17.4638
17.4717
17.4735
17.4771
17.4799
17.4911
17.5004
17.511
17.5115
17.514
17.5145
17.5195
17.5283
17.5358
17.5381
17.5402
17.5457
17.5496
17.5509
17.5543
17.5629
17.5676
17.5743
17.5822
17.5868
17.5873
17.5927
17.5979
17.5996
17.6048
17.6089
17.6154
17.619
17.6267
17.6332
17.6381
17.6459
17.6541
17.6579
17.6593
17.6634
17.67
17.6788
17.6826
17.6862
17.6911
17.6938
17.6986
17.7022
17.7099
17.7121
17.7159
17.7192
17.7262
17.7283
17.7306
17.7332
17.7444
17.7483
17.7579
17.7611
17.7648
17.771
17.7812
17.7835
17.7858
17.7898
17.7958
17.7991
17.7993
17.806
17.8158
17.8181
17.8217
17.8276
17.8316
17.8358
17.8364
17.8469
17.8488
17.8556
17.8587
17.8626
17.8698
17.8769
17.8784
17.8824
17.89
17.8968
17.8991
17.9076
17.9127
17.9156
17.9257
17.9301
17.933
17.9402
17.9471
17.948
17.9533
17.958
17.973
17.9795
17.9804
17.9843
17.9871
18.0048
18.0095
18.0128
18.0156
18.0183
18.0205
18.0285
18.0341
18.0392
18.0421
18.0428
18.0512
18.0547
18.0651
18.0691
18.0723
18.0811
18.0825
18.091
18.0927
18.1052
18.1107
18.1157
18.1253
18.1322
18.1373
18.1428
18.1469
18.1544
18.1601
18.1646
18.1683
18.1752
18.1824
18.188
18.1914
18.2038
18.212
18.2178
18.2222
18.229
18.2344
18.2436
18.2499
18.2577
18.2639
18.2653
18.2722
18.2778
18.2855
18.2874
18.2999
18.3091
18.3147
18.3185
18.3283
18.3293
18.3354
18.3419
18.3433
18.3456
18.3569
18.3643
18.3718
18.375
18.38
18.3833
18.3896
18.3933
18.4006
18.4044
18.4083
18.4173
18.4218
18.4254
18.4279
18.4357
18.4385
18.4444
18.4512
18.4626
18.4667
18.4717
18.4762
18.4851
18.4919
18.4994
18.5092
18.5146
18.5236
18.5306
18.5326
18.5416
18.5499
18.5516
18.5658
18.5702
18.5744
18.582
18.5865
18.5944
18.598
18.6069
18.6133
18.6179
18.628
18.631
18.6353
18.6418
18.6537
18.6626
18.6651
18.6706
18.6737
18.6805
18.6922
18.6944
18.6969
18.7051
18.7189
18.7216
18.724
18.7329
18.7367
18.7441
18.7481
18.7514
18.7559
18.769
18.7701
18.7746
18.782
18.7835
18.7875
18.796
18.8025
18.814
18.8184
18.8244
18.8268
18.8304
18.8373
18.8409
18.8428
18.8505
18.8629
18.8682
18.8733
18.8755
18.8839
18.8896
18.8932
18.8951
18.8987
18.9073
18.9165
18.9194
18.9221
18.9268
18.9331
18.9366
18.9395
18.9549
18.9572
18.9641
18.9656
18.9683
18.9771
18.9785
18.9951
19.003
19.006
19.0097
19.0148
19.0201
19.026
19.0318
19.0335
19.0448
19.0487
19.0535
19.0579
19.0661
19.0674
19.0753
19.0783
19.0843
19.0903
19.0976
19.0998
19.1053
19.1197
19.1234
19.1314
19.1339
19.1431
19.1455
19.1515
19.1629
19.174
19.1791
19.1825
19.197
19.201
19.2053
19.2077
19.2147
19.2288
19.2332
19.2387
19.2466
19.2606
19.2702
19.2764
19.2828
19.2875
19.2973
19.3015
19.31
19.3135
19.3211
19.3256
19.3327
19.3411
19.3491
19.3535
19.3579
19.3666
19.373
19.3784
19.3827
19.3903
19.3928
19.3999
19.4012
19.4087
19.4158
19.4284
19.4324
19.4388
19.4474
19.4586
19.4631
19.4682
19.4736
19.4844
19.4891
19.4902
19.4968
19.5005
19.5096
19.5153
19.5183
19.5276
19.5338
19.5377
19.5435
19.5465
19.553
19.5598
19.5676
19.5716
19.5845
19.5871
19.5937
19.5981
19.6024
19.6096
19.6154
19.6165
19.6238
19.6286
19.6347
19.6449
19.6516
19.6589
19.6686
19.6769
19.6821
19.6887
19.6977
19.7011
19.7088
19.7126
19.7215
19.7282
19.7336
19.7355
19.741
19.756
19.761
19.7717
19.775
19.7813
19.7908
19.7949
19.7995
19.8014
19.8115
19.8149
19.8204
19.8276
19.8353
19.8393
19.8444
19.849
19.8615
19.8628
19.8665
19.8788
19.8865
19.8995
19.9142
19.919
19.9228
19.9247
19.9351
19.9419
19.9457
19.9535
19.957
19.9651
19.9744
19.9831
19.9918
20.0009
20.008
20.0139
20.0153
20.0274
20.031
20.0368
20.047
20.0553
20.0632
20.0692
20.0711
20.0769
20.0799
20.0857
20.094
20.0986
20.1048
20.1081
20.1172
20.1248
20.131
20.1388
20.1438
20.1506
20.1593
20.1651
20.1752
20.1813
20.1893
20.1935
20.2072
20.2142
20.2321
20.2362
20.2487
20.2594
20.2719
20.273
20.2787
20.2842
20.297
20.3138
20.3226
20.3283
20.3333
20.3406
20.3432
20.3506
20.3577
20.3697
20.3755
20.3936
20.3999
20.4031
20.4215
20.429
20.4388
20.4404
20.4574
20.4704
20.4749
20.4854
20.4932
20.4963
20.501
20.5054
20.5176
20.5181
20.5297
20.5375
20.5424
20.5514
20.5576
20.5664
20.5736
20.5769
20.5817
20.5837
20.5932
20.6028
20.6036
20.6093
20.6185
20.6301
20.6448
20.6547
20.6612
20.6619
20.6702
20.675
20.6869
20.7012
20.7096
20.7158
20.7205
20.7253
20.7268
20.7399
20.7428
20.7488
20.759
20.7661
20.7743
20.7796
20.7913
20.7953
20.8039
20.8114
20.824
20.8267
20.8415
20.8491
20.8605
20.8646
20.874
20.8817
20.8874
20.893
20.9071
20.9156
20.9231
20.9275
20.9402
20.9471
20.9563
20.9661
20.9696
20.978
20.9821
20.9957
21.0049
21.0147
21.0192
21.0326
21.0348
21.0396
21.0428
21.0516
21.0605
21.074
21.0884
21.0916
21.0978
21.1007
21.1096
21.1207
21.1265
21.1299
21.1358
21.1448
21.1511
21.1566
21.1585
21.1727
21.1752
21.1795
21.1856
21.1929
21.2039
21.2085
21.2113
21.2195
21.2257
21.2305
21.2391
21.2504
21.2542
21.2633
21.2789
21.2823
21.2834
21.2981
21.3084
21.3171
21.3196
21.3315
21.3366
21.3466
21.3502
21.3623
21.3687
21.3786
21.3843
21.3886
21.3922
21.4055
21.4174
21.4178
21.4223
21.4351
21.4425
21.4478
21.4606
21.4611
21.4649
21.4742
21.4781
21.4836
21.489
21.5001
21.5077
21.514
21.5264
21.5289
21.5484
21.5511
21.5638
21.5715
21.5746
21.5801
21.5835
21.6093
21.6126
21.622
21.6278
21.6369
21.6448
21.6467
21.6631
21.6752
21.6816
21.6967
21.7036
21.7116
21.716
21.7197
21.7276
21.73
21.7407
21.7533
21.7589
21.7692
21.7795
21.7828
21.7972
21.8074
21.8125
21.817
21.8283
21.841
21.8623
21.8709
21.878
21.8829
21.889
21.8942
21.9152
21.9202
21.9441
21.949
21.9658
21.9708
21.9896
22.0001
22.0026
22.0047
22.0211
22.0293
22.0323
22.0455
22.0521
22.0584
22.0746
22.0841
22.0914
22.105
22.1096
22.1191
22.1288
22.1376
22.1474
22.1617
22.1663
22.1813
22.1895
22.2135
22.2146
22.2265
22.2321
22.2414
22.2538
22.2558
22.2586
22.2776
22.2857
22.293
22.3074
22.3197
22.3242
22.3424
22.353
22.3554
22.363
22.3716
22.3819
22.3913
22.4023
22.4104
22.4191
22.4316
22.4392
22.4592
22.4681
22.4787
22.4861
22.5049
22.5189
22.5274
22.5347
22.5455
22.5521
22.5699
22.5781
22.5817
22.5898
22.6065
22.6162
22.6203
22.6269
22.6331
22.639
22.6406
22.6505
22.6571
22.6778
22.694
22.7049
22.7058
22.7147
22.7202
22.7311
22.7441
22.7562
22.7663
22.7726
22.7827
22.802
22.8256
22.8384
22.8477
22.8684
22.8793
22.885
22.8969
22.8993
22.9062
22.9285
22.9404
22.9457
22.9517
22.9661
22.99
23.0132
23.0353
23.0379
23.052
23.0689
23.0728
23.0844
23.0931
23.0967
23.0995
23.1178
23.1283
23.135
23.1514
23.1595
23.1837
23.1919
23.1967
23.2082
23.2221
23.2257
23.2298
23.235
23.2602
23.262
23.2667
23.2746
23.2875
23.2941
23.3064
23.3135
23.3178
23.326
23.3285
23.3435
23.3501
23.3569
23.3676
23.3728
23.3824
23.3894
23.3926
23.4161
23.4332
23.4354
23.451
23.4576
23.4683
23.4736
23.5038
23.5049
23.5128
23.5281
23.5388
23.5562
23.5582
23.5686
23.5753
23.593
23.6006
23.6124
23.6181
23.6311
23.6423
23.656
23.6625
23.6723
23.683
23.686
23.6969
23.7088
23.7227
23.7329
23.7372
23.7429
23.7692
23.785
23.7961
23.8033
23.8149
23.8363
23.8546
23.8841
23.8887
23.9019
23.9108
23.9195
23.9344
23.9462
23.9546
23.9705
23.98
24.004
24.0082
24.03
24.043
24.0529
24.0608
24.076
24.0819
24.0958
24.106
24.1237
24.1517
24.1771
24.1976
24.2049
24.2268
24.2437
24.2548
24.2877
24.3113
24.315
24.3321
24.3428
24.3622
24.3665
24.3744
24.3856
24.4131
24.4272
24.443
24.451
24.47
24.4795
24.4939
24.4988
24.5221
24.5528
24.5588
24.5676
24.602
24.6217
24.6256
24.6379
24.6587
24.6651
24.6835
24.698
24.7065
24.729
24.7376
24.7581
24.7614
24.7713
24.7838
24.8106
24.825
24.8462
24.8553
24.8652
24.8732
24.8996
24.9143
24.9219
24.9351
24.9415
24.9539
24.9672
24.993
25.0112
25.0248
25.038
25.0479
25.0636
25.1243
25.1333
25.1452
25.1495
25.1531
25.1767
25.1861
25.2091
25.2293
25.2295
25.2303
25.2467
25.2502
25.2617
25.2702
25.2728
25.2853
25.3015
25.321
25.3299
25.3364
25.3656
25.3776
25.3952
25.4001
25.4181
25.4255
25.4368
25.4506
25.4565
25.4815
25.4888
25.5055
25.5185
25.5219
25.5355
25.5468
25.5591
25.571
25.5786
25.5919
25.5976
25.6139
25.624
25.6333
25.6471
25.6518
25.6565
25.6756
25.6927
25.7071
25.7338
25.7389
25.7548
25.7655
25.7789
25.7859
25.7878
25.8095
25.8313
25.8422
25.8588
25.8895
25.8966
25.9336
25.9407
25.9584
25.9696
25.9919
26.0145
26.0199
26.024
26.0304
26.0472
26.0916
26.1143
26.1307
26.1439
26.1525
26.1764
26.1926
26.2007
26.2031
26.22
26.2293
26.249
26.2651
26.2695
26.2858
26.3168
26.33
26.3451
26.3474
26.3683
26.4026
26.403
26.4137
26.4368
26.4528
26.457
26.4704
26.4835
26.5225
26.5255
26.5396
26.5496
26.5573
26.5739
26.5904
26.6014
26.6095
26.6132
26.6245
26.6588
26.7033
26.7079
26.7219
26.7447
26.7578
26.7616
26.7757
26.7892
26.7952
26.8039
26.8253
26.8807
26.8919
26.8937
26.9062
26.9297
26.9367
26.9453
26.9514
26.9683
26.9845
27.0228
27.0538
27.0758
27.0887
27.1005
27.108
27.1178
27.1306
27.1369
27.1527
27.1769
27.1833
27.2005
27.2164
27.2264
27.267
27.2791
27.297
27.3347
27.3518
27.3612
27.3702
27.381
27.4042
27.4245
27.4416
27.4455
27.4629
27.497
27.5221
27.5232
27.5352
27.5511
27.5655
27.5847
27.5912
27.6077
27.6559
27.6931
27.7179
27.7606
27.8172
27.8362
27.8492
27.8923
27.9206
27.9476
27.9639
27.9695
27.9822
28.0542
28.1143
28.1266
28.1588
28.1877
28.1916
28.2647
28.2921
28.2978
28.3053
28.3239
28.356
28.3719
28.397
28.4153
28.4483
28.4656
28.4857
28.5085
28.5544
28.5614
28.5953
28.6159
28.6406
28.6764
28.6854
28.7018
28.7646
28.7826
28.786
28.7914
28.7973
28.8272
28.8393
28.847
28.8681
28.8743
28.8763
28.9048
28.9126
28.9617
28.9748
28.9878
29.0215
29.0498
29.053
29.0747
29.0945
29.1211
29.1313
29.1429
29.153
29.1624
29.178
29.2131
29.2346
29.242
29.2843
29.2953
29.3156
29.3163
29.3664
29.3868
29.4003
29.4444
29.4793
29.5017
29.5204
29.5357
29.5796
29.5955
29.6182
29.6243
29.6671
29.671
29.7095
29.7423
29.7555
29.7723
29.7997
29.8423
29.8671
29.9085
29.9141
29.9336
29.9581
29.966
29.9902
30.0003
30.0036
30.0364
30.0438
30.0618
30.0781
30.0849
30.1199
30.1304
30.1496
30.1744
30.1797
30.1921
30.2448
30.2672
30.3121
30.3392
30.3451
30.3563
30.447
30.4516
30.4927
30.5009
30.562
30.5678
30.5763
30.6142
30.6255
30.6897
30.6966
30.7452
30.7641
30.7939
30.8085
30.8433
30.8746
30.9285
30.9546
30.9946
31.0194
31.0396
31.0589
31.1253
31.1401
31.1862
31.2394
31.2702
31.3182
31.3536
31.3766
31.4232
31.4536
31.4574
31.4725
31.4965
31.559
31.5731
31.6084
31.6181
31.6436
31.6695
31.729
31.7594
31.7677
31.817
31.8454
31.868
31.8989
31.9336
31.953
31.9797
32.0634
32.0907
32.1105
32.1579
32.1773
32.1878
32.1931
32.2034
32.233
32.2442
32.2512
32.3149
32.3629
32.4154
32.464
32.4993
32.5263
32.5872
32.6749
32.6821
32.7018
32.7095
32.7193
32.7532
32.8298
32.8649
32.9112
32.9406
32.9798
32.9815
33.0008
33.0377
33.0794
33.1464
33.1493
33.1699
33.1746
33.1982
33.2085
33.2603
33.2882
33.3424
33.3546
33.4587
33.4646
33.5118
33.6115
33.6369
33.6733
33.6936
33.7505
33.8486
33.9681
33.9774
33.997
34.073
34.096
34.1741
34.2305
34.2364
34.2735
34.3151
34.4085
34.4684
34.4754
34.6044
34.6093
34.6859
34.9119
35.006
35.028
35.086
35.1403
35.1802
35.221
35.2277
35.3334
35.3804
35.469
35.6027
35.6108
35.6568
35.7188
35.8159
35.8934
35.9447
35.9503
35.9605
36.0005
36.0285
36.0892
36.1011
36.1313
36.2897
36.3957
36.5177
36.5487
36.6333
36.649
36.755
36.8061
36.964
37.0079
37.0302
37.1437
37.2556
37.2645
37.4324
37.4416
37.6996
37.7752
37.8234
38.2492
38.341
38.6964
38.7569
38.8452
38.8976
39.3027
39.539
39.6212
39.6536
40.3703
40.4626
40.522
40.552
40.5785
40.6581
40.8108
41.5661
41.6168
41.7361
41.7741
43.3962
43.4441
45.3453
45.4306
46.6174
46.6671
51.9035
