-32.6127
-31.2057
-31.2057
-30.1602
-30.1602
-29.5164
-29.5164
-29.4912
-29.3387
-29.3387
-28.9505
-28.9505
-28.1442
-28.1442
-27.2164
-27.2164
-27.0387
-27.0387
-26.7433
-26.7433
-26.4897
-26.3949
-26.3949
-25.8891
-25.8891
-25.2604
-25.2604
-25.0827
-25.0827
-24.5033
-24.5033
-24.1549
-24.1549
-23.7236
-23.6819
-23.6819
-23.5459
-23.5459
-23.3934
-23.3934
-23.3683
-22.8276
-22.8276
-22.665
-22.665
-22.4874
-22.4874
-22.3166
-22.3166
-22.1389
-22.1389
-22.1253
-22.1253
-21.9477
-21.9477
-21.5595
-21.5595
-21.3819
-21.3819
-21.299
-21.2711
-21.2711
-21.0934
-21.0934
-20.9505
-20.9505
-20.798
-20.798
-20.6204
-20.6204
-20.6021
-20.4578
-20.4578
-20.4496
-20.4496
-20.272
-20.272
-20.1094
-20.1094
-19.892
-19.892
-19.6035
-19.6035
-19.5435
-19.5435
-19.3523
-19.3523
-19.3092
-19.2551
-19.2551
-19.0039
-19.0039
-18.8465
-18.8465
-18.7433
-18.7433
-18.7236
-18.7236
-18.498
-18.498
-18.498
-18.498
-18.4549
-18.4549
-18.2027
-18.2027
-18.1775
-18.1578
-18.1578
-18.1496
-18.1496
-18.025
-18.025
-17.9022
-17.9022
-17.8891
-17.8891
-17.8693
-17.8693
-17.8542
-17.8542
-17.8306
-17.6766
-17.6766
-17.6006
-17.3963
-17.3963
-17.3363
-17.3363
-17.0479
-17.0479
-17.0479
-17.0479
-17.0092
-17.0092
-16.9201
-16.8567
-16.8567
-16.8305
-16.8305
-16.542
-16.542
-16.5033
-16.5033
-16.4821
-16.4821
-16.4685
-16.4685
-16.4236
-16.4236
-16.2908
-16.2908
-16.2908
-16.2908
-16.1936
-16.1936
-16.1877
-16.1549
-16.1549
-16.0024
-16.0024
-15.9027
-15.9027
-15.8146
-15.8146
-15.725
-15.725
-15.6819
-15.6819
-15.6621
-15.6621
-15.647
-15.647
-15.6142
-15.6142
-15.6022
-15.6022
-15.4366
-15.4366
-15.3335
-15.3335
-15.2739
-15.2739
-15.176
-15.0963
-15.0963
-15.0963
-15.0963
-15.0812
-15.0812
-15.0532
-15.0532
-14.8407
-14.8407
-14.8276
-14.8276
-14.7928
-14.7928
-14.7479
-14.7479
-14.7343
-14.7343
-14.7092
-14.665
-14.665
-14.5567
-14.5567
-14.4874
-14.4874
-14.4792
-14.4676
-14.4676
-14.4525
-14.4525
-14.3349
-14.3349
-14.2749
-14.2749
-14.1685
-14.1685
-13.9864
-13.9864
-13.9477
-13.9477
-13.9467
-13.9467
-13.9128
-13.9128
-13.8238
-13.8238
-13.7987
-13.769
-13.769
-13.7352
-13.7352
-13.6462
-13.6462
-13.5982
-13.5982
-13.5595
-13.5595
-13.4206
-13.4206
-13.407
-13.407
-13.407
-13.407
-13.3819
-13.3819
-13.3621
-13.3621
-13.347
-13.347
-13.258
-13.258
-13.2294
-13.2294
-13.1862
-13.0668
-13.0668
-13.0586
-13.0586
-12.9308
-12.9308
-12.8809
-12.8809
-12.8412
-12.8412
-12.798
-12.798
-12.7532
-12.7532
-12.7532
-12.7532
-12.7183
-12.7183
-12.7183
-12.7183
-12.6204
-12.6204
-12.6007
-12.6007
-12.5856
-12.5856
-12.5407
-12.5407
-12.4928
-12.4928
-12.4578
-12.4578
-12.4098
-12.2322
-12.2322
-12.2125
-12.2125
-12.2125
-12.2125
-12.1525
-12.1525
-12.1094
-12.1094
-12.1094
-12.1094
-12.0797
-12.0797
-12.0546
-12.0349
-12.0349
-11.9613
-11.9613
-11.9569
-11.9569
-11.9317
-11.9317
-11.7792
-11.7792
-11.7313
-11.7313
-11.7077
-11.6128
-11.6128
-11.6035
-11.6035
-11.5687
-11.5687
-11.5435
-11.5435
-11.5238
-11.5238
-11.391
-11.391
-11.391
-11.391
-11.391
-11.391
-11.391
-11.391
-11.3523
-11.3523
-11.3462
-11.3462
-11.2134
-11.2134
-11.1998
-11.1998
-11.107
-11.107
-11.0639
-11.0639
-11.0639
-11.0639
-11.0508
-11.0508
-11.0028
-11.0028
-10.8862
-10.8862
-10.8514
-10.8514
-10.8252
-10.8252
-10.8116
-10.8116
-10.7972
-10.7024
-10.7024
-10.634
-10.634
-10.498
-10.498
-10.498
-10.498
-10.4783
-10.4783
-10.4632
-10.4632
-10.42
-10.3455
-10.3455
-10.3007
-10.3007
-10.2856
-10.2856
-10.2856
-10.2856
-10.2424
-10.2424
-10.1965
-10.1965
-10.1578
-10.1578
-10.0648
-10.0053
-10.0053
-10.0053
-10.0053
-9.95735
-9.95735
-9.94531
-9.94531
-9.86933
-9.86933
-9.85422
-9.85422
-9.83448
-9.83448
-9.80936
-9.80936
-9.77972
-9.77972
-9.69171
-9.69171
-9.6766
-9.6766
-9.65685
-9.65685
-9.65685
-9.65685
-9.65685
-9.65685
-9.65685
-9.65685
-9.65685
-9.65685
-9.52409
-9.52409
-9.47923
-9.47923
-9.39632
-9.39632
-9.36147
-9.36147
-9.33634
-9.33634
-9.2884
-9.26866
-9.26866
-9.18384
-9.18384
-9.15101
-9.15101
-9.1359
-9.1359
-9.09103
-9.09103
-9.09103
-9.09103
-9.04789
-9.04789
-9.04789
-9.04789
-9.01304
-9.01304
-8.95827
-8.95827
-8.94149
-8.89981
-8.89981
-8.83541
-8.83541
-8.81076
-8.81076
-8.79565
-8.79565
-8.76386
-8.76386
-8.61136
-8.61136
-8.58623
-8.54205
-8.54205
-8.5072
-8.5072
-8.48207
-8.48207
-8.46847
-8.46847
-8.46233
-8.46233
-8.44722
-8.44722
-8.32957
-8.32957
-8.29084
-8.29084
-8.29084
-8.29084
-8.25599
-8.25599
-8.12004
-8.12004
-8.07836
-8.07836
-8.04554
-8.04554
-8.03099
-7.99546
-7.98932
-7.98932
-7.96754
-7.96754
-7.94241
-7.94241
-7.94241
-7.94241
-7.94138
-7.94138
-7.88291
-7.88291
-7.85337
-7.85337
-7.78991
-7.78991
-7.70528
-7.70528
-7.70086
-7.70086
-7.69017
-7.69017
-7.67574
-7.66214
-7.66214
-7.64703
-7.64703
-7.6142
-7.6142
-7.53448
-7.53448
-7.43657
-7.43657
-7.4099
-7.4099
-7.40172
-7.40172
-7.40172
-7.40172
-7.35685
-7.35685
-7.2986
-7.27395
-7.27395
-7.22409
-7.22409
-7.14119
-7.14119
-7.13504
-7.13504
-7.09632
-7.09632
-7.09632
-7.09632
-7.06147
-7.06147
-7.06147
-7.06147
-7.06147
-7.06147
-7.06147
-7.06147
-6.94382
-6.94382
-6.92552
-6.92552
-6.88384
-6.88384
-6.88384
-6.88384
-6.8359
-6.8359
-6.80787
-6.80787
-6.79276
-6.79276
-6.77301
-6.77301
-6.74789
-6.74789
-6.71304
-6.71304
-6.59539
-6.59539
-6.59539
-6.59539
-6.58845
-6.58845
-6.55563
-6.55563
-6.5169
-6.4525
-6.4525
-6.43276
-6.43276
-6.33485
-6.33485
-6.3
-6.3
-6.28691
-6.27488
-6.27488
-6.25513
-6.25513
-6.24002
-6.24002
-6.2072
-6.2072
-6.2072
-6.2072
-6.16847
-6.16847
-6.16405
-6.16405
-6.02957
-6.02957
-6.01597
-6.01597
-5.98642
-5.98642
-5.98642
-5.98642
-5.95157
-5.95157
-5.86694
-5.86694
-5.83834
-5.83834
-5.82004
-5.73418
-5.73418
-5.73418
-5.73418
-5.69546
-5.69546
-5.68931
-5.68931
-5.67572
-5.67572
-5.66754
-5.66754
-5.60641
-5.59823
-5.59823
-5.57849
-5.57849
-5.54296
-5.54296
-5.48991
-5.48991
-5.44573
-5.44573
-5.4206
-5.4206
-5.407
-5.407
-5.407
-5.407
-5.40086
-5.40086
-5.38575
-5.38575
-5.34703
-5.34703
-5.32729
-5.32729
-5.25798
-5.25798
-5.22938
-5.22938
-5.19453
-5.19453
-5.19453
-5.19453
-5.1099
-5.1099
-5.10548
-5.10548
-5.06675
-5.06675
-5.05857
-5.05857
-4.92785
-4.92785
-4.90955
-4.87991
-4.87991
-4.87401
-4.85427
-4.85427
-4.8461
-4.8461
-4.84118
-4.84118
-4.82144
-4.82144
-4.76147
-4.76147
-4.75705
-4.75705
-4.71832
-4.71832
-4.71832
-4.71832
-4.68868
-4.68868
-4.58556
-4.58556
-4.57942
-4.57942
-4.56582
-4.56582
-4.54069
-4.54069
-4.5271
-4.50093
-4.50093
-4.49275
-4.49275
-4.47301
-4.47301
-4.34843
-4.34843
-4.34025
-4.34025
-4.29711
-4.28845
-4.28845
-4.21248
-4.21248
-4.21248
-4.21248
-4.17763
-4.17763
-4.1525
-4.1525
-4.03485
-4.03485
-4.01974
-4.01974
-4
-4
-4
-4
-4
-4
-4
-4
-4
-4
-4
-4
-4
-4
-4
-4
-3.96128
-3.96128
-3.86405
-3.86405
-3.86405
-3.86405
-3.82237
-3.82237
-3.73947
-3.73947
-3.73129
-3.73129
-3.71155
-3.71155
-3.68642
-3.68642
-3.67282
-3.67282
-3.65975
-3.65975
-3.65157
-3.65157
-3.6166
-3.56866
-3.56866
-3.52699
-3.52699
-3.43418
-3.43418
-3.42058
-3.42058
-3.39546
-3.39104
-3.39104
-3.39104
-3.39104
-3.39104
-3.39104
-3.39104
-3.39104
-3.31132
-3.31132
-3.24295
-3.24295
-3.23853
-3.23853
-3.21341
-3.21341
-3.19981
-3.19981
-3.17856
-3.17856
-3.16547
-3.1539
-3.1539
-3.14573
-3.14573
-3.12009
-3.12009
-3.107
-3.107
-3.07215
-3.07215
-3.05078
-3.05078
-3.04261
-3.04261
-2.89452
-2.89452
-2.8901
-2.8901
-2.85138
-2.85138
-2.81855
-2.80547
-2.80547
-2.80547
-2.80547
-2.76233
-2.76233
-2.67271
-2.67271
-2.63399
-2.63399
-2.61425
-2.61425
-2.59914
-2.59914
-2.55427
-2.55427
-2.51113
-2.51113
-2.51009
-2.51009
-2.48496
-2.46319
-2.46319
-2.45704
-2.45704
-2.42151
-2.42151
-2.34554
-2.34554
-2.33246
-2.33246
-2.32428
-2.32428
-2.31069
-2.31069
-2.28556
-2.28556
-2.28556
-2.28556
-2.26582
-2.26582
-2.26582
-2.26582
-2.19651
-2.19651
-2.16166
-2.16166
-2.13804
-2.13306
-2.13306
-2.04843
-2.04843
-2.00528
-2.00528
-2.00528
-2.00528
-1.99711
-1.99711
-1.98403
-1.98403
-1.97043
-1.97043
-1.94531
-1.94531
-1.90806
-1.87252
-1.7928
-1.7928
-1.7928
-1.7928
-1.75998
-1.75998
-1.74487
-1.74487
-1.7
-1.7
-1.65685
-1.65685
-1.65685
-1.65685
-1.65685
-1.65685
-1.61709
-1.61709
-1.56724
-1.56724
-1.52409
-1.52409
-1.44437
-1.44437
-1.43946
-1.43946
-1.43946
-1.43946
-1.41155
-1.41155
-1.40565
-1.40461
-1.40461
-1.40461
-1.40461
-1.36147
-1.36147
-1.3166
-1.3166
-1.28696
-1.28696
-1.26866
-1.26866
-1.22699
-1.22699
-1.18384
-1.18384
-1.17566
-1.1641
-1.1641
-1.15101
-1.15101
-1.11616
-1.11616
-1.11616
-1.11616
-1.09103
-1.09103
-1.09103
-1.09103
-1.05618
-1.05618
-0.938533
-0.938533
-0.938533
-0.938533
-0.938533
-0.938533
-0.938533
-0.938533
-0.899808
-0.899808
-0.864957
-0.864957
-0.810759
-0.810759
-0.802582
-0.802582
-0.795649
-0.795649
-0.795649
-0.795649
-0.775908
-0.775908
-0.643148
-0.643148
-0.618021
-0.618021
-0.59828
-0.59828
-0.59828
-0.59828
-0.590102
-0.590102
-0.551378
-0.551378
-0.507197
-0.507197
-0.495158
-0.46552
-0.46552
-0.462329
-0.462329
-0.447219
-0.447219
-0.393966
-0.329569
-0.329569
-0.309827
-0.309827
-0.299137
-0.299137
-0.294717
-0.294717
-0.271102
-0.271102
-0.255993
-0.255993
-0.210088
-0.210088
-0.117089
-0.117089
-0.0783646
-0.0783646
-0.058623
-0.058623
-0.0455354
-0.0455354
-0.0324597
-0.0324597
-0.0106841
-0.0106841
0.0106841
0.0106841
0.0455354
0.0455354
0.0783646
0.0783646
0.117089
0.117089
0.249849
0.249849
0.249849
0.249849
0.255993
0.255993
0.294717
0.294717
0.302895
0.329569
0.329569
0.359114
0.359114
0.372713
0.372713
0.427478
0.427478
0.447219
0.447219
0.462329
0.462329
0.507197
0.507197
0.516526
0.550341
0.550341
0.550341
0.550341
0.59828
0.59828
0.59828
0.59828
0.611355
0.611355
0.775908
0.775908
0.795649
0.795649
0.810759
0.810759
0.835411
0.835411
0.864957
0.864957
0.893664
0.899808
0.899808
0.938533
0.938533
0.938533
0.938533
0.938533
0.938533
0.938533
0.938533
0.958274
0.958274
0.983401
1.01304
1.01304
1.05618
1.05618
1.07129
1.07129
1.09103
1.09103
1.09103
1.09103
1.11616
1.11616
1.11616
1.11616
1.1359
1.1359
1.15101
1.15101
1.18384
1.18384
1.21339
1.22699
1.22699
1.24892
1.26866
1.26866
1.36147
1.36147
1.40461
1.40461
1.40461
1.40461
1.44437
1.44437
1.47923
1.47923
1.50435
1.50435
1.52409
1.52409
1.59584
1.622
1.622
1.65685
1.65685
1.65685
1.65685
1.65685
1.65685
1.65685
1.65685
1.65685
1.65685
1.7
1.7
1.74487
1.74487
1.75998
1.75998
1.77972
1.77972
1.7928
1.7928
1.7928
1.7928
1.83448
1.83448
1.94531
1.94531
1.95735
1.95735
1.97043
1.97043
1.98403
1.98403
2.00528
2.00528
2.00528
2.00528
2.13306
2.13306
2.16166
2.16166
2.19651
2.19651
2.26582
2.26582
2.26582
2.26582
2.28556
2.28556
2.28556
2.28556
2.30067
2.30067
2.31069
2.31069
2.32428
2.32428
2.34554
2.34554
2.37222
2.46319
2.46319
2.4783
2.4783
2.50633
2.54985
2.54985
2.55427
2.55427
2.61425
2.61425
2.63399
2.63399
2.67271
2.67271
2.67271
2.67271
2.70235
2.70235
2.72748
2.80547
2.80547
2.80547
2.80547
2.81162
2.81162
2.82522
2.82522
2.85034
2.85034
2.85138
2.85138
2.89452
2.89452
3.00284
3.00284
3.05078
3.05078
3.07215
3.07215
3.107
3.107
3.14573
3.14573
3.17856
3.17856
3.19367
3.19367
3.19981
3.19981
3.21341
3.21341
3.23853
3.23853
3.28272
3.34617
3.34617
3.37129
3.37129
3.37129
3.37129
3.39104
3.39104
3.39104
3.39104
3.39104
3.39104
3.39104
3.39104
3.43418
3.43418
3.46034
3.46034
3.49416
3.49416
3.5238
3.5238
3.56866
3.56866
3.61181
3.61181
3.61285
3.61285
3.63797
3.65157
3.65157
3.65975
3.65975
3.73129
3.73129
3.77923
3.77923
3.82237
3.82237
3.95686
3.95686
3.96128
3.96128
3.98489
4
4
4
4
4
4
4
4
4
4
4
4
4
4
4
4
4.01511
4.03485
4.03485
4.07972
4.07972
4.1525
4.1525
4.17763
4.17763
4.21248
4.21248
4.21248
4.21248
4.34025
4.34025
4.34843
4.34843
4.36203
4.38819
4.38819
4.49275
4.49275
4.50584
4.50584
4.53966
4.53966
4.54069
4.54069
4.56582
4.56582
4.58556
4.58556
4.60067
4.60067
4.62871
4.62871
4.62871
4.62871
4.71728
4.71832
4.71832
4.71832
4.71832
4.76147
4.76147
4.80633
4.80633
4.82144
4.82144
4.84118
4.84118
4.85427
4.85427
4.88095
4.88095
4.92785
4.92785
5.05857
5.05857
5.06675
5.06675
5.10548
5.10548
5.14966
5.14966
5.19453
5.19453
5.19453
5.19453
5.22938
5.22938
5.25798
5.25798
5.27252
5.32729
5.32729
5.32729
5.32729
5.34703
5.34703
5.36214
5.36214
5.38575
5.38575
5.407
5.407
5.407
5.407
5.4206
5.4206
5.44573
5.44573
5.45015
5.45015
5.49367
5.59823
5.59823
5.62778
5.64617
5.64617
5.67572
5.67572
5.68931
5.68931
5.73418
5.73418
5.73418
5.73418
5.73522
5.73522
5.76903
5.76903
5.8238
5.8238
5.83834
5.83834
5.86694
5.86694
5.91285
5.91285
5.94666
5.94666
5.98642
5.98642
6.01597
6.01597
6.02957
6.02957
6.16847
6.16847
6.2072
6.2072
6.2072
6.2072
6.24002
6.24002
6.25513
6.25513
6.27488
6.27488
6.3
6.3
6.33485
6.33485
6.378
6.378
6.40416
6.4525
6.4525
6.46761
6.46761
6.49565
6.49565
6.55563
6.55563
6.55666
6.55666
6.59539
6.59539
6.59539
6.59539
6.73429
6.73429
6.74789
6.74789
6.75108
6.77301
6.77301
6.78661
6.79276
6.79276
6.8407
6.8407
6.88384
6.88384
6.88384
6.88384
6.92871
6.92871
6.94382
6.94382
7.0166
7.06147
7.06147
7.06147
7.06147
7.06147
7.06147
7.06147
7.06147
7.08121
7.08121
7.09632
7.09632
7.09632
7.09632
7.10634
7.13504
7.13504
7.22409
7.22409
7.27395
7.27395
7.40172
7.40172
7.40172
7.40172
7.43657
7.43657
7.44966
7.44966
7.44966
7.44966
7.48347
7.57252
7.57252
7.60216
7.60216
7.6142
7.6142
7.62729
7.62729
7.64089
7.64089
7.64703
7.64703
7.66214
7.66214
7.69711
7.70528
7.70528
7.72502
7.72502
7.75015
7.75015
7.75015
7.75015
7.88291
7.88291
7.90265
7.90265
7.98932
7.98932
8.00239
8.00239
8.04554
8.04554
8.07836
8.07836
8.19362
8.19362
8.25599
8.25599
8.2711
8.2711
8.29084
8.29084
8.29084
8.29084
8.32957
8.32957
8.39397
8.4236
8.4236
8.44722
8.44722
8.46233
8.46233
8.46847
8.46847
8.48207
8.48207
8.49516
8.5072
8.5072
8.54205
8.54205
8.55138
8.55138
8.61802
8.61802
8.79565
8.79565
8.79565
8.79565
8.80258
8.80258
8.81076
8.81076
8.8305
8.8305
8.85666
8.85666
8.89981
8.89981
9.04789
9.04789
9.04789
9.04789
9.09103
9.09103
9.09103
9.09103
9.15101
9.15101
9.17566
9.18384
9.18384
9.26866
9.26866
9.3166
9.3166
9.33634
9.33634
9.36147
9.36147
9.39632
9.39632
9.40565
9.43946
9.43946
9.43946
9.43946
9.52409
9.52409
9.61709
9.61709
9.65685
9.65685
9.65685
9.65685
9.65685
9.65685
9.6766
9.6766
9.85422
9.85422
9.86933
9.86933
9.87252
9.90216
9.90216
9.90806
9.94531
9.94531
9.99711
9.99711
10.0053
10.0053
10.0053
10.0053
10.025
10.025
10.138
10.1496
10.1496
10.1578
10.1578
10.1965
10.1965
10.2027
10.2027
10.2856
10.2856
10.2856
10.2856
10.3455
10.3455
10.4632
10.4632
10.485
10.498
10.498
10.498
10.498
10.5111
10.5111
10.634
10.634
10.7236
10.7236
10.7623
10.7623
10.8186
10.8465
10.8465
10.8514
10.8514
11.0039
11.0039
11.0426
11.0426
11.0508
11.0508
11.107
11.107
11.1655
11.1998
11.1998
11.2134
11.2134
11.2551
11.2551
11.3523
11.3523
11.391
11.391
11.391
11.391
11.391
11.391
11.391
11.391
11.3955
11.5435
11.5435
11.5687
11.5687
11.6035
11.6035
11.6166
11.6728
11.6728
11.6864
11.6864
11.7313
11.7313
11.7395
11.7395
11.864
11.864
11.864
11.864
11.892
11.892
11.9613
11.9613
12.0197
12.0197
12.0349
12.0349
12.1094
12.1094
12.1525
12.1525
12.2125
12.2125
12.2125
12.2125
12.272
12.272
12.2971
12.4496
12.4496
12.4578
12.4578
12.4928
12.4928
12.5009
12.5009
12.5271
12.5407
12.5407
12.5856
12.5856
12.6204
12.6204
12.7183
12.7183
12.7183
12.7183
12.798
12.798
12.8412
12.8412
12.874
12.9095
13.0586
13.0586
13.0668
13.0668
13.0934
13.0934
13.2294
13.2294
13.258
13.258
13.2711
13.2711
13.347
13.347
13.3819
13.3819
13.407
13.407
13.407
13.407
13.4206
13.4206
13.5595
13.5595
13.5982
13.5982
13.6064
13.6955
13.6955
13.82
13.9477
13.9477
13.9864
13.9864
13.9864
13.9864
14.1253
14.1253
14.1389
14.1389
14.1641
14.1641
14.1685
14.1685
14.2749
14.2749
14.2869
14.3166
14.3166
14.3349
14.3349
14.4525
14.4525
14.4874
14.4874
14.5169
14.665
14.665
14.7479
14.7479
14.7928
14.7928
14.8079
14.8079
14.8276
14.8276
14.9255
14.9255
15.0963
15.0963
15.0963
15.0963
15.1412
15.1412
15.2739
15.2739
15.2986
15.3934
15.3934
15.4366
15.4366
15.6142
15.6142
15.647
15.647
15.6621
15.6621
15.6757
15.6819
15.6819
15.8534
15.8534
15.9424
15.9424
15.9424
15.9424
15.9955
16.031
16.12
16.12
16.1549
16.1549
16.2908
16.2908
16.2908
16.2908
16.4685
16.4685
16.4821
16.4821
16.5033
16.5033
16.542
16.542
16.5862
16.7639
16.7639
16.9415
17.0479
17.0479
17.0479
17.0479
17.0827
17.0827
17.2604
17.2604
17.2884
17.3363
17.3363
17.3963
17.3963
17.6766
17.6766
17.6917
17.6917
17.8094
17.8094
17.8542
17.8542
17.8693
17.8693
17.8891
17.8891
18.0648
18.1578
18.1578
18.2424
18.2424
18.3949
18.3949
18.42
18.498
18.498
18.498
18.498
18.7433
18.7433
18.7972
18.8862
18.8862
19.0387
19.0387
19.0639
19.0639
19.0639
19.0639
19.2164
19.2164
19.3523
19.3523
19.5435
19.5435
19.6035
19.6035
19.7077
19.9317
19.9317
20.0546
20.1094
20.1094
20.1094
20.1094
20.1442
20.1442
20.2322
20.2322
20.4098
20.4578
20.4578
20.6204
20.6204
20.7532
20.7532
20.7532
20.7532
20.798
20.798
20.9308
20.9308
20.9505
20.9505
21.1862
21.3387
21.3387
21.3819
21.3819
21.5164
21.5164
21.5595
21.5595
21.7987
21.9477
21.9477
22.1602
22.1602
22.4792
22.4874
22.4874
22.665
22.665
22.7092
22.8276
22.8276
23.0532
23.0532
23.176
23.2057
23.2057
23.3335
23.3335
23.6819
23.6819
23.8146
23.8146
24.1549
24.1549
24.1877
24.5033
24.5033
24.9201
25.0092
25.0092
25.6006
25.8306
25.8891
25.8891
26.1775
26.4549
26.4549
26.7433
26.7433
27.3092
28.6021
28.9505
28.9505
29.299
31.3683
31.5459
31.5459
31.7236
34.4897
37.4912
40.6127
