-62.9487 29
-61.6897 16
-60.4307 30
-59.1718 85
-57.9128 100
-56.6538 36
-55.3948 138
-54.1359 333
-52.8769 371
-51.6179 702
-50.359 985
-49.1 1325
-47.841 1456
-46.582 2474
-45.3231 3423
-44.0641 4407
-42.8051 6089
-41.5461 8260
-40.2872 10923
-39.0282 13678
-37.7692 17507
-36.5102 22359
-35.2513 28898
-33.9923 35625
-32.7333 44475
-31.4743 55571
-30.2154 66480
-28.9564 80409
-27.6974 97180
-26.4385 116543
-25.1795 134088
-23.9205 158680
-22.6615 186556
-21.4026 211894
-20.1436 239088
-18.8846 277349
-17.6256 312516
-16.3667 348076
-15.1077 387130
-13.8487 425737
-12.5897 463274
-11.3308 504991
-10.0718 549469
-8.81282 584908
-7.55384 624479
-6.29487 644600
-5.0359 692894
-3.77692 720684
-2.51795 744269
-1.25897 766187
0 778321
1.25897 790707
2.51795 803911
3.77692 802042
5.0359 794852
6.29487 771948
7.55384 779069
8.81282 751662
10.0718 723413
11.3308 699229
12.5897 672756
13.8487 635471
15.1077 601276
16.3667 560306
17.6256 520582
18.8846 481457
20.1436 439908
21.4026 406282
22.6615 366246
23.9205 327232
25.1795 296610
26.4385 266247
27.6974 233122
28.9564 202033
30.2154 173356
31.4743 149293
32.7333 128933
33.9923 108321
35.2513 92144
36.5102 77285
37.7692 65425
39.0282 55204
40.2872 46385
41.5461 37790
42.8051 29809
44.0641 23713
45.3231 18301
46.582 14106
47.841 10394
49.1 7831
50.359 5869
51.6179 4710
52.8769 3639
54.1359 2885
55.3948 2428
56.6538 2018
57.9128 1676
59.1718 1347
60.4307 880
61.6897 538
62.9487 119
