-35.0503 2
-33.1701 8
-32.6215 8
-29.8564 24
-28.1082 8
-27.7128 16
-27.3137 32
-24.6215 16
-24 24
-23.2169 32
-22.541 8
-21.8564 128
-21.8535 8
-21.166 2
-19.4514 8
-19.3137 56
-17.5251 32
-17.4046 32
-17.1701 8
-16.6215 8
-16 272
-15.9804 8
-15.6085 32
-15.5988 32
-15.2169 64
-14.9282 32
-14.7416 8
-14.0541 16
-13.8564 240
-13.8123 8
-12.7023 32
-12.5093 32
-11.3137 64
-11.2705 16
-10.9282 128
-10.583 32
-10.5427 8
-10.0317 2
-9.72572 16
-9.40456 64
-9.34419 8
-9.03823 8
-8.65671 8
-8 984
-7.79942 32
-7.60845 64
-7.2169 32
-6.94214 32
-6.25465 32
-5.85641 128
-5.81234 16
-5.56716 8
-5.4573 8
-5.01584 32
-4.70228 64
-4.68629 32
-4.32835 16
-4 64
-3.8526 2
-3.47107 32
-3.31371 56
-3.29772 32
-3.08954 8
-2.9282 128
-2.78358 16
-2.18766 8
-2.14359 24
-1.9263 32
-1.54477 16
-1.40456 32
-1.0718 32
-0.857283 8
-0.391548 32
0 1586
0.391548 32
0.857283 8
1.0718 32
1.40456 32
1.54477 16
1.9263 32
2.14359 24
2.18766 8
2.78358 16
2.9282 128
3.08954 8
3.29772 32
3.31371 56
3.47107 32
3.8526 2
4 64
4.32835 16
4.68629 32
4.70228 64
5.01584 32
5.4573 8
5.56716 8
5.81234 16
5.85641 128
6.25465 32
6.94214 32
7.2169 32
7.60845 64
7.79942 32
8 984
8.65671 8
9.03823 8
9.34419 8
9.40456 64
9.72572 16
10.0317 2
10.5427 8
10.583 32
10.9282 128
11.2705 16
11.3137 64
12.5093 32
12.7023 32
13.8123 8
13.8564 240
14.0541 16
14.7416 8
14.9282 32
15.2169 64
15.5988 32
15.6085 32
15.9804 8
16 272
16.6215 8
17.1701 8
17.4046 32
17.5251 32
19.3137 56
19.4514 8
21.166 2
21.8535 8
21.8564 128
22.541 8
23.2169 32
24 24
24.6215 16
27.3137 32
27.7128 16
28.1082 8
29.8564 24
32.6215 8
33.1701 8
35.0503 2
