-55.3736 9
-54.2661 20
-53.1586 2
-52.0512 50
-50.9437 28
-49.8362 20
-48.7287 58
-47.6213 69
-46.5138 137
-45.4063 193
-44.2989 206
-43.1914 413
-42.0839 480
-40.9764 506
-39.869 798
-38.7615 963
-37.654 1145
-36.5466 1682
-35.4391 2048
-34.3316 2891
-33.2241 3307
-32.1167 3729
-31.0092 4849
-29.9017 6180
-28.7943 7242
-27.6868 8758
-26.5793 10614
-25.4718 11752
-24.3644 14523
-23.2569 16195
-22.1494 19182
-21.042 22059
-19.9345 24871
-18.827 28550
-17.7195 32741
-16.6121 35653
-15.5046 39657
-14.3971 44151
-13.2897 47332
-12.1822 52644
-11.0747 57300
-9.96724 60778
-8.85977 65843
-7.7523 68747
-6.64483 72912
-5.53736 78234
-4.42989 81835
-3.32241 82744
-2.21494 84999
-1.10747 89877
7.10543e-15 89514
1.10747 91858
2.21494 93427
3.32241 90728
4.42989 92414
5.53736 94869
6.64483 90763
7.7523 88783
8.85977 86563
9.96724 81671
11.0747 80735
12.1822 77813
13.2897 72645
14.3971 71953
15.5046 64363
16.6121 60536
17.7195 57858
18.827 54546
19.9345 48974
21.042 44924
22.1494 41224
23.2569 36383
24.3644 33236
25.4718 28553
26.5793 25135
27.6868 22758
28.7943 20067
29.9017 18159
31.0092 15694
32.1167 13424
33.2241 11767
34.3316 10246
35.4391 8909
36.5466 7384
37.654 5661
38.7615 4590
39.869 3671
40.9764 2805
42.0839 2347
43.1914 1772
44.2989 1487
45.4063 1186
46.5138 1104
47.6213 887
48.7287 810
49.8362 638
50.9437 639
52.0512 494
53.1586 305
54.2661 210
55.3736 74
