-55.6412 2
-54.4779 8
-54.364 8
-54.0751 8
-53.3703 8
-52.4838 16
-52.3343 16
-51.9352 32
-51.7128 32
-51.1335 8
-51.0503 16
-50.51 8
-49.5692 24
-49.2429 16
-49.1701 96
-48.9067 32
-48.6215 24
-48.2187 32
-47.9522 32
-47.8979 32
-47.4219 32
-47.0265 64
-46.991 8
-46.8084 8
-46.6274 64
-46.6258 2
-46.4779 160
-45.8564 96
-45.5657 32
-45.3703 16
-45.0733 32
-44.1082 64
-43.9352 64
-43.7128 320
-43.5492 8
-43.3137 96
-43.0857 32
-43.0503 96
-43.0162 32
-42.9297 64
-42.7614 32
-42.7556 32
-42.5306 128
-42.4832 32
-42.4256 8
-42.2953 32
-42.0958 128
-41.9646 128
-41.8547 32
-41.8293 8
-41.5692 48
-41.1701 512
-41.1672 32
-41.1054 32
-41.0871 8
-40.8635 32
-40.6215 296
-40.4797 8
-40.2187 56
-40.0643 32
-40 40
-39.8979 64
-39.8384 128
-39.8041 8
-39.7139 8
-39.5497 32
-39.5313 16
-39.5138 32
-39.293 32
-39.261 32
-39.2169 96
-39.0415 32
-38.7652 32
-38.6911 16
-38.6274 112
-38.5636 128
-38.541 64
-38.5085 32
-38.4779 240
-38.364 8
-38.3407 2
-38.1917 32
-38.1581 8
-38.0751 8
-37.9755 8
-37.9658 128
-37.8564 1184
-37.8535 64
-37.6133 160
-37.5657 32
-37.5502 8
-37.4649 32
-37.3703 8
-37.3515 32
-37.1689 16
-37.166 16
-37.1174 64
-37.0733 640
-36.905 128
-36.8635 128
-36.8389 128
-36.8185 16
-36.7846 128
-36.7183 128
-36.6385 128
-36.5794 32
-36.4838 32
-36.4389 128
-36.3974 128
-36.1612 128
-36.1205 32
-36.1082 384
-35.9728 32
-35.9379 16
-35.9352 64
-35.8274 128
-35.7392 64
-35.7128 1056
-35.7099 128
-35.6687 8
-35.6307 8
-35.6226 128
-35.5566 32
-35.5497 128
-35.4514 64
-35.3213 64
-35.3137 1088
-35.2964 32
-35.2941 32
-35.2931 32
-35.2072 32
-35.2062 32
-35.0977 64
-35.0857 64
-35.0503 224
-35.0411 8
-35.0224 32
-34.9222 128
-34.9126 128
-34.899 32
-34.8772 96
-34.7614 32
-34.7556 64
-34.7164 32
-34.5647 8
-34.5587 32
-34.5338 8
-34.5306 256
-34.51 8
-34.5081 16
-34.4256 16
-34.366 32
-34.2953 64
-34.2419 128
-34.1834 16
-34.0958 224
-34.0553 32
-34.0415 128
-34.026 128
-34.0183 16
-33.9573 128
-33.8666 64
-33.833 8
-33.684 32
-33.6679 16
-33.6362 32
-33.5692 24
-33.5252 16
-33.5251 256
-33.497 32
-33.4853 32
-33.4366 128
-33.4213 192
-33.4046 96
-33.3768 16
-33.3678 64
-33.3079 128
-33.255 64
-33.2251 16
-33.1701 1200
-33.126 32
-33.0913 192
-33.0425 8
-32.8438 128
-32.8011 8
-32.7846 512
-32.6451 8
-32.6215 1360
-32.471 96
-32.4369 32
-32.4294 128
-32.4151 64
-32.3108 16
-32.3089 128
-32.2543 32
-32.2299 128
-32.2187 64
-32.1612 64
-32.1457 64
-32.141 160
-32.1094 512
-32.0717 8
-32.016 128
-32 864
-31.9804 64
-31.9522 32
-31.947 16
-31.9192 128
-31.8979 32
-31.8428 128
-31.823 128
-31.7645 8
-31.7366 8
-31.7009 8
-31.6354 64
-31.6127 128
-31.6085 96
-31.5988 256
-31.5138 64
-31.4589 32
-31.4572 2
-31.4477 8
-31.4219 32
-31.4141 128
-31.3816 512
-31.3356 128
-31.261 640
-31.2315 64
-31.2169 1184
-31.1538 32
-31.1229 32
-31.0936 64
-31.0265 64
-30.9816 32
-30.9712 32
-30.9282 256
-30.9242 32
-30.8811 16
-30.7886 8
-30.7821 512
-30.7725 32
-30.7416 64
-30.6985 8
-30.6851 288
-30.6333 64
-30.6274 192
-30.5908 32
-30.5899 64
-30.5842 64
-30.5636 256
-30.541 384
-30.5334 32
-30.5155 32
-30.4779 160
-30.4338 288
-30.3913 132
-30.3551 128
-30.3488 144
-30.2419 512
-30.183 8
-30.1451 128
-30.0745 64
-30.0541 128
-30.0004 16
-29.9658 256
-29.9573 32
-29.8967 128
-29.8919 32
-29.8583 32
-29.8564 5992
-29.8535 384
-29.8368 128
-29.8123 24
-29.7662 512
-29.7349 192
-29.6932 32
-29.6133 320
-29.5657 32
-29.5415 128
-29.5106 16
-29.4997 128
-29.4649 640
-29.4553 512
-29.433 16
-29.4048 32
-29.3589 64
-29.3454 8
-29.3253 2
-29.3238 128
-29.3078 32
-29.255 512
-29.2504 8
-29.2292 128
-29.166 96
-29.1602 64
-29.0733 960
-29.0517 32
-29.0394 64
-29.013 128
-28.9951 32
-28.905 352
-28.9 32
-28.8992 192
-28.8691 16
-28.8434 16
-28.7846 256
-28.7183 256
-28.7174 16
-28.7023 96
-28.7013 32
-28.6608 8
-28.6579 32
-28.6385 128
-28.6215 64
-28.598 128
-28.5692 32
-28.5527 160
-28.5187 80
-28.5093 256
-28.4621 128
-28.4389 480
-28.3519 32
-28.3361 32
-28.279 128
-28.1612 144
-28.1374 8
-28.1082 896
-27.9793 128
-27.9728 56
-27.9723 32
-27.9704 32
-27.949 576
-27.9352 64
-27.9291 128
-27.9192 160
-27.9105 256
-27.8274 256
-27.8206 128
-27.7798 128
-27.7271 256
-27.7128 1744
-27.7121 32
-27.6772 32
-27.6687 160
-27.638 64
-27.6219 32
-27.5497 128
-27.5133 256
-27.4852 128
-27.4702 32
-27.4589 128
-27.4514 384
-27.4393 128
-27.3287 160
-27.3137 4608
-27.2876 80
-27.2705 128
-27.2169 64
-27.2072 64
-27.1791 128
-27.1225 16
-27.1131 128
-27.105 32
-27.0936 64
-27.0889 64
-27.0857 32
-27.0503 96
-27.0472 32
-26.9987 192
-26.9804 32
-26.9495 8
-26.9282 1024
-26.9222 256
-26.9063 128
-26.8772 192
-26.7978 32
-26.7651 8
-26.7614 32
-26.7566 32
-26.7556 32
-26.6687 32
-26.6521 128
-26.6461 128
-26.6152 8
-26.5991 16
-26.5896 32
-26.583 256
-26.5587 640
-26.5427 96
-26.533 2
-26.5306 256
-26.4931 96
-26.481 16
-26.4525 512
-26.4474 64
-26.4256 8
-26.4165 32
-26.3913 512
-26.3909 32
-26.3657 512
-26.3623 8
-26.3488 64
-26.2953 32
-26.2648 32
-26.2558 128
-26.2487 8
-26.2083 32
-26.186 128
-26.1631 96
-26.1451 512
-26.0997 128
-26.0958 256
-26.0661 32
-26.0415 256
-26.0317 16
-26.0257 8
-25.9864 512
-25.948 32
-25.8885 128
-25.8835 32
-25.8579 16
-25.8564 256
-25.8547 32
-25.8293 8
-25.7493 32
-25.7257 128
-25.6933 32
-25.689 64
-25.6753 8
-25.6574 8
-25.6466 256
-25.6362 64
-25.5913 32
-25.5684 128
-25.5668 320
-25.5428 576
-25.5251 1536
-25.5102 32
-25.4582 32
-25.4366 224
-25.4213 384
-25.4046 1184
-25.3681 64
-25.3442 64
-25.3248 32
-25.2595 32
-25.255 64
-25.25 32
-25.2164 64
-25.2128 288
-25.1855 32
-25.1701 1056
-25.1672 32
-25.1598 8
-25.1541 32
-25.1269 256
-25.126 64
-25.1252 128
-25.1078 8
-25.1054 32
-25.0913 384
-25.0769 16
-25.0382 64
-25.0338 128
-25.013 160
-24.9772 16
-24.9252 80
-24.8809 32
-24.8687 32
-24.8635 32
-24.8351 32
-24.8011 16
-24.7944 32
-24.7846 1536
-24.771 16
-24.7265 128
-24.7072 128
-24.67 8
-24.6591 128
-24.6567 64
-24.6525 16
-24.6215 2592
-24.5926 192
-24.5748 16
-24.5527 640
-24.5439 32
-24.511 8
-24.4874 132
-24.4797 8
-24.471 192
-24.4394 512
-24.3991 64
-24.3922 32
-24.3357 64
-24.3328 128
-24.3295 128
-24.3107 512
-24.3089 512
-24.2625 96
-24.2272 128
-24.2187 56
-24.1936 128
-24.141 320
-24.137 80
-24.1094 1920
-24.0441 8
-24.0285 128
-24.016 256
-24 7352
-23.9804 384
-23.9669 2
-23.9544 128
-23.9192 128
-23.8881 32
-23.8768 32
-23.8504 64
-23.8459 64
-23.8428 256
-23.7994 256
-23.7866 8
-23.7569 784
-23.7271 256
-23.6942 64
-23.6472 64
-23.6433 512
-23.6421 64
-23.6376 32
-23.6354 128
-23.6085 1184
-23.604 32
-23.5988 1536
-23.5821 256
-23.5497 32
-23.5138 32
-23.4955 320
-23.4852 128
-23.4646 32
-23.4269 64
-23.4214 32
-23.3137 256
-23.3129 128
-23.2968 16
-23.293 32
-23.261 960
-23.2169 5520
-23.2044 128
-23.2006 128
-23.1837 128
-23.1663 8
-23.1367 128
-23.1142 168
-23.0249 512
-23.0105 64
-23.0057 64
-22.9961 32
-22.9816 64
-22.9625 128
-22.9491 8
-22.9421 256
-22.9316 16
-22.9282 1536
-22.8946 128
-22.854 64
-22.8254 512
-22.807 8
-22.8067 960
-22.7974 128
-22.7848 128
-22.7829 256
-22.7821 1408
-22.7652 32
-22.7638 32
-22.7416 384
-22.6851 576
-22.6714 128
-22.6274 224
-22.6244 8
-22.6148 128
-22.6114 128
-22.5812 64
-22.5636 128
-22.541 896
-22.5367 128
-22.5155 32
-22.5146 128
-22.5131 128
-22.5036 8
-22.4779 8
-22.4766 128
-22.4727 160
-22.4418 2
-22.4161 80
-22.4033 32
-22.3913 128
-22.3551 256
-22.3546 32
-22.3488 128
-22.3225 32
-22.321 32
-22.274 32
-22.2644 80
-22.2547 256
-22.248 32
-22.2419 512
-22.1559 32
-22.1493 64
-22.1384 32
-22.1229 512
-22.0973 64
-22.0914 16
-22.0818 32
-22.0541 768
-22.0253 8
-21.9733 80
-21.971 128
-21.9658 128
-21.9397 64
-21.931 128
-21.9005 16
-21.8831 136
-21.8564 16944
-21.8535 896
-21.8123 296
-21.7746 320
-21.7662 896
-21.741 32
-21.7349 384
-21.6933 128
-21.689 320
-21.6569 1024
-21.6558 512
-21.6466 640
-21.6229 32
-21.6133 160
-21.592 128
-21.5759 16
-21.5672 64
-21.5664 32
-21.5657 32
-21.5144 32
-21.5014 32
-21.4649 960
-21.4573 96
-21.4471 128
-21.4403 32
-21.4242 64
-21.4048 64
-21.4046 64
-21.3933 32
-21.3903 32
-21.3838 16
-21.3508 192
-21.3501 16
-21.3318 16
-21.3078 64
-21.2416 320
-21.24 128
-21.2292 256
-21.1939 32
-21.1908 128
-21.1863 32
-21.1851 64
-21.166 224
-21.1331 64
-21.0765 32
-21.0733 640
-21.059 64
-21.0429 32
-21.0292 128
-21.0208 672
-21.0158 256
-21.013 128
-21.0025 32
-20.9814 16
-20.9505 32
-20.9443 592
-20.9248 8
-20.905 480
-20.8992 384
-20.8912 32
-20.8635 128
-20.8603 64
-20.8585 64
-20.8405 128
-20.8389 128
-20.821 64
-20.7985 512
-20.7956 512
-20.7846 256
-20.7827 16
-20.7518 128
-20.7422 132
-20.7405 32
-20.7183 256
-20.7086 64
-20.7023 1184
-20.6863 96
-20.6521 32
-20.6385 128
-20.6215 64
-20.6001 72
-20.5692 64
-20.5527 256
-20.5436 320
-20.5291 128
-20.5093 1536
-20.4838 16
-20.4518 32
-20.4389 704
-20.435 8
-20.4175 16
-20.4014 32
-20.4005 288
-20.3855 128
-20.361 32
-20.3449 128
-20.3328 512
-20.3296 512
-20.3284 128
-20.3107 640
-20.2833 32
-20.279 256
-20.2497 8
-20.2394 32
-20.2188 128
-20.1932 16
-20.1851 32
-20.171 32
-20.1623 160
-20.1612 128
-20.1187 128
-20.1111 512
-20.1082 384
-20.1044 64
-20.1007 16
-20.0762 8
-20.0705 960
-20.0687 32
-20.0671 16
-20.0537 64
-20.0106 72
-20 512
-19.9797 32
-19.9793 128
-19.9728 64
-19.949 1152
-19.9352 32
-19.9192 640
-19.9032 128
-19.902 320
-19.8684 16
-19.8526 16
-19.8504 512
-19.828 16
-19.8274 128
-19.8119 128
-19.7935 8
-19.7798 480
-19.7194 128
-19.7128 1056
-19.7053 128
-19.7033 32
-19.6858 32
-19.6772 32
-19.6687 240
-19.6305 128
-19.6293 80
-19.6085 640
-19.5649 192
-19.5208 576
-19.5133 512
-19.4852 512
-19.4711 256
-19.4684 128
-19.4642 16
-19.4592 8
-19.4514 896
-19.4503 96
-19.4236 128
-19.369 136
-19.3287 320
-19.3221 128
-19.3137 8568
-19.3125 64
-19.2977 96
-19.2941 32
-19.2931 32
-19.2789 32
-19.2705 768
-19.2605 64
-19.2349 192
-19.2273 32
-19.2169 320
-19.2072 32
-19.204 32
-19.2018 8
-19.1704 128
-19.1395 64
-19.1299 32
-19.1202 192
-19.1138 16
-19.0895 64
-19.0618 132
-19.0503 16
-19.0249 128
-18.9987 384
-18.9878 320
-18.9749 128
-18.9446 32
-18.9312 32
-18.9282 7168
-18.9222 256
-18.9126 128
-18.8792 136
-18.8772 96
-18.8722 512
-18.8227 64
-18.8091 288
-18.7891 128
-18.7836 128
-18.7829 1280
-18.7651 160
-18.7566 32
-18.7404 128
-18.7275 8
-18.6966 32
-18.6805 32
-18.671 128
-18.6687 64
-18.6546 32
-18.6521 256
-18.6374 16
-18.6146 672
-18.6065 32
-18.583 1536
-18.5587 960
-18.5427 512
-18.5398 32
-18.5367 512
-18.5306 256
-18.5288 128
-18.5146 160
-18.498 64
-18.4931 192
-18.4884 32
-18.4723 64
-18.4564 32
-18.4548 32
-18.4525 2944
-18.4414 32
-18.3913 128
-18.388 32
-18.3462 64
-18.3302 8
-18.3226 256
-18.3082 64
-18.2993 32
-18.2897 576
-18.2846 784
-18.2801 32
-18.2726 144
-18.2561 32
-18.2419 256
-18.1877 24
-18.186 512
-18.1848 256
-18.1812 80
-18.1631 192
-18.1493 64
-18.1476 32
-18.1451 512
-18.1436 96
-18.1071 16
-18.0958 224
-18.091 72
-18.0806 512
-18.0553 32
-18.0415 128
-18.0381 64
-18.0317 96
-18.0295 64
-17.9959 32
-17.9864 1920
-17.9825 64
-17.965 32
-17.9573 128
-17.9393 32
-17.9263 256
-17.9091 128
-17.9084 80
-17.8827 8
-17.8564 768
-17.8523 8
-17.8469 32
-17.8308 128
-17.7999 32
-17.7689 64
-17.7663 32
-17.7567 80
-17.7406 8
-17.7257 768
-17.709 32
-17.7002 8
-17.689 512
-17.6644 960
-17.6574 16
-17.6482 320
-17.6466 160
-17.6362 32
-17.5916 64
-17.5913 56
-17.558 32
-17.5448 128
-17.5428 1152
-17.5397 16
-17.5268 128
-17.5251 3584
-17.5176 2
-17.497 32
-17.4656 16
-17.4495 576
-17.4471 128
-17.4366 256
-17.4213 192
-17.4046 5520
-17.3929 16
-17.3874 128
-17.3754 32
-17.3678 64
-17.3605 32
-17.3442 384
-17.341 16
-17.3343 576
-17.3275 512
-17.3273 512
-17.2978 32
-17.2669 320
-17.255 64
-17.2333 8
-17.2128 576
-17.2125 128
-17.2103 8
-17.1701 1200
-17.1584 8
-17.1541 640
-17.126 64
-17.1252 480
-17.1152 32
-17.0913 192
-17.0718 256
-17.0682 64
-17.0608 128
-17.0586 128
-17.0441 32
-17.0382 384
-17.013 640
-17.0067 128
-16.9868 512
-16.9501 32
-16.9459 128
-16.9443 640
-16.9165 320
-16.9031 8
-16.8599 128
-16.8573 64
-16.8287 288
-16.808 168
-16.8011 8
-16.7846 1536
-16.7514 80
-16.7405 128
-16.7339 32
-16.7178 16
-16.7141 192
-16.7072 256
-16.7023 640
-16.6773 64
-16.6656 32
-16.6591 352
-16.6567 384
-16.64 256
-16.6254 64
-16.6215 1360
-16.6093 32
-16.5997 132
-16.5926 384
-16.5688 168
-16.5352 32
-16.5301 64
-16.4987 128
-16.484 32
-16.4737 16
-16.471 96
-16.4661 128
-16.4267 80
-16.4171 168
-16.3915 96
-16.3855 512
-16.3841 160
-16.3835 32
-16.3701 128
-16.327 16
-16.3107 512
-16.3089 128
-16.3086 64
-16.2887 128
-16.275 80
-16.2625 192
-16.2441 32
-16.242 256
-16.2345 32
-16.2242 32
-16.2187 32
-16.2184 320
-16.2085 64
-16.1996 256
-16.1612 64
-16.1444 8
-16.141 160
-16.1377 32
-16.1187 512
-16.1099 80
-16.1094 2816
-16.0924 8
-16.0763 16
-16.0687 128
-16.0441 160
-16.0358 320
-16.0197 8
-16.016 256
-16 33776
-15.9804 896
-15.9273 72
-15.9192 128
-15.8937 32
-15.8785 1248
-15.8767 512
-15.8504 64
-15.8428 128
-15.8426 128
-15.8371 548
-15.823 128
-15.7994 1536
-15.7827 512
-15.7756 128
-15.7569 1568
-15.742 8
-15.7366 8
-15.7335 128
-15.7286 128
-15.7009 8
-15.6854 64
-15.6545 8
-15.6433 896
-15.6354 64
-15.6305 512
-15.6201 8
-15.6085 6240
-15.5988 3584
-15.5769 576
-15.5484 192
-15.546 64
-15.5339 128
-15.5299 8
-15.5204 64
-15.4611 8
-15.4589 32
-15.4477 8
-15.4269 128
-15.4164 320
-15.4012 256
-15.3943 320
-15.3782 128
-15.3728 32
-15.3665 64
-15.3473 16
-15.3378 32
-15.3167 8
-15.3137 256
-15.3042 128
-15.2858 32
-15.261 640
-15.2582 192
-15.2169 8832
-15.1956 464
-15.1837 256
-15.1744 128
-15.1482 128
-15.1427 64
-15.1391 32
-15.1367 256
-15.1341 8
-15.1319 32
-15.0871 128
-15.0486 32
-15.0439 64
-15.0428 32
-15.0305 16
-15.013 128
-14.9969 64
-14.9874 128
-14.9854 64
-14.9841 512
-14.9816 32
-14.9749 32
-14.9565 16
-14.9515 2
-14.9421 1536
-14.9354 32
-14.9282 4160
-14.9062 512
-14.8788 64
-14.8613 32
-14.8452 64
-14.8143 128
-14.8067 1920
-14.8048 64
-14.7829 1280
-14.7821 1920
-14.7712 8
-14.7528 64
-14.7416 896
-14.7404 32
-14.7329 8
-14.7176 128
-14.7137 128
-14.7128 8
-14.6962 160
-14.6851 288
-14.6727 512
-14.6626 128
-14.6395 32
-14.6274 192
-14.6114 256
-14.6061 64
-14.5982 192
-14.5954 96
-14.5908 32
-14.5842 64
-14.5825 32
-14.5541 548
-14.541 384
-14.5409 512
-14.5155 32
-14.5146 128
-14.4976 320
-14.4766 256
-14.4639 8
-14.4552 128
-14.441 8
-14.4226 128
-14.389 16
-14.3554 64
-14.3551 128
-14.3488 144
-14.3459 160
-14.3226 256
-14.3225 64
-14.315 64
-14.308 32
-14.2989 32
-14.2979 128
-14.2814 16
-14.2726 64
-14.2547 1536
-14.2517 128
-14.248 640
-14.2419 512
-14.2373 64
-14.2114 128
-14.1728 32
-14.1633 128
-14.1567 2
-14.1472 128
-14.1451 128
-14.1229 1408
-14.1164 8
-14.1163 32
-14.1068 512
-14.0926 576
-14.0909 128
-14.0806 1280
-14.0737 256
-14.0547 32
-14.0541 1792
-14.0381 512
-14.0211 128
-14.0077 32
-13.9779 192
-13.9741 8
-13.971 256
-13.9646 608
-13.9573 32
-13.9337 8
-13.908 32
-13.8967 128
-13.8564 24944
-13.856 320
-13.8535 384
-13.8386 256
-13.8224 32
-13.8123 1360
-13.7961 128
-13.7915 8
-13.782 128
-13.7662 512
-13.7659 80
-13.7465 32
-13.7349 192
-13.7043 128
-13.6933 128
-13.6734 80
-13.6574 32
-13.6569 3840
-13.6203 128
-13.5833 72
-13.5672 384
-13.5217 64
-13.5056 32
-13.5014 64
-13.4881 8
-13.4748 320
-13.4723 784
-13.4649 640
-13.4573 512
-13.4471 512
-13.4316 32
-13.4208 128
-13.4182 32
-13.4048 32
-13.4046 320
-13.3903 64
-13.3783 256
-13.375 32
-13.3662 8
-13.3508 384
-13.3454 32
-13.3454 8
-13.3358 160
-13.3231 608
-13.3078 64
-13.2665 128
-13.255 512
-13.2329 32
-13.2292 128
-13.2164 128
-13.2145 32
-13.1973 32
-13.1908 224
-13.166 96
-13.158 128
-13.1423 1248
-13.1405 32
-13.1244 320
-13.0839 64
-13.0733 32
-13.0718 1024
-13.0678 32
-13.0591 128
-13.0394 64
-13.0319 16
-13.0208 1344
-13.0158 1536
-13.0158 8
-13.013 128
-13.0063 16
-12.9991 128
-12.9952 128
-12.9868 128
-12.9443 592
-12.9418 576
-12.9161 32
-12.9105 64
-12.905 352
-12.8992 192
-12.8852 128
-12.8641 32
-12.8332 80
-12.8237 8
-12.8123 128
-12.7956 1920
-12.7901 32
-12.7846 256
-12.7767 32
-12.7448 512
-12.7431 32
-12.7335 80
-12.7312 32
-12.7183 256
-12.7023 6240
-12.6863 1088
-12.6815 80
-12.6667 32
-12.6579 32
-12.6346 16
-12.625 576
-12.5914 32
-12.5692 32
-12.5605 16
-12.5527 160
-12.5509 32
-12.5348 64
-12.5316 128
-12.5291 256
-12.5289 256
-12.5221 576
-12.5102 256
-12.5093 3584
-12.4989 32
-12.4959 64
-12.4828 64
-12.4603 128
-12.4518 640
-12.4424 32
-12.4389 480
-12.4263 136
-12.4088 64
-12.4005 576
-12.3954 32
-12.3716 128
-12.3522 128
-12.3519 32
-12.3328 512
-12.3296 2944
-12.3284 768
-12.3116 256
-12.3107 512
-12.3003 168
-12.2947 128
-12.2887 512
-12.2851 128
-12.2845 64
-12.279 128
-12.2746 8
-12.2682 128
-12.2651 8
-12.2437 464
-12.242 640
-12.2101 16
-12.192 960
-12.1851 64
-12.1612 144
-12.1474 16
-12.1352 128
-12.1082 64
-12.1016 128
-12.0968 128
-12.092 548
-12.0705 1920
-12.0611 32
-12.045 80
-12.0425 128
-12 3968
-11.9835 128
-11.9793 128
-11.9728 56
-11.9704 32
-11.9499 8
-11.949 576
-11.9365 32
-11.9301 512
-11.9269 16
-11.9192 160
-11.9094 8
-11.9032 256
-11.8933 320
-11.8767 320
-11.8749 8
-11.87 128
-11.8624 128
-11.8526 96
-11.8009 64
-11.7848 160
-11.7798 704
-11.7673 16
-11.7539 16
-11.7128 320
-11.7107 320
-11.7053 256
-11.6946 32
-11.6864 576
-11.6772 32
-11.6716 128
-11.6704 512
-11.6687 160
-11.6331 32
-11.6247 16
-11.6145 128
-11.6085 896
-11.6022 608
-11.5802 32
-11.5718 160
-11.5686 16
-11.5649 384
-11.5482 32
-11.5456 128
-11.5397 144
-11.5143 128
-11.5133 256
-11.512 160
-11.4711 1536
-11.4684 224
-11.4589 128
-11.4514 384
-11.4505 80
-11.4503 192
-11.4279 32
-11.4196 8
-11.4164 320
-11.4039 128
-11.4035 320
-11.3939 32
-11.3665 512
-11.3603 8
-11.3564 288
-11.342 32
-11.3294 128
-11.3287 160
-11.3137 9248
-11.2977 1184
-11.2854 16
-11.2705 1792
-11.2679 32
-11.2518 320
-11.2418 96
-11.2349 384
-11.2209 128
-11.2169 320
-11.2044 512
-11.1952 32
-11.1777 16
-11.1744 2432
-11.1482 32
-11.1433 32
-11.1202 384
-11.1131 128
-11.1124 32
-11.0895 384
-11.0728 256
-11.0692 576
-11.0472 32
-11.0222 32
-11.0126 320
-10.9987 192
-10.9842 256
-10.9607 32
-10.9446 64
-10.9324 64
-10.9282 18048
-10.9222 256
-10.9118 8
-10.9062 640
-10.9041 136
-10.8705 576
-10.8139 64
-10.8092 128
-10.809 32
-10.7836 768
-10.7829 256
-10.7781 8
-10.7669 128
-10.7651 240
-10.762 64
-10.7566 32
-10.7524 32
-10.7404 64
-10.7362 1248
-10.7141 128
-10.7054 128
-10.6959 8
-10.6879 32
-10.6718 32
-10.6716 32
-10.6687 32
-10.6642 256
-10.6622 64
-10.657 32
-10.6546 56
-10.6521 128
-10.6314 32
-10.6146 1344
-10.6103 64
-10.583 3584
-10.5794 128
-10.5587 640
-10.5537 168
-10.5427 1200
-10.5409 128
-10.5367 512
-10.5306 128
-10.5228 128
-10.5146 640
-10.4986 32
-10.4931 96
-10.4892 64
-10.4796 128
-10.4764 128
-10.4721 320
-10.4525 4608
-10.4328 64
-10.4296 32
-10.4277 32
-10.4116 32
-10.4061 672
-10.3853 512
-10.3807 8
-10.3711 464
-10.3623 8
-10.3488 64
-10.3431 1024
-10.3375 64
-10.3241 16
-10.2846 1568
-10.281 32
-10.2755 32
-10.2726 128
-10.2626 128
-10.2558 128
-10.253 128
-10.229 136
-10.2259 128
-10.2039 128
-10.1885 32
-10.1877 296
-10.186 128
-10.1724 608
-10.1631 96
-10.1436 1184
-10.0984 16
-10.0958 128
-10.0806 2432
-10.0766 32
-10.0639 32
-10.0464 132
-10.0381 64
-10.0317 224
-10.0207 128
-10.0038 32
-9.98984 320
-9.98642 2816
-9.96951 32
-9.93328 32
-9.9263 1536
-9.9122 32
-9.90914 256
-9.90052 160
-9.88854 128
-9.88131 80
-9.87707 512
-9.85641 768
-9.8477 64
-9.8386 1280
-9.83813 160
-9.82204 16
-9.81234 64
-9.79611 160
-9.79115 136
-9.7859 960
-9.75205 32
-9.74535 256
-9.72961 320
-9.72572 1792
-9.69327 32
-9.68262 64
-9.67305 128
-9.66436 1920
-9.65744 8
-9.64901 8
-9.64655 256
-9.63944 576
-9.5913 64
-9.58799 64
-9.58289 16
-9.57035 128
-9.56836 128
-9.54477 768
-9.54283 576
-9.53092 464
-9.52805 256
-9.52684 512
-9.52515 1536
-9.50003 32
-9.47436 128
-9.45685 64
-9.45588 288
-9.43664 224
-9.42239 32
-9.41282 8
-9.40456 8832
-9.40029 32
-9.38857 128
-9.37921 64
-9.37831 1280
-9.3605 640
-9.34832 320
-9.34419 896
-9.33582 640
-9.33434 1152
-9.33223 64
-9.32729 1920
-9.32477 32
-9.32266 32
-9.31471 8
-9.29177 64
-9.28203 8
-9.28028 128
-9.25816 80
-9.25501 64
-9.2398 16
-9.23249 2
-9.2128 288
-9.19662 128
-9.1956 128
-9.18052 16
-9.17011 512
-9.15412 960
-9.14963 320
-9.14006 64
-9.13632 128
-9.12605 64
-9.12522 704
-9.11586 32
-9.09383 512
-9.09308 64
-9.0718 1536
-9.06076 256
-9.05786 256
-9.0499 8
-9.04413 64
-9.04111 16
-9.03823 896
-9.03154 32
-9.01302 160
-8.99793 320
-8.98676 128
-8.96704 64
-8.95026 960
-8.94137 320
-8.92567 128
-8.91048 32
-8.8894 128
-8.88087 32
-8.86807 32
-8.8673 8
-8.8612 512
-8.85851 8
-8.85728 384
-8.84057 512
-8.83564 96
-8.83285 72
-8.82872 576
-8.81533 128
-8.79923 128
-8.79444 32
-8.78461 512
-8.7831 96
-8.77101 32
-8.75878 128
-8.74477 320
-8.74268 16
-8.74054 128
-8.7307 128
-8.72517 8
-8.71411 384
-8.70718 128
-8.70681 32
-8.70228 896
-8.69071 16
-8.68458 128
-8.68025 128
-8.67602 128
-8.65914 480
-8.65671 896
-8.65025 548
-8.63354 64
-8.62147 296
-8.62024 128
-8.61664 320
-8.59257 192
-8.56009 168
-8.55272 640
-8.51098 8
-8.51024 256
-8.50812 72
-8.50562 32
-8.50278 128
-8.4987 256
-8.49855 64
-8.46608 480
-8.46029 64
-8.45156 320
-8.44199 8
-8.40838 128
-8.3991 64
-8.39155 1184
-8.39002 32
-8.38551 512
-8.38408 320
-8.37749 16
-8.35641 128
-8.33277 128
-8.33002 96
-8.32955 128
-8.32552 16
-8.31073 512
-8.29986 464
-8.28924 128
-8.28448 64
-8.26897 32
-8.26825 128
-8.26255 96
-8.25287 32
-8.2433 32
-8.24199 160
-8.20969 32
-8.20848 128
-8.20058 256
-8.19955 512
-8.19133 128
-8.15772 32
-8.12683 16
-8.11726 576
-8.10936 1920
-8.10117 80
-8.07028 32
-8.06071 16
-8.04407 240
-8.04322 64
-8.04249 128
-8.03963 8
-8.0271 64
-8.01599 256
-8.00874 64
-8 89384
-7.99709 128
-7.98037 384
-7.97512 64
-7.95678 64
-7.95593 8
-7.94946 32
-7.91919 128
-7.91857 872
-7.90981 128
-7.88768 8
-7.87846 2496
-7.8767 64
-7.85703 16
-7.85044 64
-7.81005 320
-7.80796 512
-7.80048 32
-7.79942 3584
-7.77643 16
-7.76687 168
-7.75801 160
-7.75692 784
-7.73598 80
-7.73347 128
-7.71988 128
-7.71031 16
-7.66998 96
-7.65834 320
-7.64328 512
-7.64206 64
-7.63049 512
-7.62745 128
-7.61449 512
-7.60845 8832
-7.60179 32
-7.60175 512
-7.59885 1536
-7.59384 32
-7.58427 132
-7.56818 32
-7.56597 256
-7.54844 384
-7.53971 64
-7.53729 80
-7.53392 480
-7.49438 32
-7.47575 128
-7.45965 80
-7.42876 128
-7.4269 64
-7.41919 80
-7.38558 320
-7.37976 128
-7.37284 64
-7.36722 32
-7.36646 64
-7.34329 64
-7.34086 128
-7.31975 128
-7.31371 256
-7.3096 32
-7.29772 640
-7.27706 872
-7.2693 128
-7.26097 32
-7.25822 384
-7.22899 16
-7.2205 320
-7.2169 5520
-7.18689 132
-7.18369 128
-7.17442 1280
-7.16853 64
-7.16631 8
-7.16436 96
-7.14272 384
-7.1388 512
-7.13669 128
-7.13193 32
-7.12535 128
-7.11198 32
-7.09446 80
-7.07836 128
-7.07433 128
-7.0688 32
-7.04974 960
-7.0486 32
-7.04282 64
-7.03791 128
-7.02181 16
-7.01683 16
-7.0043 8
-6.98414 896
-6.96984 32
-6.96177 64
-6.96027 128
-6.94214 3584
-6.93243 320
-6.9282 4928
-6.92666 128
-6.91427 512
-6.90617 512
-6.89577 320
-6.8862 32
-6.88414 32
-6.87478 128
-6.87227 128
-6.87011 64
-6.84588 32
-6.83922 32
-6.83423 32
-6.80667 960
-6.8044 128
-6.78725 32
-6.78478 128
-6.78207 1408
-6.77768 128
-6.74407 320
-6.74156 384
-6.71972 128
-6.71797 8
-6.71413 512
-6.7128 16
-6.69708 16
-6.68751 320
-6.67271 1920
-6.66643 2
-6.66418 640
-6.65581 64
-6.6395 640
-6.63554 160
-6.62742 112
-6.61143 256
-6.60465 8
-6.59818 384
-6.59544 1184
-6.58252 64
-6.57899 608
-6.54537 64
-6.54412 288
-6.54099 64
-6.54088 128
-6.53666 128
-6.52243 8
-6.51462 128
-6.51448 8
-6.50492 64
-6.48882 32
-6.48384 8
-6.47664 128
-6.47636 512
-6.47214 2624
-6.45523 768
-6.43685 128
-6.42965 128
-6.42728 80
-6.42258 256
-6.41201 64
-6.4087 32
-6.40325 32
-6.39639 136
-6.3803 64
-6.36278 128
-6.34884 128
-6.33712 32
-6.32249 32
-6.30797 64
-6.30623 64
-6.30124 8
-6.27428 128
-6.25465 3584
-6.25425 64
-6.24795 960
-6.24469 32
-6.24191 512
-6.23015 512
-6.22859 64
-6.22592 512
-6.2141 960
-6.20389 160
-6.1977 576
-6.18813 32
-6.16409 32
-6.15452 64
-6.12293 1920
-6.10255 64
-6.09948 160
-6.09729 64
-6.09256 1152
-6.09086 256
-6.08059 128
-6.0737 1536
-6.05698 512
-6.05408 768
-6.046 872
-6.03049 32
-6.01511 16
-6.01358 512
-5.99901 8
-5.98944 64
-5.97794 384
-5.97102 128
-5.96832 16
-5.9619 64
-5.93747 320
-5.92338 32
-5.90386 128
-5.88092 8
-5.8634 64
-5.85641 16944
-5.8535 64
-5.84731 320
-5.8386 1280
-5.81642 16
-5.81234 2592
-5.79611 128
-5.79075 32
-5.77408 128
-5.76985 128
-5.75488 128
-5.74705 128
-5.73878 128
-5.72921 32
-5.72737 128
-5.72453 32
-5.6956 32
-5.66471 608
-5.65685 5632
-5.64861 8
-5.64655 640
-5.60816 32
-5.59504 128
-5.59386 672
-5.58708 64
-5.57035 32
-5.56716 896
-5.55619 320
-5.5475 512
-5.54662 16
-5.52364 128
-5.51301 128
-5.50137 64
-5.49963 64
-5.47232 1568
-5.46602 32
-5.46486 32
-5.4573 1200
-5.45645 8
-5.42556 8
-5.41699 256
-5.40456 320
-5.40448 320
-5.39033 32
-5.37831 1280
-5.37359 16
-5.35749 128
-5.35078 192
-5.34793 320
-5.34543 56
-5.343 32
-5.33582 256
-5.32836 32
-5.31432 128
-5.30776 64
-5.28343 32
-5.26384 1248
-5.25963 64
-5.25776 32
-5.24001 128
-5.2394 32
-5.23494 8
-5.22189 64
-5.21642 768
-5.20579 320
-5.1997 128
-5.19727 32
-5.19077 256
-5.18626 32
-5.1749 64
-5.16601 16
-5.16533 128
-5.14924 32
-5.1423 2496
-5.14129 2
-5.13632 2432
-5.13172 128
-5.11586 128
-5.09383 640
-5.08824 8
-5.07517 16
-5.0718 7168
-5.05408 32
-5.0232 464
-5.02076 672
-5.01584 3584
-5.01302 128
-4.96664 576
-4.94427 592
-4.91467 128
-4.91046 384
-4.9051 32
-4.90501 128
-4.87149 64
-4.85848 64
-4.85812 32
-4.85184 32
-4.8245 320
-4.81817 128
-4.81494 136
-4.81228 256
-4.79565 2816
-4.78461 128
-4.76795 128
-4.75822 96
-4.74477 64
-4.74054 32
-4.73119 64
-4.72951 128
-4.72477 8
-4.71827 128
-4.71598 32
-4.70641 320
-4.70228 8832
-4.68629 4608
-4.68025 512
-4.67602 128
-4.6728 80
-4.65943 16
-4.6436 288
-4.64191 32
-4.63354 512
-4.61625 128
-4.5961 128
-4.58536 64
-4.57215 32
-4.56427 32
-4.55272 256
-4.53338 16
-4.53164 224
-4.52912 128
-4.52893 1536
-4.52382 32
-4.52206 1152
-4.51221 128
-4.5093 1536
-4.50772 548
-4.49021 32
-4.48571 128
-4.47683 8
-4.46029 144
-4.45184 960
-4.43893 128
-4.43403 256
-4.43365 320
-4.4282 160
-4.41976 32
-4.40053 288
-4.39155 640
-4.38551 256
-4.38168 128
-4.35602 16
-4.32957 4608
-4.32835 1792
-4.32513 872
-4.31358 576
-4.31073 640
-4.29474 256
-4.29151 128
-4.2887 512
-4.26857 16
-4.26825 512
-4.23937 32
-4.23496 128
-4.22021 128
-4.2166 64
-4.19204 1920
-4.18512 32
-4.18299 80
-4.17342 72
-4.17099 32
-4.1474 96
-4.14253 128
-4.13068 256
-4.13002 128
-4.12644 320
-4.11687 16
-4.0968 256
-4.08326 16
-4.0762 8
-4.0705 960
-4.06874 32
-4.0649 64
-4.05237 32
-4.04249 512
-4.03128 16
-4.00039 8
-4 8896
-3.99083 16
-3.97473 576
-3.97285 32
-3.94384 320
-3.93427 8
-3.9032 256
-3.90066 32
-3.8823 32
-3.86998 256
-3.86621 32
-3.8526 224
-3.85044 512
-3.84869 32
-3.82472 32
-3.80796 960
-3.80796 128
-3.79214 464
-3.77979 480
-3.77604 32
-3.75801 640
-3.74515 128
-3.73558 128
-3.73489 8
-3.71486 128
-3.71281 32
-3.70526 256
-3.70197 32
-3.68642 1152
-3.68361 576
-3.6772 32
-3.67165 768
-3.67043 2944
-3.66875 8
-3.66874 512
-3.65 32
-3.63049 128
-3.62843 128
-3.62706 80
-3.60845 896
-3.59344 464
-3.59222 128
-3.5718 320
-3.56597 1280
-3.56488 192
-3.54816 640
-3.53971 128
-3.53689 8
-3.53191 32
-3.4907 256
-3.48492 576
-3.47794 576
-3.47535 64
-3.47107 3584
-3.46836 256
-3.45144 64
-3.45027 96
-3.44174 132
-3.42837 64
-3.41085 136
-3.4039 512
-3.36683 8
-3.3564 576
-3.3402 64
-3.33333 32
-3.33321 128
-3.31975 512
-3.31371 8568
-3.30233 320
-3.29772 6240
-3.29276 32
-3.28623 32
-3.27666 128
-3.2734 512
-3.27049 768
-3.26881 32
-3.25915 8
-3.24577 32
-3.24178 192
-3.23486 192
-3.22728 32
-3.22469 32
-3.2169 64
-3.21216 128
-3.20435 1920
-3.20259 16
-3.20184 8
-3.18772 128
-3.17442 512
-3.15062 320
-3.13452 8
-3.12025 192
-3.10567 256
-3.10363 80
-3.09407 320
-3.09134 16
-3.08954 896
-3.06045 32
-3.05573 592
-3.0421 32
-2.98554 64
-2.98416 1536
-2.97491 128
-2.95193 608
-2.94464 32
-2.94094 128
-2.93243 512
-2.9282 18048
-2.92216 128
-2.92104 32
-2.91176 16
-2.91147 16
-2.90617 512
-2.89538 576
-2.88414 128
-2.86368 512
-2.8595 8
-2.8577 1248
-2.8434 32
-2.83384 16
-2.80923 224
-2.80273 32
-2.80022 16
-2.78685 64
-2.78358 1792
-2.76934 160
-2.76506 160
-2.75661 32
-2.75324 64
-2.74367 32
-2.74038 128
-2.73616 2496
-2.71278 320
-2.69224 32
-2.6917 32
-2.67917 32
-2.66418 160
-2.66081 64
-2.65457 64
-2.63515 64
-2.61763 32
-2.61462 672
-2.60426 160
-2.59544 64
-2.58591 256
-2.58301 1536
-2.57064 128
-2.56108 32
-2.55869 32
-2.5427 1056
-2.53979 32
-2.52768 784
-2.51462 160
-2.51409 64
-2.5091 16
-2.49863 64
-2.49301 8
-2.47214 2624
-2.46212 128
-2.45643 32
-2.45255 576
-2.4525 2944
-2.43284 384
-2.41894 128
-2.40614 1344
-2.40557 32
-2.38804 32
-2.36239 320
-2.34901 2
-2.34403 16
-2.34315 3840
-2.31041 32
-2.2846 784
-2.28009 32
-2.27263 144
-2.26996 16
-2.25386 872
-2.25346 32
-2.25295 256
-2.24191 128
-2.23015 1280
-2.20389 128
-2.18766 1360
-2.17979 32
-2.16369 16
-2.15871 8
-2.14534 64
-2.14359 5992
-2.12782 32
-2.12397 128
-2.10216 32
-2.07662 64
-2.07127 608
-2.05517 128
-2.0456 32
-2.0381 64
-2.03168 96
-2.02206 192
-2.01471 32
-2.01184 64
-1.99363 16
-1.98642 1920
-1.9811 32
-1.96274 32
-1.9619 512
-1.94592 128
-1.92913 128
-1.9263 3584
-1.91956 80
-1.90914 256
-1.90744 576
-1.90346 32
-1.90052 320
-1.88356 8
-1.87707 1408
-1.87257 608
-1.86301 32
-1.85641 256
-1.8523 8
-1.8386 256
-1.8294 32
-1.81602 32
-1.81234 64
-1.81104 32
-1.79611 640
-1.78856 128
-1.78687 128
-1.7859 1920
-1.77408 512
-1.76985 2432
-1.76894 64
-1.76405 32
-1.75448 64
-1.75205 640
-1.74535 1536
-1.74244 512
-1.72737 64
-1.72572 768
-1.72087 464
-1.70213 128
-1.69203 32
-1.68998 128
-1.68041 8
-1.67388 16
-1.66436 960
-1.66432 32
-1.64655 160
-1.61234 576
-1.59661 128
-1.5913 56
-1.57742 128
-1.55579 80
-1.54477 1792
-1.53828 168
-1.52786 320
-1.52684 128
-1.52515 256
-1.52364 512
-1.52218 64
-1.49129 8
-1.48538 128
-1.48172 64
-1.45588 576
-1.43664 128
-1.42975 320
-1.41748 32
-1.41365 32
-1.40456 5520
-1.40182 192
-1.39614 32
-1.38857 256
-1.38741 128
-1.37831 256
-1.3732 72
-1.37258 64
-1.3605 960
-1.3471 512
-1.34419 384
-1.33958 320
-1.33434 576
-1.32729 2816
-1.2872 8
-1.28303 132
-1.28028 256
-1.26708 8
-1.25962 32
-1.25844 64
-1.23106 608
-1.22149 128
-1.21793 512
-1.18788 32
-1.17451 128
-1.17011 96
-1.15412 640
-1.14089 32
-1.13632 1280
-1.12605 32
-1.12522 480
-1.11006 128
-1.09383 512
-1.07935 320
-1.0718 4160
-1.06598 32
-1.06076 128
-1.05786 1536
-1.04846 32
-1.04413 32
-1.03823 384
-1.03237 64
-1.02509 32
-1.0228 576
-1.01586 512
-1.01464 64
-0.991912 64
-0.975815 8
-0.970829 8
-0.957182 32
-0.951399 32
-0.950259 1920
-0.944272 640
-0.925666 128
-0.914276 80
-0.901786 128
-0.89676 32
-0.894326 256
-0.885157 128
-0.880663 80
-0.868068 32
-0.861205 896
-0.857283 896
-0.85184 128
-0.849774 128
-0.840207 320
-0.835644 192
-0.828721 288
-0.82411 128
-0.806594 16
-0.79322 16
-0.783096 1184
-0.772138 32
-0.762571 32
-0.750041 32
-0.741775 192
-0.731682 168
-0.714106 192
-0.702282 896
-0.698069 320
-0.686292 256
-0.676024 512
-0.665633 32
-0.659796 64
-0.659138 352
-0.656707 384
-0.641516 464
-0.633538 64
-0.62716 32
-0.621468 24
-0.620237 256
-0.589544 80
-0.579977 32
-0.546364 32
-0.538888 8
-0.53299 576
-0.530127 64
-0.505622 64
-0.499378 32
-0.498699 128
-0.489811 64
-0.48398 32
-0.466081 704
-0.458921 128
-0.451559 192
-0.442824 64
-0.434034 1280
-0.406949 32
-0.401153 256
-0.397382 8
-0.391548 6240
-0.390853 16
-0.385505 512
-0.384084 160
-0.381286 320
-0.350396 32
-0.330021 192
-0.324732 16
-0.316783 64
-0.310734 512
-0.307216 32
-0.29112 64
-0.288701 128
-0.27276 16
-0.266528 128
-0.26023 128
-0.24199 256
-0.239148 16
-0.224166 32
-0.21705 2
-0.208483 64
-0.208258 32
-0.200577 1536
-0.199552 256
-0.199504 64
-0.198691 320
-0.197669 256
-0.182594 72
-0.165079 16
-0.157361 128
-0.151705 64
-0.149558 64
-0.142138 8
-0.137735 32
-0.121538 1248
-0.109358 512
-0.108525 128
-0.090166 8
-0.0687443 128
-0.0565534 32
-0.0440662 160
-0.0196264 64
-0.0159905 128
0 127018
0.0159905 128
0.0196264 64
0.0440662 160
0.0565534 32
0.0687443 128
0.090166 8
0.108525 128
0.109358 512
0.121538 1248
0.137735 32
0.142138 8
0.149558 64
0.151705 64
0.157361 128
0.165079 16
0.182594 72
0.197669 256
0.198691 320
0.199504 64
0.199552 256
0.200577 1536
0.208258 32
0.208483 64
0.21705 2
0.224166 32
0.239148 16
0.24199 256
0.26023 128
0.266528 128
0.27276 16
0.288701 128
0.29112 64
0.307216 32
0.310734 512
0.316783 64
0.324732 16
0.330021 192
0.350396 32
0.381286 320
0.384084 160
0.385505 512
0.390853 16
0.391548 6240
0.397382 8
0.401153 256
0.406949 32
0.434034 1280
0.442824 64
0.451559 192
0.458921 128
0.466081 704
0.48398 32
0.489811 64
0.498699 128
0.499378 32
0.505622 64
0.530127 64
0.53299 576
0.538888 8
0.546364 32
0.579977 32
0.589544 80
0.620237 256
0.621468 24
0.62716 32
0.633538 64
0.641516 464
0.656707 384
0.659138 352
0.659796 64
0.665633 32
0.676024 512
0.686292 256
0.698069 320
0.702282 896
0.714106 192
0.731682 168
0.741775 192
0.750041 32
0.762571 32
0.772138 32
0.783096 1184
0.79322 16
0.806594 16
0.82411 128
0.828721 288
0.835644 192
0.840207 320
0.849774 128
0.85184 128
0.857283 896
0.861205 896
0.868068 32
0.880663 80
0.885157 128
0.894326 256
0.89676 32
0.901786 128
0.914276 80
0.925666 128
0.944272 640
0.950259 1920
0.951399 32
0.957182 32
0.970829 8
0.975815 8
0.991912 64
1.01464 64
1.01586 512
1.0228 576
1.02509 32
1.03237 64
1.03823 384
1.04413 32
1.04846 32
1.05786 1536
1.06076 128
1.06598 32
1.0718 4160
1.07935 320
1.09383 512
1.11006 128
1.12522 480
1.12605 32
1.13632 1280
1.14089 32
1.15412 640
1.17011 96
1.17451 128
1.18788 32
1.21793 512
1.22149 128
1.23106 608
1.25844 64
1.25962 32
1.26708 8
1.28028 256
1.28303 132
1.2872 8
1.32729 2816
1.33434 576
1.33958 320
1.34419 384
1.3471 512
1.3605 960
1.37258 64
1.3732 72
1.37831 256
1.38741 128
1.38857 256
1.39614 32
1.40182 192
1.40456 5520
1.41365 32
1.41748 32
1.42975 320
1.43664 128
1.45588 576
1.48172 64
1.48538 128
1.49129 8
1.52218 64
1.52364 512
1.52515 256
1.52684 128
1.52786 320
1.53828 168
1.54477 1792
1.55579 80
1.57742 128
1.5913 56
1.59661 128
1.61234 576
1.64655 160
1.66432 32
1.66436 960
1.67388 16
1.68041 8
1.68998 128
1.69203 32
1.70213 128
1.72087 464
1.72572 768
1.72737 64
1.74244 512
1.74535 1536
1.75205 640
1.75448 64
1.76405 32
1.76894 64
1.76985 2432
1.77408 512
1.7859 1920
1.78687 128
1.78856 128
1.79611 640
1.81104 32
1.81234 64
1.81602 32
1.8294 32
1.8386 256
1.8523 8
1.85641 256
1.86301 32
1.87257 608
1.87707 1408
1.88356 8
1.90052 320
1.90346 32
1.90744 576
1.90914 256
1.91956 80
1.9263 3584
1.92913 128
1.94592 128
1.9619 512
1.96274 32
1.9811 32
1.98642 1920
1.99363 16
2.01184 64
2.01471 32
2.02206 192
2.03168 96
2.0381 64
2.0456 32
2.05517 128
2.07127 608
2.07662 64
2.10216 32
2.12397 128
2.12782 32
2.14359 5992
2.14534 64
2.15871 8
2.16369 16
2.17979 32
2.18766 1360
2.20389 128
2.23015 1280
2.24191 128
2.25295 256
2.25346 32
2.25386 872
2.26996 16
2.27263 144
2.28009 32
2.2846 784
2.31041 32
2.34315 3840
2.34403 16
2.34901 2
2.36239 320
2.38804 32
2.40557 32
2.40614 1344
2.41894 128
2.43284 384
2.4525 2944
2.45255 576
2.45643 32
2.46212 128
2.47214 2624
2.49301 8
2.49863 64
2.5091 16
2.51409 64
2.51462 160
2.52768 784
2.53979 32
2.5427 1056
2.55869 32
2.56108 32
2.57064 128
2.58301 1536
2.58591 256
2.59544 64
2.60426 160
2.61462 672
2.61763 32
2.63515 64
2.65457 64
2.66081 64
2.66418 160
2.67917 32
2.6917 32
2.69224 32
2.71278 320
2.73616 2496
2.74038 128
2.74367 32
2.75324 64
2.75661 32
2.76506 160
2.76934 160
2.78358 1792
2.78685 64
2.80022 16
2.80273 32
2.80923 224
2.83384 16
2.8434 32
2.8577 1248
2.8595 8
2.86368 512
2.88414 128
2.89538 576
2.90617 512
2.91147 16
2.91176 16
2.92104 32
2.92216 128
2.9282 18048
2.93243 512
2.94094 128
2.94464 32
2.95193 608
2.97491 128
2.98416 1536
2.98554 64
3.0421 32
3.05573 592
3.06045 32
3.08954 896
3.09134 16
3.09407 320
3.10363 80
3.10567 256
3.12025 192
3.13452 8
3.15062 320
3.17442 512
3.18772 128
3.20184 8
3.20259 16
3.20435 1920
3.21216 128
3.2169 64
3.22469 32
3.22728 32
3.23486 192
3.24178 192
3.24577 32
3.25915 8
3.26881 32
3.27049 768
3.2734 512
3.27666 128
3.28623 32
3.29276 32
3.29772 6240
3.30233 320
3.31371 8568
3.31975 512
3.33321 128
3.33333 32
3.3402 64
3.3564 576
3.36683 8
3.4039 512
3.41085 136
3.42837 64
3.44174 132
3.45027 96
3.45144 64
3.46836 256
3.47107 3584
3.47535 64
3.47794 576
3.48492 576
3.4907 256
3.53191 32
3.53689 8
3.53971 128
3.54816 640
3.56488 192
3.56597 1280
3.5718 320
3.59222 128
3.59344 464
3.60845 896
3.62706 80
3.62843 128
3.63049 128
3.65 32
3.66874 512
3.66875 8
3.67043 2944
3.67165 768
3.6772 32
3.68361 576
3.68642 1152
3.70197 32
3.70526 256
3.71281 32
3.71486 128
3.73489 8
3.73558 128
3.74515 128
3.75801 640
3.77604 32
3.77979 480
3.79214 464
3.80796 128
3.80796 960
3.82472 32
3.84869 32
3.85044 512
3.8526 224
3.86621 32
3.86998 256
3.8823 32
3.90066 32
3.9032 256
3.93427 8
3.94384 320
3.97285 32
3.97473 576
3.99083 16
4 8896
4.00039 8
4.03128 16
4.04249 512
4.05237 32
4.0649 64
4.06874 32
4.0705 960
4.0762 8
4.08326 16
4.0968 256
4.11687 16
4.12644 320
4.13002 128
4.13068 256
4.14253 128
4.1474 96
4.17099 32
4.17342 72
4.18299 80
4.18512 32
4.19204 1920
4.2166 64
4.22021 128
4.23496 128
4.23937 32
4.26825 512
4.26857 16
4.2887 512
4.29151 128
4.29474 256
4.31073 640
4.31358 576
4.32513 872
4.32835 1792
4.32957 4608
4.35602 16
4.38168 128
4.38551 256
4.39155 640
4.40053 288
4.41976 32
4.4282 160
4.43365 320
4.43403 256
4.43893 128
4.45184 960
4.46029 144
4.47683 8
4.48571 128
4.49021 32
4.50772 548
4.5093 1536
4.51221 128
4.52206 1152
4.52382 32
4.52893 1536
4.52912 128
4.53164 224
4.53338 16
4.55272 256
4.56427 32
4.57215 32
4.58536 64
4.5961 128
4.61625 128
4.63354 512
4.64191 32
4.6436 288
4.65943 16
4.6728 80
4.67602 128
4.68025 512
4.68629 4608
4.70228 8832
4.70641 320
4.71598 32
4.71827 128
4.72477 8
4.72951 128
4.73119 64
4.74054 32
4.74477 64
4.75822 96
4.76795 128
4.78461 128
4.79565 2816
4.81228 256
4.81494 136
4.81817 128
4.8245 320
4.85184 32
4.85812 32
4.85848 64
4.87149 64
4.90501 128
4.9051 32
4.91046 384
4.91467 128
4.94427 592
4.96664 576
5.01302 128
5.01584 3584
5.02076 672
5.0232 464
5.05408 32
5.0718 7168
5.07517 16
5.08824 8
5.09383 640
5.11586 128
5.13172 128
5.13632 2432
5.14129 2
5.1423 2496
5.14924 32
5.16533 128
5.16601 16
5.1749 64
5.18626 32
5.19077 256
5.19727 32
5.1997 128
5.20579 320
5.21642 768
5.22189 64
5.23494 8
5.2394 32
5.24001 128
5.25776 32
5.25963 64
5.26384 1248
5.28343 32
5.30776 64
5.31432 128
5.32836 32
5.33582 256
5.343 32
5.34543 56
5.34793 320
5.35078 192
5.35749 128
5.37359 16
5.37831 1280
5.39033 32
5.40448 320
5.40456 320
5.41699 256
5.42556 8
5.45645 8
5.4573 1200
5.46486 32
5.46602 32
5.47232 1568
5.49963 64
5.50137 64
5.51301 128
5.52364 128
5.54662 16
5.5475 512
5.55619 320
5.56716 896
5.57035 32
5.58708 64
5.59386 672
5.59504 128
5.60816 32
5.64655 640
5.64861 8
5.65685 5632
5.66471 608
5.6956 32
5.72453 32
5.72737 128
5.72921 32
5.73878 128
5.74705 128
5.75488 128
5.76985 128
5.77408 128
5.79075 32
5.79611 128
5.81234 2592
5.81642 16
5.8386 1280
5.84731 320
5.8535 64
5.85641 16944
5.8634 64
5.88092 8
5.90386 128
5.92338 32
5.93747 320
5.9619 64
5.96832 16
5.97102 128
5.97794 384
5.98944 64
5.99901 8
6.01358 512
6.01511 16
6.03049 32
6.046 872
6.05408 768
6.05698 512
6.0737 1536
6.08059 128
6.09086 256
6.09256 1152
6.09729 64
6.09948 160
6.10255 64
6.12293 1920
6.15452 64
6.16409 32
6.18813 32
6.1977 576
6.20389 160
6.2141 960
6.22592 512
6.22859 64
6.23015 512
6.24191 512
6.24469 32
6.24795 960
6.25425 64
6.25465 3584
6.27428 128
6.30124 8
6.30623 64
6.30797 64
6.32249 32
6.33712 32
6.34884 128
6.36278 128
6.3803 64
6.39639 136
6.40325 32
6.4087 32
6.41201 64
6.42258 256
6.42728 80
6.42965 128
6.43685 128
6.45523 768
6.47214 2624
6.47636 512
6.47664 128
6.48384 8
6.48882 32
6.50492 64
6.51448 8
6.51462 128
6.52243 8
6.53666 128
6.54088 128
6.54099 64
6.54412 288
6.54537 64
6.57899 608
6.58252 64
6.59544 1184
6.59818 384
6.60465 8
6.61143 256
6.62742 112
6.63554 160
6.6395 640
6.65581 64
6.66418 640
6.66643 2
6.67271 1920
6.68751 320
6.69708 16
6.7128 16
6.71413 512
6.71797 8
6.71972 128
6.74156 384
6.74407 320
6.77768 128
6.78207 1408
6.78478 128
6.78725 32
6.8044 128
6.80667 960
6.83423 32
6.83922 32
6.84588 32
6.87011 64
6.87227 128
6.87478 128
6.88414 32
6.8862 32
6.89577 320
6.90617 512
6.91427 512
6.92666 128
6.9282 4928
6.93243 320
6.94214 3584
6.96027 128
6.96177 64
6.96984 32
6.98414 896
7.0043 8
7.01683 16
7.02181 16
7.03791 128
7.04282 64
7.0486 32
7.04974 960
7.0688 32
7.07433 128
7.07836 128
7.09446 80
7.11198 32
7.12535 128
7.13193 32
7.13669 128
7.1388 512
7.14272 384
7.16436 96
7.16631 8
7.16853 64
7.17442 1280
7.18369 128
7.18689 132
7.2169 5520
7.2205 320
7.22899 16
7.25822 384
7.26097 32
7.2693 128
7.27706 872
7.29772 640
7.3096 32
7.31371 256
7.31975 128
7.34086 128
7.34329 64
7.36646 64
7.36722 32
7.37284 64
7.37976 128
7.38558 320
7.41919 80
7.4269 64
7.42876 128
7.45965 80
7.47575 128
7.49438 32
7.53392 480
7.53729 80
7.53971 64
7.54844 384
7.56597 256
7.56818 32
7.58427 132
7.59384 32
7.59885 1536
7.60175 512
7.60179 32
7.60845 8832
7.61449 512
7.62745 128
7.63049 512
7.64206 64
7.64328 512
7.65834 320
7.66998 96
7.71031 16
7.71988 128
7.73347 128
7.73598 80
7.75692 784
7.75801 160
7.76687 168
7.77643 16
7.79942 3584
7.80048 32
7.80796 512
7.81005 320
7.85044 64
7.85703 16
7.8767 64
7.87846 2496
7.88768 8
7.90981 128
7.91857 872
7.91919 128
7.94946 32
7.95593 8
7.95678 64
7.97512 64
7.98037 384
7.99709 128
8 89384
8.00874 64
8.01599 256
8.0271 64
8.03963 8
8.04249 128
8.04322 64
8.04407 240
8.06071 16
8.07028 32
8.10117 80
8.10936 1920
8.11726 576
8.12683 16
8.15772 32
8.19133 128
8.19955 512
8.20058 256
8.20848 128
8.20969 32
8.24199 160
8.2433 32
8.25287 32
8.26255 96
8.26825 128
8.26897 32
8.28448 64
8.28924 128
8.29986 464
8.31073 512
8.32552 16
8.32955 128
8.33002 96
8.33277 128
8.35641 128
8.37749 16
8.38408 320
8.38551 512
8.39002 32
8.39155 1184
8.3991 64
8.40838 128
8.44199 8
8.45156 320
8.46029 64
8.46608 480
8.49855 64
8.4987 256
8.50278 128
8.50562 32
8.50812 72
8.51024 256
8.51098 8
8.55272 640
8.56009 168
8.59257 192
8.61664 320
8.62024 128
8.62147 296
8.63354 64
8.65025 548
8.65671 896
8.65914 480
8.67602 128
8.68025 128
8.68458 128
8.69071 16
8.70228 896
8.70681 32
8.70718 128
8.71411 384
8.72517 8
8.7307 128
8.74054 128
8.74268 16
8.74477 320
8.75878 128
8.77101 32
8.7831 96
8.78461 512
8.79444 32
8.79923 128
8.81533 128
8.82872 576
8.83285 72
8.83564 96
8.84057 512
8.85728 384
8.85851 8
8.8612 512
8.8673 8
8.86807 32
8.88087 32
8.8894 128
8.91048 32
8.92567 128
8.94137 320
8.95026 960
8.96704 64
8.98676 128
8.99793 320
9.01302 160
9.03154 32
9.03823 896
9.04111 16
9.04413 64
9.0499 8
9.05786 256
9.06076 256
9.0718 1536
9.09308 64
9.09383 512
9.11586 32
9.12522 704
9.12605 64
9.13632 128
9.14006 64
9.14963 320
9.15412 960
9.17011 512
9.18052 16
9.1956 128
9.19662 128
9.2128 288
9.23249 2
9.2398 16
9.25501 64
9.25816 80
9.28028 128
9.28203 8
9.29177 64
9.31471 8
9.32266 32
9.32477 32
9.32729 1920
9.33223 64
9.33434 1152
9.33582 640
9.34419 896
9.34832 320
9.3605 640
9.37831 1280
9.37921 64
9.38857 128
9.40029 32
9.40456 8832
9.41282 8
9.42239 32
9.43664 224
9.45588 288
9.45685 64
9.47436 128
9.50003 32
9.52515 1536
9.52684 512
9.52805 256
9.53092 464
9.54283 576
9.54477 768
9.56836 128
9.57035 128
9.58289 16
9.58799 64
9.5913 64
9.63944 576
9.64655 256
9.64901 8
9.65744 8
9.66436 1920
9.67305 128
9.68262 64
9.69327 32
9.72572 1792
9.72961 320
9.74535 256
9.75205 32
9.7859 960
9.79115 136
9.79611 160
9.81234 64
9.82204 16
9.83813 160
9.8386 1280
9.8477 64
9.85641 768
9.87707 512
9.88131 80
9.88854 128
9.90052 160
9.90914 256
9.9122 32
9.9263 1536
9.93328 32
9.96951 32
9.98642 2816
9.98984 320
10.0038 32
10.0207 128
10.0317 224
10.0381 64
10.0464 132
10.0639 32
10.0766 32
10.0806 2432
10.0958 128
10.0984 16
10.1436 1184
10.1631 96
10.1724 608
10.186 128
10.1877 296
10.1885 32
10.2039 128
10.2259 128
10.229 136
10.253 128
10.2558 128
10.2626 128
10.2726 128
10.2755 32
10.281 32
10.2846 1568
10.3241 16
10.3375 64
10.3431 1024
10.3488 64
10.3623 8
10.3711 464
10.3807 8
10.3853 512
10.4061 672
10.4116 32
10.4277 32
10.4296 32
10.4328 64
10.4525 4608
10.4721 320
10.4764 128
10.4796 128
10.4892 64
10.4931 96
10.4986 32
10.5146 640
10.5228 128
10.5306 128
10.5367 512
10.5409 128
10.5427 1200
10.5537 168
10.5587 640
10.5794 128
10.583 3584
10.6103 64
10.6146 1344
10.6314 32
10.6521 128
10.6546 56
10.657 32
10.6622 64
10.6642 256
10.6687 32
10.6716 32
10.6718 32
10.6879 32
10.6959 8
10.7054 128
10.7141 128
10.7362 1248
10.7404 64
10.7524 32
10.7566 32
10.762 64
10.7651 240
10.7669 128
10.7781 8
10.7829 256
10.7836 768
10.809 32
10.8092 128
10.8139 64
10.8705 576
10.9041 136
10.9062 640
10.9118 8
10.9222 256
10.9282 18048
10.9324 64
10.9446 64
10.9607 32
10.9842 256
10.9987 192
11.0126 320
11.0222 32
11.0472 32
11.0692 576
11.0728 256
11.0895 384
11.1124 32
11.1131 128
11.1202 384
11.1433 32
11.1482 32
11.1744 2432
11.1777 16
11.1952 32
11.2044 512
11.2169 320
11.2209 128
11.2349 384
11.2418 96
11.2518 320
11.2679 32
11.2705 1792
11.2854 16
11.2977 1184
11.3137 9248
11.3287 160
11.3294 128
11.342 32
11.3564 288
11.3603 8
11.3665 512
11.3939 32
11.4035 320
11.4039 128
11.4164 320
11.4196 8
11.4279 32
11.4503 192
11.4505 80
11.4514 384
11.4589 128
11.4684 224
11.4711 1536
11.512 160
11.5133 256
11.5143 128
11.5397 144
11.5456 128
11.5482 32
11.5649 384
11.5686 16
11.5718 160
11.5802 32
11.6022 608
11.6085 896
11.6145 128
11.6247 16
11.6331 32
11.6687 160
11.6704 512
11.6716 128
11.6772 32
11.6864 576
11.6946 32
11.7053 256
11.7107 320
11.7128 320
11.7539 16
11.7673 16
11.7798 704
11.7848 160
11.8009 64
11.8526 96
11.8624 128
11.87 128
11.8749 8
11.8767 320
11.8933 320
11.9032 256
11.9094 8
11.9192 160
11.9269 16
11.9301 512
11.9365 32
11.949 576
11.9499 8
11.9704 32
11.9728 56
11.9793 128
11.9835 128
12 3968
12.0425 128
12.045 80
12.0611 32
12.0705 1920
12.092 548
12.0968 128
12.1016 128
12.1082 64
12.1352 128
12.1474 16
12.1612 144
12.1851 64
12.192 960
12.2101 16
12.242 640
12.2437 464
12.2651 8
12.2682 128
12.2746 8
12.279 128
12.2845 64
12.2851 128
12.2887 512
12.2947 128
12.3003 168
12.3107 512
12.3116 256
12.3284 768
12.3296 2944
12.3328 512
12.3519 32
12.3522 128
12.3716 128
12.3954 32
12.4005 576
12.4088 64
12.4263 136
12.4389 480
12.4424 32
12.4518 640
12.4603 128
12.4828 64
12.4959 64
12.4989 32
12.5093 3584
12.5102 256
12.5221 576
12.5289 256
12.5291 256
12.5316 128
12.5348 64
12.5509 32
12.5527 160
12.5605 16
12.5692 32
12.5914 32
12.625 576
12.6346 16
12.6579 32
12.6667 32
12.6815 80
12.6863 1088
12.7023 6240
12.7183 256
12.7312 32
12.7335 80
12.7431 32
12.7448 512
12.7767 32
12.7846 256
12.7901 32
12.7956 1920
12.8123 128
12.8237 8
12.8332 80
12.8641 32
12.8852 128
12.8992 192
12.905 352
12.9105 64
12.9161 32
12.9418 576
12.9443 592
12.9868 128
12.9952 128
12.9991 128
13.0063 16
13.013 128
13.0158 8
13.0158 1536
13.0208 1344
13.0319 16
13.0394 64
13.0591 128
13.0678 32
13.0718 1024
13.0733 32
13.0839 64
13.1244 320
13.1405 32
13.1423 1248
13.158 128
13.166 96
13.1908 224
13.1973 32
13.2145 32
13.2164 128
13.2292 128
13.2329 32
13.255 512
13.2665 128
13.3078 64
13.3231 608
13.3358 160
13.3454 8
13.3454 32
13.3508 384
13.3662 8
13.375 32
13.3783 256
13.3903 64
13.4046 320
13.4048 32
13.4182 32
13.4208 128
13.4316 32
13.4471 512
13.4573 512
13.4649 640
13.4723 784
13.4748 320
13.4881 8
13.5014 64
13.5056 32
13.5217 64
13.5672 384
13.5833 72
13.6203 128
13.6569 3840
13.6574 32
13.6734 80
13.6933 128
13.7043 128
13.7349 192
13.7465 32
13.7659 80
13.7662 512
13.782 128
13.7915 8
13.7961 128
13.8123 1360
13.8224 32
13.8386 256
13.8535 384
13.856 320
13.8564 24944
13.8967 128
13.908 32
13.9337 8
13.9573 32
13.9646 608
13.971 256
13.9741 8
13.9779 192
14.0077 32
14.0211 128
14.0381 512
14.0541 1792
14.0547 32
14.0737 256
14.0806 1280
14.0909 128
14.0926 576
14.1068 512
14.1163 32
14.1164 8
14.1229 1408
14.1451 128
14.1472 128
14.1567 2
14.1633 128
14.1728 32
14.2114 128
14.2373 64
14.2419 512
14.248 640
14.2517 128
14.2547 1536
14.2726 64
14.2814 16
14.2979 128
14.2989 32
14.308 32
14.315 64
14.3225 64
14.3226 256
14.3459 160
14.3488 144
14.3551 128
14.3554 64
14.389 16
14.4226 128
14.441 8
14.4552 128
14.4639 8
14.4766 256
14.4976 320
14.5146 128
14.5155 32
14.5409 512
14.541 384
14.5541 548
14.5825 32
14.5842 64
14.5908 32
14.5954 96
14.5982 192
14.6061 64
14.6114 256
14.6274 192
14.6395 32
14.6626 128
14.6727 512
14.6851 288
14.6962 160
14.7128 8
14.7137 128
14.7176 128
14.7329 8
14.7404 32
14.7416 896
14.7528 64
14.7712 8
14.7821 1920
14.7829 1280
14.8048 64
14.8067 1920
14.8143 128
14.8452 64
14.8613 32
14.8788 64
14.9062 512
14.9282 4160
14.9354 32
14.9421 1536
14.9515 2
14.9565 16
14.9749 32
14.9816 32
14.9841 512
14.9854 64
14.9874 128
14.9969 64
15.013 128
15.0305 16
15.0428 32
15.0439 64
15.0486 32
15.0871 128
15.1319 32
15.1341 8
15.1367 256
15.1391 32
15.1427 64
15.1482 128
15.1744 128
15.1837 256
15.1956 464
15.2169 8832
15.2582 192
15.261 640
15.2858 32
15.3042 128
15.3137 256
15.3167 8
15.3378 32
15.3473 16
15.3665 64
15.3728 32
15.3782 128
15.3943 320
15.4012 256
15.4164 320
15.4269 128
15.4477 8
15.4589 32
15.4611 8
15.5204 64
15.5299 8
15.5339 128
15.546 64
15.5484 192
15.5769 576
15.5988 3584
15.6085 6240
15.6201 8
15.6305 512
15.6354 64
15.6433 896
15.6545 8
15.6854 64
15.7009 8
15.7286 128
15.7335 128
15.7366 8
15.742 8
15.7569 1568
15.7756 128
15.7827 512
15.7994 1536
15.823 128
15.8371 548
15.8426 128
15.8428 128
15.8504 64
15.8767 512
15.8785 1248
15.8937 32
15.9192 128
15.9273 72
15.9804 896
16 33776
16.016 256
16.0197 8
16.0358 320
16.0441 160
16.0687 128
16.0763 16
16.0924 8
16.1094 2816
16.1099 80
16.1187 512
16.1377 32
16.141 160
16.1444 8
16.1612 64
16.1996 256
16.2085 64
16.2184 320
16.2187 32
16.2242 32
16.2345 32
16.242 256
16.2441 32
16.2625 192
16.275 80
16.2887 128
16.3086 64
16.3089 128
16.3107 512
16.327 16
16.3701 128
16.3835 32
16.3841 160
16.3855 512
16.3915 96
16.4171 168
16.4267 80
16.4661 128
16.471 96
16.4737 16
16.484 32
16.4987 128
16.5301 64
16.5352 32
16.5688 168
16.5926 384
16.5997 132
16.6093 32
16.6215 1360
16.6254 64
16.64 256
16.6567 384
16.6591 352
16.6656 32
16.6773 64
16.7023 640
16.7072 256
16.7141 192
16.7178 16
16.7339 32
16.7405 128
16.7514 80
16.7846 1536
16.8011 8
16.808 168
16.8287 288
16.8573 64
16.8599 128
16.9031 8
16.9165 320
16.9443 640
16.9459 128
16.9501 32
16.9868 512
17.0067 128
17.013 640
17.0382 384
17.0441 32
17.0586 128
17.0608 128
17.0682 64
17.0718 256
17.0913 192
17.1152 32
17.1252 480
17.126 64
17.1541 640
17.1584 8
17.1701 1200
17.2103 8
17.2125 128
17.2128 576
17.2333 8
17.255 64
17.2669 320
17.2978 32
17.3273 512
17.3275 512
17.3343 576
17.341 16
17.3442 384
17.3605 32
17.3678 64
17.3754 32
17.3874 128
17.3929 16
17.4046 5520
17.4213 192
17.4366 256
17.4471 128
17.4495 576
17.4656 16
17.497 32
17.5176 2
17.5251 3584
17.5268 128
17.5397 16
17.5428 1152
17.5448 128
17.558 32
17.5913 56
17.5916 64
17.6362 32
17.6466 160
17.6482 320
17.6574 16
17.6644 960
17.689 512
17.7002 8
17.709 32
17.7257 768
17.7406 8
17.7567 80
17.7663 32
17.7689 64
17.7999 32
17.8308 128
17.8469 32
17.8523 8
17.8564 768
17.8827 8
17.9084 80
17.9091 128
17.9263 256
17.9393 32
17.9573 128
17.965 32
17.9825 64
17.9864 1920
17.9959 32
18.0295 64
18.0317 96
18.0381 64
18.0415 128
18.0553 32
18.0806 512
18.091 72
18.0958 224
18.1071 16
18.1436 96
18.1451 512
18.1476 32
18.1493 64
18.1631 192
18.1812 80
18.1848 256
18.186 512
18.1877 24
18.2419 256
18.2561 32
18.2726 144
18.2801 32
18.2846 784
18.2897 576
18.2993 32
18.3082 64
18.3226 256
18.3302 8
18.3462 64
18.388 32
18.3913 128
18.4414 32
18.4525 2944
18.4548 32
18.4564 32
18.4723 64
18.4884 32
18.4931 192
18.498 64
18.5146 160
18.5288 128
18.5306 256
18.5367 512
18.5398 32
18.5427 512
18.5587 960
18.583 1536
18.6065 32
18.6146 672
18.6374 16
18.6521 256
18.6546 32
18.6687 64
18.671 128
18.6805 32
18.6966 32
18.7275 8
18.7404 128
18.7566 32
18.7651 160
18.7829 1280
18.7836 128
18.7891 128
18.8091 288
18.8227 64
18.8722 512
18.8772 96
18.8792 136
18.9126 128
18.9222 256
18.9282 7168
18.9312 32
18.9446 32
18.9749 128
18.9878 320
18.9987 384
19.0249 128
19.0503 16
19.0618 132
19.0895 64
19.1138 16
19.1202 192
19.1299 32
19.1395 64
19.1704 128
19.2018 8
19.204 32
19.2072 32
19.2169 320
19.2273 32
19.2349 192
19.2605 64
19.2705 768
19.2789 32
19.2931 32
19.2941 32
19.2977 96
19.3125 64
19.3137 8568
19.3221 128
19.3287 320
19.369 136
19.4236 128
19.4503 96
19.4514 896
19.4592 8
19.4642 16
19.4684 128
19.4711 256
19.4852 512
19.5133 512
19.5208 576
19.5649 192
19.6085 640
19.6293 80
19.6305 128
19.6687 240
19.6772 32
19.6858 32
19.7033 32
19.7053 128
19.7128 1056
19.7194 128
19.7798 480
19.7935 8
19.8119 128
19.8274 128
19.828 16
19.8504 512
19.8526 16
19.8684 16
19.902 320
19.9032 128
19.9192 640
19.9352 32
19.949 1152
19.9728 64
19.9793 128
19.9797 32
20 512
20.0106 72
20.0537 64
20.0671 16
20.0687 32
20.0705 960
20.0762 8
20.1007 16
20.1044 64
20.1082 384
20.1111 512
20.1187 128
20.1612 128
20.1623 160
20.171 32
20.1851 32
20.1932 16
20.2188 128
20.2394 32
20.2497 8
20.279 256
20.2833 32
20.3107 640
20.3284 128
20.3296 512
20.3328 512
20.3449 128
20.361 32
20.3855 128
20.4005 288
20.4014 32
20.4175 16
20.435 8
20.4389 704
20.4518 32
20.4838 16
20.5093 1536
20.5291 128
20.5436 320
20.5527 256
20.5692 64
20.6001 72
20.6215 64
20.6385 128
20.6521 32
20.6863 96
20.7023 1184
20.7086 64
20.7183 256
20.7405 32
20.7422 132
20.7518 128
20.7827 16
20.7846 256
20.7956 512
20.7985 512
20.821 64
20.8389 128
20.8405 128
20.8585 64
20.8603 64
20.8635 128
20.8912 32
20.8992 384
20.905 480
20.9248 8
20.9443 592
20.9505 32
20.9814 16
21.0025 32
21.013 128
21.0158 256
21.0208 672
21.0292 128
21.0429 32
21.059 64
21.0733 640
21.0765 32
21.1331 64
21.166 224
21.1851 64
21.1863 32
21.1908 128
21.1939 32
21.2292 256
21.24 128
21.2416 320
21.3078 64
21.3318 16
21.3501 16
21.3508 192
21.3838 16
21.3903 32
21.3933 32
21.4046 64
21.4048 64
21.4242 64
21.4403 32
21.4471 128
21.4573 96
21.4649 960
21.5014 32
21.5144 32
21.5657 32
21.5664 32
21.5672 64
21.5759 16
21.592 128
21.6133 160
21.6229 32
21.6466 640
21.6558 512
21.6569 1024
21.689 320
21.6933 128
21.7349 384
21.741 32
21.7662 896
21.7746 320
21.8123 296
21.8535 896
21.8564 16944
21.8831 136
21.9005 16
21.931 128
21.9397 64
21.9658 128
21.971 128
21.9733 80
22.0253 8
22.0541 768
22.0818 32
22.0914 16
22.0973 64
22.1229 512
22.1384 32
22.1493 64
22.1559 32
22.2419 512
22.248 32
22.2547 256
22.2644 80
22.274 32
22.321 32
22.3225 32
22.3488 128
22.3546 32
22.3551 256
22.3913 128
22.4033 32
22.4161 80
22.4418 2
22.4727 160
22.4766 128
22.4779 8
22.5036 8
22.5131 128
22.5146 128
22.5155 32
22.5367 128
22.541 896
22.5636 128
22.5812 64
22.6114 128
22.6148 128
22.6244 8
22.6274 224
22.6714 128
22.6851 576
22.7416 384
22.7638 32
22.7652 32
22.7821 1408
22.7829 256
22.7848 128
22.7974 128
22.8067 960
22.807 8
22.8254 512
22.854 64
22.8946 128
22.9282 1536
22.9316 16
22.9421 256
22.9491 8
22.9625 128
22.9816 64
22.9961 32
23.0057 64
23.0105 64
23.0249 512
23.1142 168
23.1367 128
23.1663 8
23.1837 128
23.2006 128
23.2044 128
23.2169 5520
23.261 960
23.293 32
23.2968 16
23.3129 128
23.3137 256
23.4214 32
23.4269 64
23.4646 32
23.4852 128
23.4955 320
23.5138 32
23.5497 32
23.5821 256
23.5988 1536
23.604 32
23.6085 1184
23.6354 128
23.6376 32
23.6421 64
23.6433 512
23.6472 64
23.6942 64
23.7271 256
23.7569 784
23.7866 8
23.7994 256
23.8428 256
23.8459 64
23.8504 64
23.8768 32
23.8881 32
23.9192 128
23.9544 128
23.9669 2
23.9804 384
24 7352
24.016 256
24.0285 128
24.0441 8
24.1094 1920
24.137 80
24.141 320
24.1936 128
24.2187 56
24.2272 128
24.2625 96
24.3089 512
24.3107 512
24.3295 128
24.3328 128
24.3357 64
24.3922 32
24.3991 64
24.4394 512
24.471 192
24.4797 8
24.4874 132
24.511 8
24.5439 32
24.5527 640
24.5748 16
24.5926 192
24.6215 2592
24.6525 16
24.6567 64
24.6591 128
24.67 8
24.7072 128
24.7265 128
24.771 16
24.7846 1536
24.7944 32
24.8011 16
24.8351 32
24.8635 32
24.8687 32
24.8809 32
24.9252 80
24.9772 16
25.013 160
25.0338 128
25.0382 64
25.0769 16
25.0913 384
25.1054 32
25.1078 8
25.1252 128
25.126 64
25.1269 256
25.1541 32
25.1598 8
25.1672 32
25.1701 1056
25.1855 32
25.2128 288
25.2164 64
25.25 32
25.255 64
25.2595 32
25.3248 32
25.3442 64
25.3681 64
25.4046 1184
25.4213 384
25.4366 224
25.4582 32
25.5102 32
25.5251 1536
25.5428 576
25.5668 320
25.5684 128
25.5913 32
25.6362 64
25.6466 256
25.6574 8
25.6753 8
25.689 64
25.6933 32
25.7257 128
25.7493 32
25.8293 8
25.8547 32
25.8564 256
25.8579 16
25.8835 32
25.8885 128
25.948 32
25.9864 512
26.0257 8
26.0317 16
26.0415 256
26.0661 32
26.0958 256
26.0997 128
26.1451 512
26.1631 96
26.186 128
26.2083 32
26.2487 8
26.2558 128
26.2648 32
26.2953 32
26.3488 64
26.3623 8
26.3657 512
26.3909 32
26.3913 512
26.4165 32
26.4256 8
26.4474 64
26.4525 512
26.481 16
26.4931 96
26.5306 256
26.533 2
26.5427 96
26.5587 640
26.583 256
26.5896 32
26.5991 16
26.6152 8
26.6461 128
26.6521 128
26.6687 32
26.7556 32
26.7566 32
26.7614 32
26.7651 8
26.7978 32
26.8772 192
26.9063 128
26.9222 256
26.9282 1024
26.9495 8
26.9804 32
26.9987 192
27.0472 32
27.0503 96
27.0857 32
27.0889 64
27.0936 64
27.105 32
27.1131 128
27.1225 16
27.1791 128
27.2072 64
27.2169 64
27.2705 128
27.2876 80
27.3137 4608
27.3287 160
27.4393 128
27.4514 384
27.4589 128
27.4702 32
27.4852 128
27.5133 256
27.5497 128
27.6219 32
27.638 64
27.6687 160
27.6772 32
27.7121 32
27.7128 1744
27.7271 256
27.7798 128
27.8206 128
27.8274 256
27.9105 256
27.9192 160
27.9291 128
27.9352 64
27.949 576
27.9704 32
27.9723 32
27.9728 56
27.9793 128
28.1082 896
28.1374 8
28.1612 144
28.279 128
28.3361 32
28.3519 32
28.4389 480
28.4621 128
28.5093 256
28.5187 80
28.5527 160
28.5692 32
28.598 128
28.6215 64
28.6385 128
28.6579 32
28.6608 8
28.7013 32
28.7023 96
28.7174 16
28.7183 256
28.7846 256
28.8434 16
28.8691 16
28.8992 192
28.9 32
28.905 352
28.9951 32
29.013 128
29.0394 64
29.0517 32
29.0733 960
29.1602 64
29.166 96
29.2292 128
29.2504 8
29.255 512
29.3078 32
29.3238 128
29.3253 2
29.3454 8
29.3589 64
29.4048 32
29.433 16
29.4553 512
29.4649 640
29.4997 128
29.5106 16
29.5415 128
29.5657 32
29.6133 320
29.6932 32
29.7349 192
29.7662 512
29.8123 24
29.8368 128
29.8535 384
29.8564 5992
29.8583 32
29.8919 32
29.8967 128
29.9573 32
29.9658 256
30.0004 16
30.0541 128
30.0745 64
30.1451 128
30.183 8
30.2419 512
30.3488 144
30.3551 128
30.3913 132
30.4338 288
30.4779 160
30.5155 32
30.5334 32
30.541 384
30.5636 256
30.5842 64
30.5899 64
30.5908 32
30.6274 192
30.6333 64
30.6851 288
30.6985 8
30.7416 64
30.7725 32
30.7821 512
30.7886 8
30.8811 16
30.9242 32
30.9282 256
30.9712 32
30.9816 32
31.0265 64
31.0936 64
31.1229 32
31.1538 32
31.2169 1184
31.2315 64
31.261 640
31.3356 128
31.3816 512
31.4141 128
31.4219 32
31.4477 8
31.4572 2
31.4589 32
31.5138 64
31.5988 256
31.6085 96
31.6127 128
31.6354 64
31.7009 8
31.7366 8
31.7645 8
31.823 128
31.8428 128
31.8979 32
31.9192 128
31.947 16
31.9522 32
31.9804 64
32 864
32.016 128
32.0717 8
32.1094 512
32.141 160
32.1457 64
32.1612 64
32.2187 64
32.2299 128
32.2543 32
32.3089 128
32.3108 16
32.4151 64
32.4294 128
32.4369 32
32.471 96
32.6215 1360
32.6451 8
32.7846 512
32.8011 8
32.8438 128
33.0425 8
33.0913 192
33.126 32
33.1701 1200
33.2251 16
33.255 64
33.3079 128
33.3678 64
33.3768 16
33.4046 96
33.4213 192
33.4366 128
33.4853 32
33.497 32
33.5251 256
33.5252 16
33.5692 24
33.6362 32
33.6679 16
33.684 32
33.833 8
33.8666 64
33.9573 128
34.0183 16
34.026 128
34.0415 128
34.0553 32
34.0958 224
34.1834 16
34.2419 128
34.2953 64
34.366 32
34.4256 16
34.5081 16
34.51 8
34.5306 256
34.5338 8
34.5587 32
34.5647 8
34.7164 32
34.7556 64
34.7614 32
34.8772 96
34.899 32
34.9126 128
34.9222 128
35.0224 32
35.0411 8
35.0503 224
35.0857 64
35.0977 64
35.2062 32
35.2072 32
35.2931 32
35.2941 32
35.2964 32
35.3137 1088
35.3213 64
35.4514 64
35.5497 128
35.5566 32
35.6226 128
35.6307 8
35.6687 8
35.7099 128
35.7128 1056
35.7392 64
35.8274 128
35.9352 64
35.9379 16
35.9728 32
36.1082 384
36.1205 32
36.1612 128
36.3974 128
36.4389 128
36.4838 32
36.5794 32
36.6385 128
36.7183 128
36.7846 128
36.8185 16
36.8389 128
36.8635 128
36.905 128
37.0733 640
37.1174 64
37.166 16
37.1689 16
37.3515 32
37.3703 8
37.4649 32
37.5502 8
37.5657 32
37.6133 160
37.8535 64
37.8564 1184
37.9658 128
37.9755 8
38.0751 8
38.1581 8
38.1917 32
38.3407 2
38.364 8
38.4779 240
38.5085 32
38.541 64
38.5636 128
38.6274 112
38.6911 16
38.7652 32
39.0415 32
39.2169 96
39.261 32
39.293 32
39.5138 32
39.5313 16
39.5497 32
39.7139 8
39.8041 8
39.8384 128
39.8979 64
40 40
40.0643 32
40.2187 56
40.4797 8
40.6215 296
40.8635 32
41.0871 8
41.1054 32
41.1672 32
41.1701 512
41.5692 48
41.8293 8
41.8547 32
41.9646 128
42.0958 128
42.2953 32
42.4256 8
42.4832 32
42.5306 128
42.7556 32
42.7614 32
42.9297 64
43.0162 32
43.0503 96
43.0857 32
43.3137 96
43.5492 8
43.7128 320
43.9352 64
44.1082 64
45.0733 32
45.3703 16
45.5657 32
45.8564 96
46.4779 160
46.6258 2
46.6274 64
46.8084 8
46.991 8
47.0265 64
47.4219 32
47.8979 32
47.9522 32
48.2187 32
48.6215 24
48.9067 32
49.1701 96
49.2429 16
49.5692 24
50.51 8
51.0503 16
51.1335 8
51.7128 32
51.9352 32
52.3343 16
52.4838 16
53.3703 8
54.0751 8
54.364 8
54.4779 8
55.6412 2
