-29.8355
-29.8297
-29.6108
-29.6063
-27.8151
-27.813
-27.7099
-26.1649
-26.163
-26.161
-26.1591
-24.6175
-24.6154
-24.4505
-24.4485
-24.4465
-24.4445
-24.1461
-24.1418
-23.3134
-23.3117
-22.9007
-22.8985
-22.6789
-22.6767
-22.3805
-20.8963
-20.8947
-20.8936
-20.892
-20.7839
-20.7827
-20.7789
-20.7771
-20.6193
-20.6156
-20.6106
-20.5811
-20.4889
-20.4794
-20.4512
-20.4481
-20.3936
-20.3856
-19.4922
-19.4551
-19.3367
-19.3055
-19.2552
-19.2516
-19.2374
-19.2367
-19.2346
-19.2326
-19.2312
-19.2292
-19.2152
-19.213
-19.1791
-19.1761
-19.1292
-19.1263
-19.0363
-19.0327
-19.0302
-19.0272
-18.6815
-18.6808
-18.6739
-18.6732
-18.6593
-18.6562
-18.2454
-17.8689
-17.8654
-17.8607
-17.8578
-17.5201
-17.5187
-17.5173
-17.5166
-17.5144
-17.5115
-17.3268
-17.3259
-17.253
-17.2524
-17.2126
-17.2104
-16.8534
-16.8508
-16.8033
-16.8001
-16.7762
-16.775
-16.7009
-16.6981
-16.5946
-16.5918
-16.5901
-16.5872
-16.5861
-16.5853
-16.5843
-16.5837
-16.5514
-16.5506
-16.322
-16.319
-16.3172
-16.3147
-16.314
-16.3127
-16.311
-16.3088
-15.7999
-15.7639
-15.7515
-15.7506
-15.7429
-15.7203
-15.7108
-15.6764
-15.5095
-15.5076
-15.5065
-15.5045
-15.334
-15.3223
-15.3048
-15.3003
-15.2766
-15.2741
-15.2375
-15.2366
-15.2356
-15.2347
-15.2323
-15.2273
-15.2259
-15.2145
-15.1864
-15.1854
-15.1803
-15.1769
-15.1404
-15.1253
-15.1054
-15.0978
-14.8065
-14.8051
-14.804
-14.7996
-14.6713
-14.6672
-14.6204
-14.6163
-14.3962
-14.2382
-14.2272
-14.0834
-14.0805
-14.0794
-14.0769
-13.9618
-13.9603
-13.9586
-13.9569
-13.8821
-13.8768
-13.8595
-13.8579
-13.8551
-13.855
-13.8545
-13.854
-13.8538
-13.8535
-13.8523
-13.8498
-13.8478
-13.7681
-13.7654
-13.552
-13.55
-13.5253
-13.5242
-13.523
-13.5218
-13.5158
-13.5138
-13.4581
-13.4572
-13.272
-13.2621
-13.2572
-13.253
-13.2167
-13.2159
-13.2101
-13.2093
-13.0011
-12.9804
-12.9254
-12.9233
-12.922
-12.9197
-12.7951
-12.787
-12.596
-12.5907
-12.4187
-12.4102
-12.3253
-12.3229
-12.3196
-12.3154
-12.3136
-12.3116
-12.3092
-12.3079
-12.3064
-12.306
-12.3054
-12.305
-12.3049
-12.3032
-12.3028
-12.3022
-12.2677
-12.2665
-12.2516
-12.2491
-12.239
-12.237
-12.2187
-12.218
-12.0934
-12.0878
-12.077
-12.0744
-12.0722
-12.0683
-11.9856
-11.985
-11.948
-11.9477
-11.9416
-11.9413
-11.7373
-11.7267
-11.5705
-11.5671
-11.5271
-11.5241
-11.5082
-11.5051
-11.443
-11.4391
-11.3174
-11.3136
-11.3095
-11.3013
-11.2886
-11.2839
-11.2825
-11.2714
-11.2622
-11.2553
-11.2499
-11.2407
-11.2228
-11.2164
-11.212
-11.2103
-11.1898
-11.181
-11.167
-11.1564
-11.1179
-11.1117
-11.0797
-11.0171
-11.0163
-10.9775
-10.9768
-10.9477
-10.9428
-10.9366
-10.9354
-10.932
-10.9312
-10.931
-10.9301
-10.9297
-10.9289
-10.9282
-10.9281
-10.9275
-10.9244
-10.9231
-10.9223
-10.9097
-10.9088
-10.866
-10.8655
-10.6527
-10.6424
-10.6098
-10.6086
-10.5953
-10.5939
-10.5873
-10.584
-10.4764
-10.4738
-10.4639
-10.4634
-10.3882
-10.3848
-10.3733
-10.3673
-10.3667
-10.3622
-10.3156
-10.285
-10.284
-10.2825
-10.2301
-10.2283
-10.2249
-10.2233
-10.2156
-10.1146
-10.0874
-10.0841
-10.0786
-10.0683
-10.0303
-9.9673
-9.96638
-9.96544
-9.96451
-9.96447
-9.9635
-9.96255
-9.96157
-9.91459
-9.91117
-9.89861
-9.89631
-9.89469
-9.89268
-9.87233
-9.86789
-9.85653
-9.85519
-9.85456
-9.85323
-9.85217
-9.85014
-9.80549
-9.80184
-9.80064
-9.79679
-9.78738
-9.78335
-9.68155
-9.67727
-9.66413
-9.65914
-9.65797
-9.6562
-9.64153
-9.63959
-9.62957
-9.62858
-9.56894
-9.56673
-9.56538
-9.5631
-9.53838
-9.535
-9.53459
-9.5316
-9.53088
-9.52916
-9.52791
-9.52614
-9.40336
-9.40238
-9.39657
-9.39563
-9.2703
-9.26552
-9.14542
-9.14313
-9.14289
-9.14088
-8.88915
-8.85983
-8.85912
-8.8581
-8.8566
-8.8556
-8.82241
-8.82078
-8.75993
-8.74977
-8.58127
-8.58046
-8.57936
-8.57849
-8.57466
-8.57356
-8.57163
-8.57054
-8.52382
-8.41606
-8.41389
-8.40648
-8.4043
-8.3912
-8.38974
-8.31767
-8.31317
-8.31136
-8.31071
-8.30902
-8.30889
-8.30326
-8.29656
-8.29451
-8.28802
-8.16957
-8.15595
-8.10664
-8.10391
-8.1022
-8.09933
-8.02301
-8.01205
-8.0063
-7.99957
-7.99151
-7.9824
-7.94818
-7.94522
-7.94029
-7.93827
-7.93193
-7.92338
-7.89651
-7.88887
-7.88711
-7.87315
-7.87233
-7.87068
-7.85721
-7.85512
-7.85353
-7.85117
-7.84088
-7.84031
-7.74792
-7.73887
-7.73316
-7.73111
-7.72843
-7.72496
-7.72242
-7.72026
-7.68112
-7.67298
-7.64787
-7.6265
-7.48461
-7.48015
-7.3108
-7.30859
-7.29229
-7.29089
-7.28856
-7.28711
-7.09248
-7.08644
-7.03577
-7.03233
-7.0273
-7.02387
-7.01194
-6.98092
-6.98016
-6.97277
-6.97211
-6.96983
-6.96502
-6.9641
-6.96195
-6.96072
-6.95711
-6.95679
-6.95615
-6.95395
-6.95185
-6.95158
-6.94855
-6.94546
-6.94407
-6.93994
-6.93821
-6.9345
-6.93406
-6.93322
-6.93304
-6.93093
-6.92999
-6.92912
-6.92857
-6.92819
-6.92785
-6.92781
-6.92764
-6.92714
-6.92625
-6.92621
-6.92483
-6.92455
-6.9243
-6.92413
-6.92212
-6.92192
-6.91971
-6.91706
-6.91376
-6.89459
-6.88398
-6.8806
-6.87527
-6.8752
-6.86975
-6.8668
-6.8661
-6.86084
-6.85747
-6.84379
-6.71938
-6.71469
-6.67517
-6.67082
-6.66453
-6.65998
-6.63169
-6.62496
-6.60237
-6.59366
-6.59142
-6.58971
-6.5828
-6.58112
-6.47692
-6.47534
-6.46988
-6.46935
-6.46842
-6.46409
-6.45718
-6.45493
-6.07905
-6.07228
-6.06375
-6.05262
-6.0506
-6.04354
-5.98949
-5.98581
-5.97538
-5.96106
-5.95506
-5.92834
-5.91482
-5.90993
-5.88777
-5.87928
-5.87605
-5.87086
-5.87053
-5.86745
-5.86497
-5.86334
-5.86064
-5.83654
-5.82972
-5.82655
-5.79669
-5.79297
-5.7906
-5.78556
-5.78154
-5.77669
-5.73701
-5.73065
-5.72945
-5.7224
-5.69024
-5.67967
-5.67174
-5.66198
-5.66188
-5.6603
-5.65867
-5.65687
-5.6548
-5.65356
-5.65237
-5.65143
-5.65033
-5.6484
-5.64688
-5.63596
-5.63303
-5.63259
-5.63165
-5.62461
-5.62384
-5.62254
-5.62086
-5.59706
-5.49684
-5.49418
-5.48013
-5.46963
-5.40534
-5.40362
-5.39904
-5.39731
-5.38601
-5.38402
-5.3825
-5.38237
-5.38179
-5.38057
-5.37234
-5.37144
-5.29835
-5.29632
-5.28658
-5.28314
-5.27473
-5.27395
-5.27274
-5.27226
-5.24859
-5.2469
-5.18321
-5.18031
-5.1778
-5.17581
-5.17429
-5.17052
-5.14803
-5.1456
-5.14383
-5.14347
-5.13945
-5.13838
-5.13836
-5.13126
-5.03441
-5.03183
-5.02909
-5.02855
-5.02654
-5.02141
-5.01652
-5.00161
-4.99011
-4.9861
-4.97144
-4.96817
-4.93675
-4.89886
-4.89362
-4.85896
-4.854
-4.83084
-4.83078
-4.82039
-4.82033
-4.80313
-4.80047
-4.79569
-4.79143
-4.62268
-4.62165
-4.61872
-4.61776
-4.60874
-4.60702
-4.58279
-4.58202
-4.58171
-4.58095
-4.58069
-4.57964
-4.57939
-4.57832
-4.52737
-4.52575
-4.52249
-4.52086
-4.39069
-4.36648
-4.36414
-4.32978
-4.32814
-4.32099
-4.31913
-4.31771
-4.31584
-4.29633
-4.29111
-4.26074
-4.2564
-4.25504
-4.25112
-4.20877
-4.20669
-4.20309
-4.19717
-4.19245
-4.19053
-4.18927
-4.18734
-4.1177
-4.11386
-4.06926
-4.06881
-4.03262
-4.02983
-4.02314
-4.02273
-4.01614
-4.01549
-4.01084
-4.00978
-4.00945
-4.00834
-4.00637
-4.005
-4.00325
-4.00249
-4.00144
-4.00111
-4.00058
-3.9997
-3.99955
-3.99841
-3.99698
-3.99545
-3.99148
-3.99112
-3.96004
-3.9594
-3.8976
-3.88517
-3.88344
-3.88293
-3.88239
-3.87259
-3.87179
-3.87166
-3.86007
-3.83584
-3.79515
-3.7949
-3.79089
-3.78971
-3.73405
-3.71898
-3.70511
-3.70164
-3.66216
-3.66169
-3.64647
-3.63187
-3.62325
-3.613
-3.57753
-3.57632
-3.57546
-3.57188
-3.56989
-3.5676
-3.56669
-3.5576
-3.55164
-3.54219
-3.35699
-3.3558
-3.35548
-3.34092
-3.28636
-3.28133
-3.21904
-3.21755
-3.08173
-3.03679
-3.03054
-3.02836
-3.02137
-3.00476
-3
-2.99133
-2.98503
-2.98009
-2.97567
-2.97344
-2.971
-2.97094
-2.96768
-2.96613
-2.96289
-2.95018
-2.94687
-2.94437
-2.94215
-2.94016
-2.93995
-2.93761
-2.93706
-2.93638
-2.93594
-2.93424
-2.93396
-2.93378
-2.93335
-2.93274
-2.9322
-2.93162
-2.93099
-2.93055
-2.92979
-2.92949
-2.92943
-2.92909
-2.92818
-2.92801
-2.92627
-2.92586
-2.92346
-2.92266
-2.92129
-2.9178
-2.91541
-2.89328
-2.88793
-2.88074
-2.87813
-2.87615
-2.87473
-2.87094
-2.86536
-2.86231
-2.85536
-2.82148
-2.81425
-2.79283
-2.74651
-2.74409
-2.74274
-2.74027
-2.73211
-2.73132
-2.72817
-2.72722
-2.72233
-2.71594
-2.70341
-2.70179
-2.69728
-2.69551
-2.64874
-2.6465
-2.64554
-2.64331
-2.58984
-2.58876
-2.58524
-2.58405
-2.56786
-2.56455
-2.49054
-2.47861
-2.46883
-2.46161
-2.45494
-2.45139
-2.43986
-2.43379
-2.2622
-2.25744
-2.25224
-2.2468
-2.2292
-2.22826
-2.22724
-2.21903
-2.17012
-2.12946
-2.07362
-2.06856
-2.05741
-2.04226
-2.03769
-2.00322
-2.00153
-2.00073
-1.99473
-1.99307
-1.99127
-1.97683
-1.97266
-1.95473
-1.95243
-1.94934
-1.94574
-1.93631
-1.93581
-1.93344
-1.91234
-1.90555
-1.90531
-1.89807
-1.89478
-1.88131
-1.87526
-1.87054
-1.86777
-1.86137
-1.85679
-1.84564
-1.84137
-1.83477
-1.82266
-1.82069
-1.81168
-1.81106
-1.80181
-1.79593
-1.79487
-1.79236
-1.78369
-1.77833
-1.77233
-1.76679
-1.74693
-1.73878
-1.73719
-1.73514
-1.73099
-1.72834
-1.71701
-1.70829
-1.67484
-1.67181
-1.66902
-1.66828
-1.66696
-1.6665
-1.66447
-1.66118
-1.66026
-1.65921
-1.65815
-1.65682
-1.65606
-1.65487
-1.65365
-1.6532
-1.65263
-1.6523
-1.65134
-1.65001
-1.6494
-1.64841
-1.64694
-1.64674
-1.64581
-1.64524
-1.64278
-1.63993
-1.63972
-1.63645
-1.63582
-1.62766
-1.62638
-1.6138
-1.57184
-1.56421
-1.54441
-1.53805
-1.53507
-1.52902
-1.52842
-1.52566
-1.51052
-1.50784
-1.48151
-1.47805
-1.44621
-1.43773
-1.41153
-1.40889
-1.4076
-1.40502
-1.38616
-1.3836
-1.38232
-1.3798
-1.28867
-1.27648
-1.20077
-1.19882
-1.15065
-1.14987
-1.14708
-1.14645
-1.14154
-1.14052
-1.13927
-1.13874
-1.10075
-1.09799
-1.09639
-1.0952
-1.09347
-1.09058
-1.06735
-1.06359
-1.04528
-1.03909
-1.03604
-1.03056
-1.02433
-1.01581
-0.992595
-0.979546
-0.964181
-0.963855
-0.952917
-0.945439
-0.942108
-0.937468
-0.926331
-0.925353
-0.923175
-0.922097
-0.846025
-0.84446
-0.812452
-0.805329
-0.73112
-0.727917
-0.715222
-0.711357
-0.648966
-0.646503
-0.644676
-0.64234
-0.632551
-0.627831
-0.626316
-0.625024
-0.620338
-0.61834
-0.616548
-0.614618
-0.590025
-0.581549
-0.572936
-0.566295
-0.533361
-0.532909
-0.530226
-0.528206
-0.525202
-0.513389
-0.510407
-0.508469
-0.505505
-0.328907
-0.326664
-0.32507
-0.322823
-0.305394
-0.300226
-0.290947
-0.275306
-0.270604
-0.265055
-0.210016
-0.206452
-0.195701
-0.186346
-0.140733
-0.130614
-0.116309
-0.115024
-0.0925465
-0.0903546
-0.0741462
-0.0724632
-0.0662371
-0.0653756
-0.0624632
-0.060238
-0.047507
-0.0427309
-0.0378995
-0.0348961
-0.0332981
-0.0321698
-0.0303549
-0.0274554
-0.0258934
-0.0245216
-0.0239613
-0.0220223
-0.0213661
-0.0182795
-0.0176769
-0.0142649
-0.0136203
-0.012471
-0.0106894
-0.0103195
-0.00978873
-0.00880247
-0.00738612
-0.00561877
-0.0055043
-0.00502941
-0.00431435
-0.00410735
-0.00366683
-0.00342775
-0.00317112
-0.00261493
-0.0021935
-0.00198848
-0.00177996
-0.00105079
-0.000479277
-8.06826e-05
0
0.000220787
0.00064023
0.00121664
0.00180181
0.00195545
0.00350973
0.00515672
0.00634386
0.00776728
0.00816496
0.0107713
0.0158466
0.0174468
0.0262437
0.0269989
0.0277512
0.029656
0.0302463
0.030625
0.0319487
0.0335144
0.0335704
0.0351332
0.0421707
0.0446106
0.0460017
0.0503864
0.0536184
0.0651605
0.0662738
0.115255
0.116347
0.147541
0.150377
0.247916
0.265045
0.278883
0.293949
0.299503
0.302827
0.311502
0.320905
0.324676
0.340382
0.394646
0.407634
0.433588
0.436657
0.612375
0.6241
0.632252
0.635667
0.637308
0.641592
0.644041
0.649888
0.655834
0.663828
0.701785
0.704058
0.705598
0.708379
0.858967
0.868154
0.874754
0.876685
0.930844
0.931736
0.942298
0.945695
0.949788
0.949976
0.965609
0.981812
0.991628
0.995413
1.00164
1.01744
1.02068
1.02855
1.03045
1.0321
1.0443
1.04851
1.05423
1.06139
1.06413
1.06519
1.06791
1.07439
1.07514
1.07631
1.07702
1.07741
1.08383
1.08462
1.08567
1.08646
1.09187
1.10722
1.11177
1.11901
1.1288
1.13104
1.13116
1.13318
1.13428
1.13501
1.13805
1.13851
1.17001
1.17179
1.17385
1.20406
1.24785
1.25175
1.25315
1.25687
1.25798
1.25822
1.25943
1.26022
1.26048
1.26196
1.2649
1.26616
1.26891
1.26912
1.3142
1.31683
1.31793
1.32056
1.34951
1.35193
1.35321
1.35562
1.41828
1.45084
1.52317
1.52644
1.52764
1.53084
1.62825
1.64612
1.64848
1.65128
1.65528
1.68044
1.72306
1.72374
1.72531
1.72583
1.7554
1.76025
1.76304
1.76402
1.76658
1.77165
1.77919
1.78133
1.78239
1.78589
1.78836
1.79382
1.8583
1.86996
1.89172
1.90053
1.90225
1.90969
1.9137
1.92245
1.93086
1.94716
1.95108
1.9541
1.96305
1.97178
1.98305
1.99278
2.00156
2.03582
2.04825
2.05564
2.05645
2.05985
2.06462
2.06867
2.07378
2.08517
2.09958
2.11058
2.16246
2.17054
2.19983
2.24375
2.24516
2.24876
2.25229
2.25849
2.25998
2.29026
2.29647
2.32364
2.32983
2.33595
2.34249
2.34421
2.34474
2.34553
2.34612
2.34862
2.34995
2.34998
2.35339
2.35764
2.37651
2.39556
2.40023
2.45138
2.45612
2.46015
2.46168
2.46911
2.47238
2.47318
2.47636
2.47704
2.48544
2.52985
2.53642
2.53836
2.54723
2.56217
2.56573
2.57179
2.57265
2.59739
2.60082
2.65365
2.65948
2.70826
2.71064
2.71191
2.71435
2.72491
2.72642
2.72771
2.72859
2.72891
2.72922
2.73045
2.73258
2.73472
2.73615
2.73621
2.7437
2.74728
2.85732
2.85812
2.85988
2.86063
2.87887
2.89476
2.89733
2.89806
2.90276
2.90375
2.90518
2.90614
2.90732
2.90877
2.90901
2.90923
2.91031
2.91459
2.91652
2.91657
2.91997
2.92142
2.92284
2.92384
2.92628
2.92656
2.92875
2.92941
2.93061
2.93213
2.93344
2.95151
2.96074
2.96706
2.96828
2.96874
2.96947
2.97071
2.97791
2.98126
3.17514
3.18314
3.19845
3.2056
3.2066
3.21669
3.26735
3.27891
3.28593
3.29422
3.31581
3.32108
3.33664
3.3423
3.3437
3.35026
3.35045
3.35762
3.39435
3.40788
3.4321
3.44564
3.48773
3.57379
3.58003
3.58085
3.58727
3.5933
3.62278
3.6363
3.63729
3.64276
3.64601
3.65029
3.65269
3.65721
3.65963
3.67391
3.69964
3.70224
3.73239
3.74112
3.75157
3.75962
3.76523
3.76862
3.77532
3.78009
3.78673
3.7911
3.80109
3.88224
3.88885
3.89219
3.90564
3.91189
3.914
3.91687
3.92751
3.93121
3.93356
3.93445
3.93811
3.9385
3.94277
3.955
3.95847
3.95917
3.95972
3.96202
3.96235
3.96412
3.96523
3.96654
3.96746
3.96815
3.97121
3.97134
3.97607
3.97678
3.97786
3.97881
3.9793
3.97961
3.98062
3.98216
3.98329
3.98352
3.98379
3.9845
3.98466
3.98531
3.98637
3.98696
3.98776
3.98814
3.98855
3.98938
3.9898
3.99075
3.99134
3.99231
3.99283
3.99333
3.9942
3.99494
3.99628
3.99691
3.99744
3.99834
3.99926
3.99976
4.00096
4.0022
4.0033
4.00431
4.00632
4.00765
4.0096
4.01152
4.01402
4.01746
4.02067
4.02685
4.02755
4.0293
4.03113
4.03194
4.03354
4.03987
4.04202
4.05431
4.05572
4.0577
4.06134
4.06513
4.06841
4.07106
4.07378
4.08816
4.09771
4.18667
4.1882
4.19057
4.19386
4.21233
4.21686
4.28633
4.28948
4.3419
4.34395
4.35418
4.35647
4.40168
4.57843
4.58226
4.59107
4.59771
4.62629
4.64376
4.64782
4.65264
4.68251
4.6879
4.69132
4.69453
4.79186
4.80269
4.82788
4.84201
4.90649
4.92783
4.97234
4.97929
4.98228
4.98798
4.99474
4.99749
4.9986
4.99975
5.00439
5.02057
5.0248
5.02965
5.03039
5.03143
5.03643
5.03954
5.04266
5.04903
5.05666
5.06066
5.06227
5.07782
5.11402
5.11899
5.11925
5.12358
5.12662
5.13268
5.13452
5.13859
5.14229
5.14644
5.15028
5.18142
5.18289
5.2506
5.25111
5.25141
5.25207
5.25445
5.25491
5.25502
5.25567
5.27093
5.27141
5.27406
5.27424
5.27474
5.27661
5.283
5.28351
5.37408
5.38044
5.3859
5.3906
5.40195
5.40511
5.40871
5.40892
5.41197
5.41309
5.41322
5.41844
5.42217
5.43592
5.43892
5.44205
5.44488
5.47135
5.47228
5.4813
5.60192
5.60315
5.62209
5.6227
5.62563
5.63595
5.64292
5.64448
5.6459
5.64735
5.65334
5.65563
5.65616
5.65668
5.65952
5.65981
5.66335
5.66694
5.66841
5.67393
5.68558
5.69004
5.70317
5.70817
5.73665
5.74028
5.819
5.8196
5.86365
5.88804
5.90239
5.92416
5.92592
5.94014
5.94276
5.94335
5.95624
5.97622
5.99527
6.01101
6.02787
6.04821
6.05091
6.05367
6.05903
6.0642
6.07676
6.0903
6.09135
6.09213
6.09882
6.10983
6.12786
6.13596
6.18724
6.18794
6.33101
6.33188
6.33581
6.33669
6.351
6.36191
6.43473
6.45108
6.46706
6.47255
6.63674
6.64424
6.6576
6.6599
6.66274
6.66517
6.66652
6.67001
6.69744
6.70208
6.70721
6.70871
6.70878
6.71355
6.71558
6.72011
6.72066
6.72354
6.72464
6.72499
6.72723
6.73191
6.73376
6.74505
6.76084
6.76846
6.77265
6.78044
6.82667
6.86618
6.86666
6.87938
6.88191
6.88215
6.88331
6.88531
6.88988
6.89087
6.89121
6.89239
6.89388
6.89543
6.89577
6.8961
6.89683
6.89782
6.89869
6.89931
6.89999
6.90013
6.90251
6.90253
6.90452
6.90654
6.90674
6.90713
6.90754
6.90865
6.91144
6.91553
6.91767
6.9205
6.9233
6.92331
6.92563
6.92568
6.92623
6.92667
6.92967
6.92998
6.9306
6.93142
6.93257
6.93422
6.93581
6.93632
6.94153
6.94542
6.9491
6.96292
6.98547
7.00804
7.04384
7.04518
7.07035
7.07417
7.08464
7.08626
7.13389
7.14031
7.16369
7.17485
7.19139
7.19291
7.19523
7.21777
7.2353
7.2688
7.27673
7.28077
7.28949
7.32117
7.32336
7.33153
7.34511
7.36385
7.37293
7.37946
7.38796
7.40419
7.4834
7.49496
7.60333
7.61313
7.64829
7.65845
7.66998
7.69761
7.7056
7.71156
7.71748
7.73184
7.73711
7.7404
7.74194
7.75072
7.77819
7.79276
7.84905
7.85465
7.86329
7.86387
7.88377
7.89088
7.89818
7.90197
7.90601
7.90868
7.91009
7.92263
7.92815
7.92963
7.94188
7.94907
7.95057
7.95155
7.9542
7.95492
7.95774
7.96004
7.96257
7.9665
7.96756
7.96781
7.96919
7.97045
7.97295
7.97348
7.97564
7.97615
7.97695
7.98254
7.9839
7.98654
7.98734
7.98914
7.99298
7.99371
7.99539
7.99761
7.99911
7.99922
8.00364
8.00415
8.00674
8.00698
8.00725
8.00843
8.00934
8.0135
8.01703
8.01843
8.02567
8.02701
8.03145
8.03645
8.04089
8.04853
8.07876
8.08232
8.08489
8.08559
8.0876
8.09098
8.09258
8.09712
8.10243
8.11188
8.1854
8.18912
8.19453
8.19693
8.24788
8.25685
8.25834
8.26445
8.31821
8.33177
8.33779
8.33944
8.34539
8.35053
8.35723
8.36118
8.36469
8.37402
8.53793
8.55719
8.56992
8.57788
8.58323
8.58367
8.5995
8.60291
8.61167
8.6274
8.632
8.6358
8.6661
8.67303
8.69062
8.71423
8.74192
8.7718
8.80441
8.81299
8.82974
8.85002
8.85824
8.85842
8.86513
8.87966
8.90102
8.91927
8.92812
8.93469
8.9348
8.93888
8.9402
8.95065
8.95732
8.95791
8.9588
8.97141
8.97271
8.97758
8.98097
8.98201
8.98815
8.9941
9.004
9.02286
9.04872
9.05929
9.07344
9.07421
9.08106
9.08917
9.10164
9.12037
9.1247
9.13013
9.13218
9.14374
9.1518
9.15376
9.15435
9.17723
9.20773
9.24085
9.24293
9.24577
9.25021
9.26647
9.26892
9.27009
9.27277
9.273
9.27416
9.27608
9.28174
9.31363
9.32022
9.33594
9.34136
9.3581
9.36557
9.38657
9.3944
9.39832
9.4033
9.42167
9.43003
9.44582
9.45357
9.46954
9.47913
9.4946
9.49536
9.50315
9.50485
9.5681
9.57499
9.57817
9.57871
9.58001
9.5807
9.58398
9.58556
9.58575
9.58768
9.59613
9.60301
9.61053
9.61201
9.61348
9.61764
9.62194
9.6235
9.62947
9.63945
9.64197
9.64465
9.64902
9.65514
9.65607
9.65751
9.65797
9.66097
9.66173
9.66343
9.66687
9.66913
9.67114
9.67775
9.67934
9.68205
9.68941
9.69183
9.69336
9.70933
9.75091
9.75612
9.81419
9.8148
9.81732
9.82059
9.83021
9.83158
9.83273
9.83446
9.83543
9.83694
9.84039
9.84155
9.8435
9.84524
9.89688
9.91339
9.9379
9.95649
10.0102
10.0111
10.0856
10.0889
10.0903
10.0993
10.1752
10.1764
10.274
10.2857
10.3136
10.3171
10.319
10.3212
10.3221
10.3239
10.3569
10.3649
10.4138
10.4245
10.431
10.4362
10.5745
10.5787
10.5996
10.6064
10.6102
10.6168
10.6218
10.6491
10.6515
10.6567
10.6574
10.6633
10.6688
10.6752
10.6801
10.6819
10.6865
10.6882
10.715
10.7171
10.728
10.7302
10.7317
10.7391
10.7442
10.7528
10.7617
10.7641
10.7719
10.7817
10.7818
10.7855
10.7862
10.787
10.79
10.7915
10.7967
10.8224
10.8291
10.8377
10.843
10.8551
10.8596
10.8658
10.8684
10.8726
10.8785
10.8792
10.8818
10.8856
10.8872
10.8877
10.8907
10.8913
10.8928
10.8932
10.8944
10.896
10.8997
10.9014
10.9037
10.9073
10.908
10.9101
10.9125
10.913
10.9142
10.9151
10.9158
10.9163
10.9166
10.9194
10.9212
10.9222
10.9231
10.9261
10.9287
10.9319
10.9389
10.9395
10.9479
10.9525
10.9666
10.996
11.001
11.0133
11.0216
11.0242
11.0333
11.0623
11.1438
11.1597
11.2148
11.2356
11.2424
11.2592
11.2755
11.2871
11.3255
11.345
11.3825
11.3961
11.5312
11.5362
11.5396
11.5542
11.5625
11.578
11.5924
11.6089
11.6346
11.6519
11.7113
11.7335
11.7369
11.7468
11.7866
11.8071
11.8078
11.8143
11.8203
11.8222
11.8235
11.8434
11.8726
11.8814
11.8862
11.8957
11.9163
11.921
11.9227
11.9339
11.9419
11.9519
11.9545
11.9562
11.9578
11.9583
11.9595
11.9636
11.9661
11.9754
11.9792
11.984
11.9852
11.987
11.9895
11.9921
11.9933
11.9964
11.9997
12.002
12.0029
12.0046
12.0163
12.0229
12.0235
12.0284
12.0334
12.0535
12.0548
12.0604
12.0644
12.0669
12.0701
12.0745
12.0768
12.0849
12.0909
12.0936
12.0978
12.1037
12.1157
12.1251
12.1727
12.1731
12.1778
12.179
12.1991
12.2075
12.2135
12.2186
12.2279
12.2434
12.2475
12.2688
12.2737
12.3002
12.3043
12.3139
12.317
12.3176
12.3225
12.3267
12.3307
12.3319
12.3351
12.3402
12.3427
12.3446
12.3475
12.3491
12.351
12.3587
12.3846
12.3888
12.3902
12.3944
12.3972
12.4032
12.4326
12.4388
12.4999
12.5674
12.5706
12.5976
12.6265
12.6309
12.6487
12.6541
12.6599
12.673
12.6832
12.7128
12.7313
12.7528
12.7809
12.7844
12.8368
12.8419
12.8447
12.8633
12.8713
12.8762
12.9193
12.9495
13.0032
13.0192
13.0229
13.0711
13.0771
13.0813
13.087
13.21
13.2135
13.2164
13.2213
13.2464
13.2482
13.251
13.2538
13.2595
13.2678
13.2852
13.2912
13.3073
13.3368
13.3496
13.3605
13.3613
13.3644
13.3652
13.382
13.3948
13.4188
13.43
13.4434
13.4512
13.4719
13.4761
13.5013
13.5027
13.5031
13.5105
13.5132
13.5212
13.526
13.5315
13.5601
13.5677
13.5683
13.573
13.5762
13.59
13.5933
13.5995
13.6102
13.617
13.6248
13.6324
13.6385
13.6511
13.6561
13.6591
13.6794
13.6963
13.7659
13.7719
13.7767
13.7794
13.8012
13.8028
13.8037
13.8059
13.8079
13.8091
13.81
13.8224
13.8304
13.8324
13.8345
13.8366
13.8383
13.8492
13.8519
13.8534
13.8561
13.8576
13.8623
13.9149
13.9849
13.9902
14.0677
14.116
14.2231
14.3029
14.3072
14.3432
14.5605
14.5656
14.5748
14.5799
14.58
14.6008
14.6215
14.6286
14.6304
14.6328
14.643
14.6517
14.6527
14.6569
14.6605
14.6627
14.6728
14.6749
14.6758
14.6777
14.6793
14.6823
14.7015
14.7322
14.7398
14.7432
14.7521
14.7617
14.7715
14.7941
14.8021
14.8062
14.8381
14.8448
14.8455
14.8503
14.8577
14.8593
14.8616
14.864
14.869
14.8733
14.8769
14.8771
14.8818
14.8832
14.8837
14.8875
14.9019
14.9031
14.905
14.9062
14.9108
14.9154
14.9312
14.9352
14.9374
14.9397
14.9722
14.9898
14.9911
14.9922
14.997
15.0368
15.0477
15.0677
15.0717
15.0843
15.1072
15.167
15.1831
15.195
15.2008
15.2105
15.2155
15.2503
15.2539
15.2551
15.4283
15.4485
15.4828
15.5158
15.5737
15.617
15.6288
15.6773
15.7647
15.7697
15.8058
15.8265
15.8434
15.8623
15.8885
15.905
15.9184
15.9259
15.9358
15.9429
15.95
15.9569
15.9609
15.9685
15.9996
16.0354
16.0465
16.063
16.0658
16.0891
16.0928
16.1325
16.1331
16.1664
16.1691
16.1934
16.2507
16.2565
16.2631
16.3001
16.3023
16.3068
16.3078
16.3143
16.3294
16.3443
16.348
16.4234
16.4856
16.4921
16.5316
16.5359
16.565
16.5656
16.5699
16.5716
16.5912
16.5959
16.6133
16.6201
16.6289
16.6333
16.6426
16.6445
16.7327
16.7424
16.7466
16.7498
16.7537
16.8386
16.908
17.2296
17.2361
17.2751
17.2826
17.351
17.3534
17.3741
17.3801
17.491
17.4944
17.4995
17.505
17.5087
17.5142
17.5454
17.5524
17.5964
17.6034
17.6068
17.6104
17.6529
17.6633
17.69
17.6961
17.7566
17.7636
17.776
17.7778
17.794
17.8011
17.8121
17.8139
17.8212
17.826
17.8265
17.8312
17.8506
17.8548
17.8557
17.86
17.9036
17.9078
17.9297
17.9339
17.9656
17.9718
17.9879
17.994
18.2424
18.3377
18.3791
18.5461
18.5521
18.5641
18.5701
18.6757
18.6841
18.7813
18.8027
18.8086
18.8102
18.8522
18.8596
18.8899
18.9018
18.9096
18.9165
18.9581
18.98
18.9867
18.9895
19.0067
19.1168
19.1236
19.1715
19.189
19.2095
19.2335
19.2403
19.2464
19.2764
19.2815
19.2873
19.2909
19.2976
19.3627
19.4388
19.4473
19.4514
19.5043
19.5802
19.5983
19.8567
19.8619
19.9195
19.9272
20.1919
20.1994
20.2525
20.2581
20.2584
20.2653
20.2811
20.287
20.3624
20.3698
20.4269
20.4286
20.4333
20.4355
20.4729
20.4802
20.5168
20.5241
20.5562
20.5652
20.5725
20.5848
20.5938
20.6245
20.6281
20.6366
20.6836
20.6909
20.7666
20.7702
20.898
20.9043
20.9241
20.9307
21.2064
21.2137
21.2351
21.2423
21.466
21.4821
21.4952
21.5023
21.5029
21.5162
21.5592
21.5669
21.568
21.575
21.6769
21.6839
21.7099
21.7177
21.7526
21.7552
21.7596
21.763
21.8287
21.8954
21.9025
21.9461
21.9509
21.9579
21.96
21.973
21.9892
21.9963
22.3886
22.7664
22.7745
22.8217
22.8269
22.8295
22.8349
22.9096
22.9171
22.9414
23.0496
23.0517
23.0574
23.0999
23.1074
23.1724
23.18
23.2064
23.2131
23.2287
23.2312
23.2363
23.2387
23.2781
23.2856
23.313
23.3208
23.4197
23.4274
23.4277
23.435
23.6706
23.6862
23.9027
24.1198
24.126
24.132
24.174
24.2051
24.2131
24.2216
24.2287
24.3397
24.3693
24.3695
24.3767
24.4112
24.4184
24.4227
24.4304
24.438
24.4452
24.4674
24.4754
24.5257
24.5336
24.5745
24.5818
24.6258
24.6264
24.6333
24.6342
24.6581
24.6654
24.6712
24.6792
24.682
24.6893
25.4423
25.4448
25.4529
25.5202
25.5648
25.5726
25.6628
25.6804
25.6883
25.7161
25.7325
25.7402
25.8164
25.8243
25.8679
25.8757
25.8901
25.8979
25.9022
25.9101
25.9227
25.9305
25.9356
25.9434
25.9858
25.9935
26.0281
26.035
26.0476
26.0554
26.1089
26.1167
26.1931
26.2009
26.4221
26.7306
26.8334
26.8697
26.8762
26.9819
27.0407
27.1089
27.1651
27.1788
27.1821
27.1843
27.1896
27.1917
27.223
27.2443
27.269
27.2766
27.2953
27.3308
27.3384
27.358
27.3655
27.3679
27.3765
27.3809
27.3839
27.3884
27.4214
27.5456
28.0595
28.2111
28.3377
28.4159
28.4665
28.4714
28.55
28.5656
28.5679
28.6015
28.6084
28.6525
28.6635
28.6642
28.7319
28.7904
28.8395
28.8918
28.899
28.9138
28.9178
29.524
29.9322
29.9648
30.0205
30.0503
30.0828
30.0834
30.1404
30.143
31.7972
