-19.2416
-19.0741
-17.4556
-17.342
-13.7255
-13.6407
-12.165
-12.157
-12.05
-10.9546
-10.774
-10.5122
-10.3534
-9.83109
-9.6272
-9.4671
-9.23305
-8.60465
-8.5258
-8.45105
-8.37778
-8.27832
-8.22672
-8.16956
-8.10531
-6.95237
-6.92777
-6.78905
-6.6786
-6.35601
-5.31994
-5.23216
-5.13321
-4.92865
-4.60938
-4.44994
-4.16059
-4.13032
-4.10981
-4.00273
-3.82439
-3.75953
-3.51238
-3.24078
-3.15435
-3.1057
-2.97316
-2.89683
-2.89085
-2.66771
-2.59866
-2.10453
-2.01733
-1.29871
-1.21087
-1.15141
-1.00323
-0.616369
-0.60684
-0.453104
-0.344291
-0.216861
-0.151097
-0.0851541
-0.0407827
-0.0250454
0
0.0431489
0.178355
0.352683
0.420847
0.516079
0.59691
0.765795
0.84371
1.10882
1.13863
1.31633
1.44974
1.6212
1.75959
1.99257
2.26738
2.30875
2.42806
2.45398
2.51454
2.56442
2.79461
2.85102
2.98639
3.00704
3.10113
3.26958
3.28338
3.31722
3.37312
3.50948
3.54211
3.7004
3.8395
3.96687
4.06184
4.23223
4.4593
4.69086
4.74574
5.27169
5.32726
5.46119
5.56131
5.68485
5.70794
5.96503
6.06121
6.13577
6.21241
6.57565
6.73153
6.83065
6.86489
6.87781
6.95589
6.9816
7.00094
7.08917
7.27712
7.81604
8.37015
8.66064
8.8964
8.91134
9.56876
9.92793
10.0434
10.1938
10.2067
10.2513
10.4871
10.6806
10.7757
10.8762
10.936
11.0286
11.5712
12.1156
12.5494
13.0021
13.0929
13.3346
13.4917
13.5377
13.7377
13.9255
13.9862
14.0505
14.1511
14.3681
15.4017
15.5812
15.8154
16.2006
16.5767
16.7707
16.8714
17.185
17.2604
17.3512
17.5131
17.6354
17.6978
17.7209
18.759
20.1099
20.4403
21.2099
21.3242
21.8403
21.8653
26.4514
