-35.0418
-34.894
-34.7752
-34.4951
-33.938
-32.8838
-32.6275
-32.5353
-32.3367
-31.4733
-31.3614
-31.3269
-31.2183
-31.1191
-31.0196
-30.7945
-30.7171
-30.3488
-30.1872
-29.7662
-29.6832
-29.5888
-29.5455
-29.4836
-29.4614
-29.3428
-29.1976
-29.1181
-29.0445
-28.7683
-28.5588
-28.4315
-28.1951
-27.3919
-27.3661
-27.2926
-27.2693
-27.0745
-26.9749
-26.7072
-26.5487
-26.4391
-26.2879
-26.1733
-26.1439
-26.1336
-26.0668
-25.9711
-25.9517
-25.9352
-25.9039
-25.8437
-25.8356
-25.7973
-25.7635
-25.738
-25.7329
-25.6918
-25.6727
-25.6434
-25.6198
-25.6029
-25.5131
-25.5112
-25.4763
-25.4212
-25.3619
-25.3121
-25.0041
-24.9784
-24.9223
-24.8372
-24.7666
-24.7374
-24.6813
-24.6604
-24.6245
-24.5284
-24.5018
-24.4919
-24.4864
-24.4431
-24.4266
-24.398
-24.3694
-24.3593
-24.3125
-24.2882
-24.2825
-24.2393
-24.2049
-24.1963
-24.186
-24.1714
-24.1607
-24.1362
-24.1192
-24.0926
-24.0761
-24.0467
-24.025
-24.0111
-23.9689
-23.9385
-23.933
-23.919
-23.8851
-23.8441
-23.8219
-23.818
-23.776
-23.7564
-23.7278
-23.7073
-23.6875
-23.6487
-23.6111
-23.6013
-23.5658
-23.4368
-23.4172
-23.4024
-23.3815
-23.3289
-23.3053
-23.2858
-23.2276
-23.208
-23.1741
-23.165
-23.1379
-23.0297
-22.9879
-22.9553
-22.927
-22.8745
-22.8473
-22.8258
-22.7867
-22.7434
-22.7246
-22.7141
-22.6995
-22.6713
-22.6425
-22.607
-22.6056
-22.5551
-22.5231
-22.4795
-22.4064
-22.3826
-22.3789
-22.3513
-22.3358
-22.2962
-22.2799
-22.2744
-22.2587
-22.2361
-22.2106
-22.2037
-22.1819
-22.1594
-22.1354
-22.1015
-22.0917
-22.0796
-22.0744
-22.0516
-22.0335
-22.0149
-22.0062
-21.9999
-21.9624
-21.9339
-21.9255
-21.9063
-21.891
-21.8843
-21.8365
-21.8263
-21.8178
-21.802
-21.7653
-21.7414
-21.7053
-21.6797
-21.6579
-21.5976
-21.5799
-21.5728
-21.5664
-21.5538
-21.5357
-21.526
-21.5039
-21.4684
-21.4575
-21.4432
-21.426
-21.3128
-21.2683
-21.2183
-21.212
-21.1918
-21.1717
-21.1361
-21.1162
-21.1062
-21.0884
-21.0607
-21.0043
-20.9973
-20.9888
-20.9616
-20.9341
-20.9027
-20.8788
-20.845
-20.8258
-20.7608
-20.7421
-20.7376
-20.7139
-20.7037
-20.6956
-20.6484
-20.6134
-20.5959
-20.573
-20.5632
-20.5251
-20.504
-20.4916
-20.4823
-20.4702
-20.4508
-20.4426
-20.4313
-20.416
-20.4047
-20.3755
-20.3531
-20.3454
-20.3292
-20.3145
-20.3081
-20.2995
-20.2774
-20.2585
-20.2413
-20.2351
-20.2271
-20.1959
-20.1906
-20.1862
-20.1727
-20.1511
-20.1483
-20.1187
-20.1034
-20.0872
-20.0617
-20.0589
-20.0171
-19.9903
-19.9695
-19.9354
-19.9328
-19.8926
-19.8853
-19.8264
-19.8189
-19.7332
-19.7224
-19.6692
-19.6628
-19.6483
-19.6033
-19.5865
-19.5771
-19.5454
-19.5368
-19.5238
-19.5182
-19.4947
-19.4849
-19.4665
-19.4412
-19.4132
-19.4078
-19.3899
-19.377
-19.3745
-19.3571
-19.3333
-19.3094
-19.2965
-19.2835
-19.2553
-19.2481
-19.2419
-19.2284
-19.2189
-19.2014
-19.1788
-19.1701
-19.1552
-19.1497
-19.1086
-19.097
-19.0759
-19.0668
-19.0502
-19.0465
-19.033
-19.0277
-19.0178
-19.0128
-18.99
-18.9812
-18.9683
-18.9613
-18.9523
-18.9424
-18.9328
-18.9006
-18.8723
-18.8661
-18.8628
-18.8577
-18.8393
-18.8256
-18.8132
-18.8014
-18.7738
-18.753
-18.7437
-18.7402
-18.7217
-18.7136
-18.6979
-18.6933
-18.6748
-18.6687
-18.6613
-18.6534
-18.6336
-18.6261
-18.6184
-18.5985
-18.5867
-18.5761
-18.565
-18.5558
-18.5466
-18.5355
-18.5297
-18.5197
-18.4906
-18.4793
-18.4701
-18.4526
-18.4449
-18.4385
-18.4305
-18.4062
-18.3803
-18.3596
-18.3223
-18.3131
-18.2932
-18.2694
-18.2343
-18.2286
-18.2188
-18.1999
-18.1948
-18.1724
-18.1439
-18.1357
-18.1213
-18.1164
-18.1111
-18.0896
-18.0629
-18.0421
-18.0399
-18.0219
-17.9955
-17.9856
-17.9681
-17.936
-17.9198
-17.895
-17.8912
-17.8787
-17.8642
-17.8535
-17.8434
-17.8211
-17.8082
-17.7991
-17.7888
-17.78
-17.7745
-17.7615
-17.7556
-17.7357
-17.7176
-17.711
-17.6819
-17.6739
-17.6678
-17.6346
-17.6279
-17.6178
-17.6016
-17.5855
-17.5827
-17.5744
-17.5433
-17.5321
-17.5269
-17.5048
-17.4998
-17.499
-17.4812
-17.4539
-17.4198
-17.4091
-17.4064
-17.3953
-17.3897
-17.3835
-17.3669
-17.354
-17.3514
-17.3281
-17.3128
-17.2954
-17.2905
-17.2847
-17.2697
-17.2637
-17.2443
-17.2277
-17.2207
-17.214
-17.1997
-17.188
-17.1798
-17.1714
-17.1527
-17.148
-17.1407
-17.1071
-17.1044
-17.0969
-17.0874
-17.0787
-17.0726
-17.0581
-17.0478
-17.0331
-17.02
-17.0113
-16.9969
-16.9802
-16.9712
-16.9675
-16.9552
-16.9366
-16.9347
-16.9214
-16.9094
-16.8861
-16.8822
-16.8664
-16.8549
-16.8416
-16.8356
-16.8246
-16.8207
-16.8053
-16.8001
-16.7855
-16.7724
-16.768
-16.7637
-16.7495
-16.7401
-16.7245
-16.7197
-16.7133
-16.7068
-16.6979
-16.6945
-16.6789
-16.6731
-16.665
-16.6565
-16.6552
-16.6461
-16.6346
-16.6302
-16.6277
-16.6227
-16.6185
-16.6107
-16.603
-16.6014
-16.598
-16.5824
-16.58
-16.5755
-16.5677
-16.5636
-16.5528
-16.5395
-16.5289
-16.5186
-16.5152
-16.5042
-16.496
-16.4844
-16.4756
-16.4747
-16.4673
-16.4459
-16.4359
-16.4323
-16.4152
-16.4057
-16.3971
-16.3887
-16.3875
-16.3762
-16.3696
-16.3636
-16.3584
-16.3487
-16.3369
-16.3322
-16.3256
-16.3201
-16.3128
-16.304
-16.2981
-16.2895
-16.2807
-16.2692
-16.2673
-16.2515
-16.2512
-16.2394
-16.2261
-16.223
-16.2098
-16.2004
-16.1879
-16.1746
-16.1695
-16.1623
-16.1456
-16.1376
-16.1208
-16.1147
-16.1075
-16.095
-16.0843
-16.0758
-16.0631
-16.0473
-16.0362
-16.0315
-16.0277
-16.019
-16.0093
-16.0081
-15.9946
-15.9836
-15.9654
-15.9598
-15.9545
-15.9366
-15.9247
-15.9117
-15.901
-15.8963
-15.8804
-15.8707
-15.8601
-15.8497
-15.8399
-15.8252
-15.8201
-15.8047
-15.8007
-15.7887
-15.7799
-15.7656
-15.7636
-15.758
-15.7513
-15.7379
-15.7228
-15.7166
-15.7016
-15.6851
-15.676
-15.6657
-15.6594
-15.652
-15.6332
-15.6225
-15.6112
-15.5971
-15.5894
-15.5868
-15.5685
-15.5648
-15.5561
-15.5476
-15.536
-15.531
-15.5278
-15.5126
-15.5082
-15.5008
-15.4995
-15.4805
-15.4693
-15.46
-15.4454
-15.4431
-15.4393
-15.4305
-15.4183
-15.409
-15.4013
-15.3969
-15.3882
-15.3828
-15.3774
-15.3644
-15.3583
-15.3521
-15.3462
-15.3424
-15.3389
-15.3297
-15.3174
-15.309
-15.3054
-15.2891
-15.2773
-15.269
-15.2638
-15.2593
-15.2514
-15.2409
-15.2285
-15.2248
-15.22
-15.2073
-15.1989
-15.1916
-15.1808
-15.1705
-15.1597
-15.1531
-15.1504
-15.1439
-15.139
-15.1316
-15.122
-15.1162
-15.1053
-15.0965
-15.0876
-15.086
-15.0809
-15.0744
-15.0687
-15.0673
-15.0624
-15.051
-15.0404
-15.0364
-15.0275
-15.0243
-15.0212
-15.0082
-15.0053
-14.9989
-14.9941
-14.9907
-14.9838
-14.9715
-14.965
-14.959
-14.9535
-14.9457
-14.9406
-14.9364
-14.9323
-14.9266
-14.9149
-14.9103
-14.9095
-14.9011
-14.8976
-14.8936
-14.8824
-14.8768
-14.8687
-14.8659
-14.8602
-14.853
-14.8494
-14.8483
-14.8344
-14.8269
-14.8198
-14.8154
-14.8108
-14.8016
-14.7895
-14.7829
-14.7771
-14.7699
-14.7682
-14.7603
-14.7519
-14.744
-14.7357
-14.7305
-14.7266
-14.7172
-14.712
-14.7027
-14.6996
-14.6946
-14.6842
-14.6793
-14.6723
-14.6681
-14.658
-14.6526
-14.6457
-14.6332
-14.6289
-14.6197
-14.6092
-14.6029
-14.5953
-14.5889
-14.581
-14.5702
-14.5588
-14.5545
-14.5436
-14.5369
-14.5298
-14.5272
-14.5224
-14.5106
-14.5052
-14.5005
-14.4902
-14.4825
-14.4771
-14.4701
-14.4565
-14.4539
-14.4513
-14.4411
-14.4359
-14.4328
-14.4231
-14.421
-14.415
-14.4077
-14.3998
-14.3966
-14.3863
-14.3795
-14.372
-14.35
-14.3443
-14.3361
-14.324
-14.314
-14.3053
-14.2923
-14.2915
-14.2843
-14.2788
-14.271
-14.2676
-14.2535
-14.2432
-14.2369
-14.2305
-14.2195
-14.2116
-14.2059
-14.1977
-14.1854
-14.1817
-14.1717
-14.1611
-14.1518
-14.1401
-14.1306
-14.1251
-14.1201
-14.1087
-14.094
-14.0904
-14.0847
-14.078
-14.0678
-14.064
-14.0625
-14.0579
-14.0485
-14.0382
-14.0362
-14.0185
-14.0029
-13.9986
-13.9953
-13.9897
-13.971
-13.961
-13.9496
-13.9475
-13.9355
-13.9229
-13.9204
-13.9002
-13.8978
-13.8911
-13.8803
-13.8714
-13.8646
-13.8572
-13.8544
-13.8415
-13.836
-13.8282
-13.8226
-13.8109
-13.8041
-13.8006
-13.7855
-13.7833
-13.779
-13.7726
-13.7612
-13.7543
-13.749
-13.74
-13.7378
-13.732
-13.728
-13.7095
-13.707
-13.6981
-13.6936
-13.6884
-13.6859
-13.6733
-13.6674
-13.6556
-13.6526
-13.6455
-13.6397
-13.633
-13.6286
-13.6244
-13.6174
-13.6104
-13.6012
-13.5968
-13.5874
-13.5818
-13.5758
-13.5707
-13.5611
-13.5503
-13.5459
-13.5401
-13.5336
-13.5279
-13.5176
-13.5059
-13.5029
-13.4925
-13.4844
-13.476
-13.4682
-13.4639
-13.4508
-13.4436
-13.4395
-13.433
-13.4253
-13.4219
-13.4169
-13.4042
-13.3953
-13.3903
-13.3831
-13.3814
-13.3752
-13.3696
-13.3635
-13.3522
-13.3417
-13.3362
-13.3271
-13.3223
-13.3189
-13.3159
-13.3063
-13.2948
-13.29
-13.2869
-13.2807
-13.2789
-13.2713
-13.2637
-13.2562
-13.2554
-13.2493
-13.2442
-13.24
-13.2338
-13.2232
-13.2187
-13.2162
-13.208
-13.2066
-13.1986
-13.1954
-13.1818
-13.1763
-13.1701
-13.1616
-13.1596
-13.1547
-13.1445
-13.1383
-13.1297
-13.1258
-13.1197
-13.1181
-13.1001
-13.0948
-13.0874
-13.0835
-13.0788
-13.0747
-13.0585
-13.056
-13.048
-13.0418
-13.0322
-13.0235
-13.0142
-13.0078
-13.0018
-12.9924
-12.9807
-12.9777
-12.9713
-12.9497
-12.9464
-12.9413
-12.9342
-12.9327
-12.9271
-12.9239
-12.9209
-12.9131
-12.9081
-12.9068
-12.9012
-12.8944
-12.8856
-12.8829
-12.8744
-12.8735
-12.8699
-12.861
-12.8515
-12.8394
-12.8315
-12.826
-12.8185
-12.8109
-12.8051
-12.799
-12.7868
-12.7777
-12.7677
-12.7629
-12.7596
-12.7526
-12.7391
-12.7329
-12.7281
-12.7215
-12.7198
-12.7071
-12.7063
-12.6984
-12.6943
-12.6862
-12.6778
-12.6711
-12.6663
-12.6483
-12.6448
-12.6313
-12.6284
-12.6257
-12.6177
-12.616
-12.6103
-12.6073
-12.5907
-12.5898
-12.5832
-12.5814
-12.5732
-12.5681
-12.5675
-12.5602
-12.5575
-12.5544
-12.5466
-12.5437
-12.5387
-12.5344
-12.5262
-12.5236
-12.5152
-12.509
-12.5016
-12.4929
-12.4917
-12.4863
-12.4818
-12.4791
-12.4682
-12.4672
-12.4623
-12.4575
-12.4536
-12.4479
-12.4444
-12.4379
-12.4305
-12.4254
-12.4184
-12.4184
-12.4152
-12.4126
-12.4075
-12.3997
-12.3959
-12.3886
-12.3825
-12.375
-12.3654
-12.3584
-12.3582
-12.3546
-12.3475
-12.3408
-12.3381
-12.3331
-12.3286
-12.3274
-12.3234
-12.3147
-12.3119
-12.3022
-12.297
-12.291
-12.286
-12.2807
-12.2787
-12.2724
-12.2678
-12.2644
-12.2573
-12.25
-12.2475
-12.2389
-12.2345
-12.2305
-12.2242
-12.2223
-12.2195
-12.2121
-12.2087
-12.202
-12.2009
-12.1887
-12.1823
-12.1811
-12.1743
-12.1719
-12.1625
-12.1558
-12.148
-12.1438
-12.1401
-12.1356
-12.1273
-12.1256
-12.1239
-12.1201
-12.1124
-12.1039
-12.102
-12.0957
-12.0929
-12.0841
-12.074
-12.071
-12.06
-12.0577
-12.0505
-12.0468
-12.0389
-12.0348
-12.0265
-12.0227
-12.0169
-12.0146
-12.0122
-12.006
-11.9983
-11.9892
-11.9876
-11.9792
-11.9727
-11.9683
-11.9616
-11.9579
-11.9535
-11.9505
-11.9394
-11.9387
-11.93
-11.9245
-11.9163
-11.915
-11.9117
-11.9043
-11.9018
-11.8973
-11.8942
-11.8891
-11.8768
-11.8756
-11.8671
-11.8667
-11.858
-11.8548
-11.8482
-11.8412
-11.8317
-11.826
-11.8243
-11.8175
-11.8087
-11.8062
-11.7986
-11.7955
-11.787
-11.7841
-11.7748
-11.7716
-11.7655
-11.7613
-11.7577
-11.7552
-11.751
-11.7397
-11.7343
-11.7287
-11.7282
-11.721
-11.7183
-11.7088
-11.7064
-11.6959
-11.6911
-11.6862
-11.6713
-11.6671
-11.6608
-11.6537
-11.6421
-11.6392
-11.6311
-11.627
-11.6237
-11.6191
-11.6105
-11.6078
-11.5997
-11.5937
-11.591
-11.5798
-11.5704
-11.5643
-11.5622
-11.5579
-11.5439
-11.5385
-11.532
-11.5292
-11.5247
-11.5155
-11.5129
-11.5025
-11.4955
-11.4935
-11.4844
-11.4818
-11.476
-11.4713
-11.4632
-11.4562
-11.4551
-11.4504
-11.4428
-11.4358
-11.4284
-11.4173
-11.41
-11.4074
-11.4012
-11.396
-11.3906
-11.3828
-11.3798
-11.3747
-11.3682
-11.3618
-11.3559
-11.3465
-11.3412
-11.3352
-11.3281
-11.3252
-11.324
-11.3205
-11.3088
-11.305
-11.2979
-11.2952
-11.2918
-11.2879
-11.2778
-11.2699
-11.2686
-11.2589
-11.2578
-11.2524
-11.2476
-11.2412
-11.2365
-11.2341
-11.2314
-11.2257
-11.2208
-11.2176
-11.2123
-11.2102
-11.2033
-11.1976
-11.1922
-11.1905
-11.1871
-11.1771
-11.1748
-11.1715
-11.1654
-11.1555
-11.1485
-11.147
-11.1457
-11.1379
-11.1298
-11.1271
-11.1197
-11.1118
-11.1092
-11.1055
-11.0985
-11.0965
-11.0934
-11.0848
-11.0836
-11.0762
-11.0731
-11.0701
-11.0632
-11.0611
-11.0544
-11.0504
-11.0446
-11.043
-11.0338
-11.0331
-11.0313
-11.0226
-11.0181
-11.0116
-11.0072
-11.0042
-11.0005
-10.998
-10.9938
-10.9914
-10.9805
-10.98
-10.9787
-10.9737
-10.9671
-10.9625
-10.9574
-10.9543
-10.9502
-10.9448
-10.9397
-10.9351
-10.9341
-10.9302
-10.9242
-10.912
-10.91
-10.9045
-10.8979
-10.8967
-10.8861
-10.8844
-10.883
-10.8786
-10.8734
-10.8672
-10.8627
-10.8585
-10.8516
-10.8457
-10.8395
-10.8322
-10.8295
-10.8227
-10.8205
-10.8129
-10.8081
-10.8045
-10.798
-10.79
-10.7881
-10.7828
-10.7772
-10.7711
-10.7677
-10.7634
-10.7592
-10.7556
-10.7538
-10.7449
-10.7427
-10.7346
-10.7301
-10.7254
-10.7211
-10.7166
-10.7113
-10.7072
-10.7022
-10.6984
-10.6917
-10.6858
-10.6846
-10.6754
-10.6698
-10.6687
-10.665
-10.6554
-10.6539
-10.6514
-10.6485
-10.6427
-10.635
-10.6286
-10.6241
-10.6218
-10.6184
-10.6145
-10.6102
-10.6055
-10.6014
-10.5972
-10.5915
-10.5826
-10.5794
-10.5759
-10.5728
-10.5672
-10.565
-10.5595
-10.555
-10.5483
-10.5449
-10.5394
-10.5354
-10.5324
-10.5298
-10.5242
-10.5152
-10.511
-10.5088
-10.5035
-10.4948
-10.4905
-10.488
-10.4769
-10.4767
-10.4714
-10.4639
-10.4575
-10.4554
-10.4506
-10.4471
-10.4421
-10.4377
-10.4323
-10.4226
-10.4185
-10.4136
-10.4117
-10.4033
-10.401
-10.3949
-10.3882
-10.3828
-10.3785
-10.3703
-10.3657
-10.3613
-10.3596
-10.3568
-10.3544
-10.3479
-10.3411
-10.3363
-10.3339
-10.3285
-10.3218
-10.3204
-10.314
-10.311
-10.3038
-10.3007
-10.2969
-10.283
-10.2805
-10.2792
-10.2745
-10.2715
-10.268
-10.2606
-10.2565
-10.2511
-10.2473
-10.2385
-10.2371
-10.2306
-10.2297
-10.2241
-10.2197
-10.2155
-10.2106
-10.2096
-10.207
-10.1998
-10.1976
-10.1926
-10.1882
-10.186
-10.1818
-10.18
-10.1756
-10.1622
-10.1593
-10.1569
-10.1485
-10.146
-10.1411
-10.1353
-10.1262
-10.121
-10.1145
-10.1105
-10.1075
-10.1034
-10.0958
-10.0934
-10.0863
-10.0844
-10.0818
-10.073
-10.0667
-10.0628
-10.0598
-10.056
-10.0552
-10.0514
-10.0439
-10.0397
-10.0344
-10.0308
-10.0216
-10.0138
-10.01
-10.0058
-10.0035
-10.0016
-9.9898
-9.98293
-9.97748
-9.97222
-9.96486
-9.96086
-9.95907
-9.95163
-9.94687
-9.94601
-9.9416
-9.93741
-9.93036
-9.92738
-9.92281
-9.91886
-9.91116
-9.90296
-9.90217
-9.89814
-9.89355
-9.89152
-9.89019
-9.87924
-9.87581
-9.87317
-9.86885
-9.86711
-9.86065
-9.85362
-9.85324
-9.84407
-9.8407
-9.83868
-9.83419
-9.83126
-9.82824
-9.81696
-9.8134
-9.80795
-9.80308
-9.80113
-9.79926
-9.79093
-9.7884
-9.78624
-9.78366
-9.78032
-9.77442
-9.77291
-9.76366
-9.75838
-9.75732
-9.75354
-9.7521
-9.74497
-9.74483
-9.73706
-9.73251
-9.72815
-9.72231
-9.71998
-9.71947
-9.71378
-9.70727
-9.699
-9.69758
-9.694
-9.69094
-9.69074
-9.6848
-9.67953
-9.67783
-9.67364
-9.67152
-9.66529
-9.66427
-9.65656
-9.65405
-9.65313
-9.64615
-9.64293
-9.63716
-9.63637
-9.62795
-9.62585
-9.61932
-9.61579
-9.61221
-9.60846
-9.60254
-9.60032
-9.59958
-9.59309
-9.59245
-9.58944
-9.57799
-9.57574
-9.5731
-9.57045
-9.5688
-9.56524
-9.55689
-9.55152
-9.54746
-9.54506
-9.54267
-9.54109
-9.53598
-9.52962
-9.52595
-9.52307
-9.51946
-9.51281
-9.50881
-9.50255
-9.49811
-9.49488
-9.49445
-9.49125
-9.48753
-9.48217
-9.47682
-9.47127
-9.46696
-9.46391
-9.45889
-9.45443
-9.44639
-9.4416
-9.4394
-9.42987
-9.42837
-9.42146
-9.41915
-9.41436
-9.40947
-9.40804
-9.40204
-9.39644
-9.39311
-9.38233
-9.38066
-9.37843
-9.37122
-9.36944
-9.36367
-9.36044
-9.35418
-9.35241
-9.34501
-9.33965
-9.33617
-9.33417
-9.33163
-9.32818
-9.32005
-9.31434
-9.3114
-9.30747
-9.30309
-9.30054
-9.29959
-9.29408
-9.29349
-9.28716
-9.28582
-9.27831
-9.27757
-9.26741
-9.26524
-9.26478
-9.26251
-9.25922
-9.25278
-9.2494
-9.24711
-9.24301
-9.23895
-9.2344
-9.23242
-9.2288
-9.22436
-9.21724
-9.2118
-9.20761
-9.20571
-9.20423
-9.201
-9.18995
-9.18828
-9.18075
-9.17645
-9.17295
-9.16914
-9.16717
-9.1598
-9.1552
-9.1517
-9.14753
-9.14306
-9.13665
-9.13405
-9.1271
-9.11816
-9.11617
-9.11496
-9.10698
-9.10339
-9.09915
-9.09491
-9.09133
-9.08639
-9.08066
-9.07581
-9.07233
-9.07048
-9.06925
-9.06259
-9.05367
-9.04967
-9.04836
-9.04555
-9.04146
-9.03892
-9.03114
-9.0268
-9.02487
-9.02273
-9.01825
-9.01453
-9.01394
-9.00907
-9.0007
-8.99556
-8.99023
-8.98818
-8.98412
-8.97811
-8.97152
-8.96953
-8.96643
-8.96012
-8.95635
-8.95324
-8.94662
-8.94561
-8.93826
-8.93683
-8.93446
-8.92672
-8.92517
-8.91816
-8.91669
-8.91013
-8.90836
-8.90615
-8.8978
-8.89514
-8.89017
-8.88912
-8.88358
-8.87751
-8.87426
-8.87061
-8.86689
-8.8638
-8.86264
-8.85611
-8.8518
-8.85021
-8.84502
-8.84443
-8.83889
-8.83587
-8.82627
-8.82552
-8.82209
-8.81699
-8.81226
-8.80706
-8.80242
-8.80019
-8.7963
-8.79011
-8.78822
-8.7842
-8.77949
-8.77271
-8.77017
-8.76752
-8.76507
-8.75762
-8.75627
-8.75016
-8.74092
-8.73652
-8.73045
-8.72859
-8.72518
-8.71945
-8.71782
-8.71352
-8.70939
-8.70053
-8.69841
-8.69308
-8.68693
-8.6841
-8.68023
-8.67137
-8.66943
-8.66684
-8.66196
-8.66081
-8.65054
-8.64717
-8.6372
-8.63439
-8.63298
-8.63281
-8.6282
-8.62643
-8.61544
-8.61042
-8.60767
-8.60486
-8.60018
-8.59322
-8.59022
-8.58483
-8.57985
-8.57691
-8.57489
-8.57047
-8.5669
-8.56602
-8.55919
-8.5533
-8.55112
-8.54734
-8.54593
-8.5402
-8.53174
-8.52848
-8.52608
-8.52489
-8.52035
-8.51659
-8.51567
-8.50767
-8.50629
-8.50268
-8.50099
-8.49467
-8.49119
-8.48551
-8.48328
-8.47971
-8.47268
-8.46842
-8.46552
-8.46484
-8.45833
-8.45355
-8.44468
-8.44409
-8.44105
-8.43826
-8.43478
-8.4337
-8.43071
-8.42318
-8.42101
-8.41523
-8.41357
-8.40841
-8.40686
-8.40273
-8.39765
-8.39327
-8.39109
-8.38487
-8.38214
-8.38075
-8.37663
-8.37057
-8.36878
-8.36463
-8.35892
-8.35776
-8.35272
-8.34816
-8.34775
-8.34517
-8.3432
-8.34123
-8.33572
-8.32864
-8.32187
-8.31809
-8.31447
-8.31346
-8.31249
-8.31044
-8.30775
-8.30591
-8.2952
-8.29481
-8.29303
-8.28546
-8.28441
-8.28253
-8.28038
-8.2752
-8.27159
-8.26618
-8.26346
-8.25984
-8.25654
-8.25433
-8.24638
-8.24126
-8.23972
-8.23777
-8.23423
-8.23053
-8.22544
-8.22179
-8.21608
-8.21487
-8.21214
-8.20817
-8.20311
-8.20158
-8.19543
-8.193
-8.19008
-8.18903
-8.18575
-8.18072
-8.17752
-8.17081
-8.16571
-8.16435
-8.15681
-8.1553
-8.15157
-8.14593
-8.14509
-8.14099
-8.1378
-8.13306
-8.13264
-8.12635
-8.12361
-8.12213
-8.113
-8.10849
-8.10569
-8.09826
-8.09753
-8.09188
-8.08493
-8.08074
-8.07897
-8.07522
-8.07299
-8.06471
-8.06397
-8.05736
-8.05496
-8.04897
-8.04667
-8.04537
-8.03813
-8.03529
-8.03365
-8.0271
-8.02187
-8.01545
-8.01166
-8.00794
-8.00319
-8.00298
-7.99902
-7.99631
-7.98906
-7.98446
-7.98034
-7.97764
-7.97086
-7.9674
-7.96365
-7.96173
-7.96017
-7.95228
-7.95002
-7.94836
-7.94235
-7.94067
-7.93794
-7.93416
-7.93382
-7.92884
-7.92545
-7.92389
-7.92012
-7.91833
-7.91566
-7.91137
-7.90787
-7.90383
-7.89681
-7.89593
-7.89436
-7.89132
-7.88534
-7.8815
-7.8798
-7.87419
-7.87197
-7.86979
-7.8667
-7.86586
-7.8631
-7.85915
-7.85644
-7.85273
-7.84817
-7.8455
-7.84096
-7.83523
-7.83171
-7.82942
-7.82581
-7.82058
-7.81804
-7.81174
-7.80814
-7.80609
-7.80411
-7.80142
-7.79481
-7.78918
-7.78843
-7.78633
-7.78247
-7.77723
-7.77559
-7.77285
-7.76854
-7.76077
-7.75925
-7.75699
-7.7539
-7.74751
-7.74579
-7.736
-7.73293
-7.73024
-7.72667
-7.72476
-7.71987
-7.71353
-7.70881
-7.70713
-7.70429
-7.69964
-7.69582
-7.69275
-7.69166
-7.68402
-7.67829
-7.67616
-7.6703
-7.66686
-7.66387
-7.6619
-7.65943
-7.65536
-7.65154
-7.64993
-7.64626
-7.639
-7.63797
-7.63464
-7.62763
-7.62425
-7.62272
-7.61774
-7.61635
-7.6114
-7.60848
-7.60357
-7.60213
-7.60006
-7.5955
-7.59436
-7.59212
-7.58882
-7.58192
-7.57963
-7.57657
-7.56757
-7.5661
-7.56159
-7.55762
-7.55267
-7.54946
-7.54647
-7.54563
-7.54042
-7.53664
-7.5337
-7.53078
-7.52905
-7.52122
-7.5199
-7.51619
-7.5106
-7.50456
-7.49809
-7.49419
-7.49216
-7.49083
-7.48383
-7.47964
-7.47646
-7.47201
-7.46842
-7.46423
-7.46303
-7.46085
-7.46011
-7.45496
-7.44943
-7.44533
-7.44298
-7.43798
-7.43308
-7.43144
-7.42727
-7.42485
-7.42183
-7.41933
-7.41472
-7.41233
-7.40724
-7.40131
-7.39891
-7.39679
-7.39285
-7.38709
-7.38134
-7.37709
-7.37253
-7.371
-7.36482
-7.36237
-7.36091
-7.35349
-7.35212
-7.34691
-7.34361
-7.34109
-7.33741
-7.3322
-7.32652
-7.32034
-7.31587
-7.31565
-7.31041
-7.30762
-7.30305
-7.2987
-7.2943
-7.29107
-7.28763
-7.28615
-7.27772
-7.27377
-7.2705
-7.26902
-7.26164
-7.25975
-7.25599
-7.25277
-7.24883
-7.2423
-7.23881
-7.23498
-7.23094
-7.22551
-7.22393
-7.21958
-7.21853
-7.20988
-7.20724
-7.20277
-7.20234
-7.19767
-7.19667
-7.1934
-7.19026
-7.18659
-7.18162
-7.17688
-7.1767
-7.17139
-7.16582
-7.16358
-7.16074
-7.15721
-7.1557
-7.15035
-7.14972
-7.14306
-7.14112
-7.13721
-7.13537
-7.1333
-7.13031
-7.1264
-7.12175
-7.11827
-7.11618
-7.11382
-7.11051
-7.10841
-7.1063
-7.10213
-7.09646
-7.0941
-7.09148
-7.08775
-7.08444
-7.08257
-7.07886
-7.07476
-7.06968
-7.06863
-7.068
-7.06526
-7.06268
-7.05838
-7.05221
-7.05008
-7.04764
-7.04313
-7.04151
-7.03826
-7.03398
-7.03122
-7.02931
-7.0281
-7.02329
-7.02021
-7.01687
-7.01393
-7.01149
-7.00654
-7.00331
-7.00111
-6.9983
-6.99181
-6.98996
-6.98819
-6.98382
-6.97908
-6.97452
-6.97338
-6.96924
-6.96742
-6.96594
-6.96317
-6.95801
-6.95501
-6.95186
-6.95103
-6.9465
-6.94157
-6.93566
-6.93357
-6.93046
-6.92719
-6.92558
-6.92039
-6.91617
-6.91083
-6.9076
-6.90374
-6.90178
-6.89845
-6.89615
-6.89231
-6.89156
-6.88744
-6.88301
-6.87515
-6.87252
-6.87039
-6.86897
-6.86356
-6.8612
-6.85798
-6.85616
-6.85278
-6.85077
-6.84596
-6.8444
-6.8387
-6.83801
-6.83281
-6.82952
-6.82758
-6.82325
-6.82087
-6.81853
-6.81591
-6.81238
-6.80471
-6.79984
-6.79672
-6.78851
-6.78717
-6.78219
-6.77911
-6.77452
-6.772
-6.76985
-6.76455
-6.7611
-6.75807
-6.75587
-6.752
-6.74648
-6.74203
-6.73983
-6.73682
-6.73337
-6.72876
-6.72775
-6.72235
-6.71708
-6.71649
-6.71209
-6.71111
-6.70743
-6.70599
-6.7046
-6.69583
-6.69032
-6.68897
-6.68735
-6.68502
-6.67938
-6.6774
-6.67585
-6.67104
-6.66966
-6.66835
-6.66349
-6.65843
-6.65499
-6.64853
-6.64585
-6.64365
-6.64127
-6.63736
-6.63374
-6.63258
-6.6277
-6.62488
-6.62015
-6.61493
-6.61444
-6.60932
-6.60714
-6.60177
-6.59911
-6.59417
-6.59145
-6.58929
-6.58708
-6.58149
-6.57807
-6.57321
-6.56643
-6.56213
-6.56032
-6.55862
-6.55233
-6.55144
-6.54723
-6.54476
-6.5359
-6.53052
-6.52853
-6.52386
-6.5193
-6.51597
-6.51548
-6.50939
-6.50706
-6.50236
-6.50009
-6.49906
-6.49455
-6.48995
-6.48779
-6.48372
-6.4816
-6.47983
-6.47472
-6.46779
-6.46443
-6.46199
-6.45937
-6.458
-6.45333
-6.45104
-6.44067
-6.43628
-6.4329
-6.42812
-6.42004
-6.41744
-6.41473
-6.41076
-6.40603
-6.40321
-6.39781
-6.39589
-6.39217
-6.38908
-6.38572
-6.38271
-6.37855
-6.37753
-6.37275
-6.37144
-6.36602
-6.36543
-6.35987
-6.35694
-6.35246
-6.3496
-6.34599
-6.34529
-6.34177
-6.33877
-6.33719
-6.32951
-6.3257
-6.32486
-6.31764
-6.31714
-6.31062
-6.30665
-6.30379
-6.30113
-6.29633
-6.29416
-6.2897
-6.28809
-6.28416
-6.27796
-6.27615
-6.27302
-6.27207
-6.26994
-6.26809
-6.26148
-6.25769
-6.25237
-6.24667
-6.24417
-6.243
-6.23953
-6.23533
-6.23504
-6.22639
-6.22543
-6.22266
-6.21588
-6.20913
-6.20797
-6.20729
-6.2043
-6.19495
-6.1911
-6.18747
-6.18461
-6.18015
-6.17985
-6.17506
-6.166
-6.16321
-6.15923
-6.15465
-6.15109
-6.15095
-6.14447
-6.14207
-6.14139
-6.13922
-6.13307
-6.1324
-6.12733
-6.12251
-6.11875
-6.11581
-6.11035
-6.1066
-6.10453
-6.09538
-6.09135
-6.08726
-6.08424
-6.0825
-6.0814
-6.07638
-6.06694
-6.0614
-6.05761
-6.05296
-6.05139
-6.04751
-6.04607
-6.04305
-6.03766
-6.03493
-6.03306
-6.02862
-6.02477
-6.02214
-6.02079
-6.014
-6.01264
-6.00605
-6.00392
-6.00132
-6.00087
-5.99298
-5.99038
-5.98744
-5.98421
-5.97707
-5.97411
-5.96612
-5.96238
-5.96037
-5.95531
-5.95239
-5.95122
-5.94671
-5.94235
-5.94103
-5.93722
-5.93404
-5.9323
-5.92897
-5.92652
-5.92158
-5.91787
-5.91374
-5.91082
-5.90648
-5.90197
-5.89987
-5.89774
-5.89087
-5.88566
-5.8836
-5.88154
-5.87586
-5.87185
-5.86853
-5.86302
-5.85961
-5.85921
-5.8568
-5.85217
-5.84934
-5.84552
-5.83896
-5.83756
-5.83431
-5.82683
-5.82502
-5.82212
-5.81798
-5.81699
-5.81298
-5.80864
-5.806
-5.80488
-5.80157
-5.79572
-5.79531
-5.78956
-5.78456
-5.7822
-5.7794
-5.77658
-5.77021
-5.76887
-5.76494
-5.7584
-5.75623
-5.75057
-5.7477
-5.74374
-5.74159
-5.73984
-5.7373
-5.73351
-5.73169
-5.73056
-5.72569
-5.72287
-5.71635
-5.714
-5.7085
-5.70737
-5.7039
-5.70207
-5.69657
-5.69077
-5.68633
-5.68367
-5.68309
-5.67632
-5.67495
-5.67149
-5.66638
-5.66064
-5.65991
-5.65652
-5.6512
-5.65006
-5.64553
-5.64223
-5.63963
-5.63643
-5.63301
-5.62737
-5.62454
-5.62057
-5.61921
-5.61174
-5.60584
-5.60231
-5.60039
-5.59877
-5.59463
-5.59261
-5.58758
-5.58334
-5.58151
-5.57773
-5.57231
-5.57045
-5.56829
-5.56144
-5.56007
-5.55655
-5.55409
-5.54866
-5.54501
-5.54172
-5.54084
-5.53804
-5.53631
-5.53336
-5.52911
-5.52586
-5.52221
-5.5167
-5.51153
-5.51071
-5.50553
-5.50217
-5.49803
-5.49615
-5.49442
-5.48943
-5.48597
-5.48057
-5.47621
-5.47363
-5.47169
-5.46995
-5.46448
-5.46119
-5.45947
-5.45684
-5.45348
-5.45306
-5.44367
-5.44181
-5.43877
-5.43621
-5.43359
-5.42825
-5.42393
-5.42277
-5.4166
-5.41506
-5.41265
-5.40907
-5.40321
-5.40026
-5.39833
-5.39409
-5.39339
-5.38356
-5.37956
-5.37729
-5.37459
-5.37154
-5.36423
-5.35957
-5.35756
-5.3561
-5.34825
-5.34709
-5.34337
-5.34043
-5.33716
-5.33492
-5.33206
-5.32565
-5.3199
-5.3186
-5.3175
-5.31469
-5.3088
-5.30608
-5.30533
-5.30155
-5.29864
-5.29762
-5.29299
-5.28884
-5.2852
-5.28446
-5.27522
-5.27234
-5.27067
-5.26971
-5.26418
-5.26262
-5.25803
-5.25609
-5.25453
-5.25258
-5.25052
-5.24581
-5.24551
-5.24145
-5.23757
-5.23459
-5.23156
-5.23067
-5.22818
-5.22286
-5.21945
-5.21537
-5.21294
-5.21142
-5.20869
-5.20319
-5.19982
-5.19705
-5.19484
-5.19358
-5.18882
-5.18744
-5.18616
-5.17999
-5.17967
-5.17777
-5.16973
-5.16674
-5.16401
-5.16157
-5.16075
-5.1593
-5.15489
-5.14922
-5.14841
-5.14341
-5.13912
-5.1377
-5.13266
-5.1296
-5.12434
-5.12307
-5.11976
-5.11644
-5.11238
-5.11013
-5.10701
-5.103
-5.10227
-5.09853
-5.09587
-5.09432
-5.08864
-5.08612
-5.0841
-5.08076
-5.07862
-5.07295
-5.06989
-5.0678
-5.06385
-5.05549
-5.05377
-5.05115
-5.04729
-5.0469
-5.042
-5.0392
-5.0361
-5.03297
-5.03121
-5.02796
-5.02598
-5.02476
-5.02357
-5.01737
-5.01539
-5.01076
-5.00407
-5.00209
-5.00011
-4.99572
-4.99321
-4.99067
-4.98815
-4.98618
-4.97901
-4.9764
-4.97538
-4.97183
-4.96723
-4.9661
-4.95728
-4.95214
-4.9511
-4.94574
-4.94396
-4.94113
-4.93792
-4.93189
-4.92869
-4.92717
-4.92536
-4.92235
-4.91569
-4.91468
-4.91245
-4.90748
-4.90299
-4.89959
-4.89904
-4.89098
-4.88796
-4.88315
-4.87669
-4.87517
-4.87349
-4.87042
-4.86757
-4.86505
-4.86247
-4.85946
-4.85152
-4.84812
-4.84417
-4.84315
-4.84191
-4.83855
-4.83103
-4.82647
-4.82462
-4.81903
-4.8181
-4.81607
-4.81239
-4.80868
-4.80513
-4.80152
-4.79867
-4.79838
-4.79183
-4.79131
-4.78646
-4.78421
-4.78179
-4.77822
-4.7771
-4.77192
-4.76931
-4.76346
-4.76151
-4.7571
-4.75503
-4.75266
-4.74783
-4.74627
-4.74348
-4.73902
-4.73838
-4.73719
-4.73239
-4.73076
-4.72503
-4.72254
-4.72101
-4.71724
-4.7154
-4.71049
-4.70734
-4.70398
-4.70127
-4.69687
-4.69435
-4.69127
-4.68745
-4.68222
-4.67911
-4.67717
-4.67371
-4.67206
-4.66698
-4.66401
-4.66017
-4.65655
-4.65461
-4.64684
-4.64501
-4.64103
-4.6394
-4.63755
-4.63459
-4.6321
-4.62642
-4.62366
-4.62024
-4.6166
-4.61358
-4.61152
-4.60959
-4.60674
-4.60447
-4.6033
-4.60126
-4.59695
-4.59269
-4.58964
-4.5881
-4.58324
-4.5829
-4.57775
-4.57417
-4.57331
-4.57173
-4.5682
-4.56649
-4.5624
-4.56004
-4.55444
-4.55328
-4.54668
-4.54514
-4.54108
-4.53753
-4.5353
-4.53371
-4.52881
-4.52457
-4.5207
-4.52027
-4.51261
-4.51152
-4.51044
-4.50635
-4.50203
-4.50189
-4.49699
-4.4929
-4.49062
-4.48696
-4.48585
-4.4832
-4.47844
-4.47241
-4.46728
-4.46618
-4.46401
-4.46242
-4.45655
-4.45219
-4.44988
-4.4486
-4.44657
-4.44295
-4.43905
-4.43763
-4.43571
-4.43208
-4.42954
-4.42653
-4.42359
-4.41745
-4.4136
-4.4114
-4.40748
-4.40675
-4.40105
-4.39999
-4.39668
-4.39078
-4.38957
-4.38475
-4.38295
-4.38136
-4.37828
-4.37609
-4.3735
-4.37199
-4.36698
-4.36534
-4.35962
-4.35586
-4.35402
-4.34984
-4.3477
-4.34056
-4.33944
-4.33838
-4.33505
-4.33273
-4.33031
-4.3283
-4.3256
-4.3209
-4.31754
-4.31522
-4.31245
-4.30906
-4.30732
-4.30268
-4.29765
-4.2964
-4.29373
-4.29128
-4.28789
-4.28491
-4.28048
-4.27933
-4.27713
-4.27576
-4.27091
-4.26849
-4.26777
-4.26358
-4.26093
-4.25936
-4.25676
-4.25052
-4.24868
-4.24507
-4.24351
-4.24139
-4.23929
-4.2351
-4.22981
-4.22818
-4.22529
-4.22212
-4.21682
-4.21632
-4.21466
-4.21212
-4.2096
-4.20487
-4.20145
-4.20063
-4.19653
-4.19475
-4.19215
-4.19121
-4.18701
-4.18576
-4.18049
-4.17854
-4.17541
-4.17437
-4.17404
-4.16694
-4.1623
-4.15993
-4.15618
-4.15349
-4.1499
-4.14888
-4.14629
-4.14436
-4.13918
-4.13636
-4.13437
-4.12971
-4.12607
-4.12225
-4.11995
-4.11842
-4.11318
-4.11015
-4.10698
-4.1041
-4.10237
-4.09881
-4.09732
-4.09421
-4.09179
-4.09058
-4.0859
-4.08337
-4.08008
-4.07911
-4.07715
-4.0751
-4.07104
-4.07009
-4.06695
-4.06478
-4.06311
-4.06057
-4.05887
-4.05398
-4.05166
-4.048
-4.04617
-4.04339
-4.03817
-4.03447
-4.03265
-4.0311
-4.02935
-4.02366
-4.02296
-4.0211
-4.01699
-4.01287
-4.01056
-4.00838
-4.0039
-3.99878
-3.99726
-3.99396
-3.99063
-3.98719
-3.98474
-3.98128
-3.97891
-3.97731
-3.97173
-3.96847
-3.96603
-3.9649
-3.9605
-3.95735
-3.95541
-3.94968
-3.94787
-3.94497
-3.9439
-3.9415
-3.94016
-3.93867
-3.9326
-3.93071
-3.92658
-3.9236
-3.92255
-3.91868
-3.91799
-3.91505
-3.91267
-3.90798
-3.906
-3.90489
-3.90285
-3.89742
-3.89424
-3.89297
-3.88968
-3.88671
-3.88412
-3.88231
-3.88046
-3.876
-3.87459
-3.87154
-3.86597
-3.86124
-3.85991
-3.85868
-3.85598
-3.85206
-3.84797
-3.84686
-3.84514
-3.84339
-3.84096
-3.83494
-3.83314
-3.83068
-3.82627
-3.82467
-3.82354
-3.82248
-3.81611
-3.81276
-3.80976
-3.80818
-3.8055
-3.80466
-3.79835
-3.79691
-3.794
-3.7919
-3.78965
-3.78681
-3.78501
-3.78196
-3.78086
-3.7765
-3.77614
-3.77062
-3.769
-3.76684
-3.76406
-3.7611
-3.75681
-3.75516
-3.75312
-3.75074
-3.74755
-3.74462
-3.74322
-3.73898
-3.73709
-3.73445
-3.73055
-3.72667
-3.72268
-3.72053
-3.71813
-3.71662
-3.71492
-3.71271
-3.71019
-3.70577
-3.70223
-3.70136
-3.70023
-3.69814
-3.69663
-3.69026
-3.68969
-3.68466
-3.68351
-3.68102
-3.67856
-3.67349
-3.67169
-3.67153
-3.66964
-3.66396
-3.66104
-3.66007
-3.6578
-3.65381
-3.65106
-3.64478
-3.64335
-3.63965
-3.63867
-3.63491
-3.63332
-3.63019
-3.62959
-3.62536
-3.62389
-3.6212
-3.61626
-3.61563
-3.61391
-3.61071
-3.60696
-3.60488
-3.6032
-3.60214
-3.5985
-3.59737
-3.59303
-3.59128
-3.5902
-3.58455
-3.57692
-3.57506
-3.57336
-3.57113
-3.56854
-3.56316
-3.56186
-3.56111
-3.55749
-3.55671
-3.55145
-3.54908
-3.54709
-3.54416
-3.53964
-3.53605
-3.53204
-3.53015
-3.52734
-3.52623
-3.52188
-3.5204
-3.51884
-3.51491
-3.51133
-3.50977
-3.50841
-3.50638
-3.50425
-3.49836
-3.49645
-3.49456
-3.49023
-3.48981
-3.48503
-3.48198
-3.47939
-3.47908
-3.47413
-3.47066
-3.46912
-3.46362
-3.46119
-3.45781
-3.45597
-3.45431
-3.45208
-3.4468
-3.44294
-3.44156
-3.44024
-3.43598
-3.4334
-3.43243
-3.43025
-3.42801
-3.42447
-3.42158
-3.41981
-3.41924
-3.41328
-3.41066
-3.40793
-3.40655
-3.40283
-3.40226
-3.39618
-3.39445
-3.39292
-3.39133
-3.38624
-3.38589
-3.38095
-3.37921
-3.37693
-3.37461
-3.37155
-3.36535
-3.36485
-3.36356
-3.35947
-3.35764
-3.35521
-3.35046
-3.34984
-3.34872
-3.34432
-3.33954
-3.33405
-3.33249
-3.33108
-3.32367
-3.32235
-3.32168
-3.31873
-3.31821
-3.31709
-3.30984
-3.30382
-3.30136
-3.29886
-3.29537
-3.29292
-3.29098
-3.28665
-3.2803
-3.27843
-3.27558
-3.27225
-3.2681
-3.26613
-3.26272
-3.26229
-3.26159
-3.2583
-3.25462
-3.25326
-3.25032
-3.247
-3.24455
-3.24043
-3.2374
-3.23581
-3.23328
-3.22854
-3.22674
-3.22356
-3.22043
-3.21766
-3.21393
-3.21198
-3.20873
-3.20791
-3.20468
-3.20457
-3.19918
-3.19726
-3.19478
-3.19134
-3.19005
-3.18808
-3.18512
-3.18356
-3.17982
-3.17743
-3.17115
-3.16781
-3.16703
-3.1659
-3.16167
-3.16023
-3.15973
-3.15637
-3.15441
-3.1519
-3.15059
-3.14879
-3.14456
-3.14184
-3.13799
-3.13282
-3.13101
-3.13
-3.12234
-3.12165
-3.11867
-3.11542
-3.11279
-3.11035
-3.1086
-3.10599
-3.1007
-3.09968
-3.09589
-3.09413
-3.09082
-3.08837
-3.08476
-3.08238
-3.08063
-3.07687
-3.07572
-3.06764
-3.0657
-3.06076
-3.05878
-3.05754
-3.05655
-3.05454
-3.04886
-3.04827
-3.04344
-3.0396
-3.03758
-3.03492
-3.032
-3.02762
-3.02457
-3.02224
-3.01972
-3.01818
-3.01181
-3.0106
-3.0086
-3.00509
-3.00271
-2.99831
-2.99671
-2.99227
-2.98866
-2.98755
-2.98556
-2.98282
-2.97961
-2.97807
-2.97576
-2.97391
-2.9728
-2.97061
-2.96357
-2.96164
-2.95799
-2.95689
-2.95395
-2.9492
-2.94737
-2.94529
-2.94163
-2.93483
-2.9313
-2.929
-2.92679
-2.92314
-2.92239
-2.91922
-2.91564
-2.90978
-2.90823
-2.90509
-2.9025
-2.89983
-2.89699
-2.89553
-2.89142
-2.88584
-2.88167
-2.88094
-2.87865
-2.87466
-2.87049
-2.86842
-2.86622
-2.86308
-2.86017
-2.85867
-2.85254
-2.84946
-2.84742
-2.84406
-2.84165
-2.83983
-2.83684
-2.83238
-2.82795
-2.8262
-2.82247
-2.81944
-2.819
-2.81348
-2.80961
-2.80917
-2.80706
-2.80389
-2.80236
-2.79731
-2.79134
-2.79017
-2.78576
-2.78409
-2.78143
-2.77933
-2.77677
-2.77417
-2.76974
-2.76623
-2.76449
-2.75869
-2.75577
-2.75369
-2.75274
-2.75048
-2.74085
-2.73936
-2.73484
-2.73345
-2.72843
-2.72719
-2.72344
-2.71913
-2.71858
-2.71552
-2.70977
-2.70805
-2.70584
-2.70447
-2.7007
-2.69685
-2.69257
-2.69151
-2.6874
-2.68156
-2.67867
-2.67707
-2.67067
-2.66982
-2.66744
-2.66186
-2.65901
-2.65576
-2.65498
-2.64965
-2.6465
-2.64414
-2.64121
-2.63983
-2.63657
-2.63409
-2.63129
-2.62731
-2.62047
-2.61775
-2.61327
-2.6109
-2.60648
-2.60565
-2.6027
-2.59842
-2.59471
-2.59359
-2.59086
-2.58717
-2.58419
-2.57902
-2.57792
-2.57698
-2.57069
-2.56778
-2.56522
-2.56451
-2.55958
-2.55479
-2.54898
-2.54805
-2.54675
-2.54259
-2.53862
-2.53783
-2.53397
-2.5314
-2.52663
-2.52209
-2.52177
-2.52105
-2.5182
-2.51701
-2.51302
-2.50898
-2.50198
-2.49994
-2.49869
-2.49653
-2.48933
-2.48756
-2.48471
-2.48397
-2.48046
-2.47821
-2.47407
-2.46925
-2.46647
-2.46549
-2.46281
-2.45886
-2.45472
-2.45149
-2.4506
-2.44828
-2.4462
-2.44144
-2.44065
-2.43971
-2.43457
-2.42695
-2.42549
-2.4232
-2.42076
-2.41688
-2.41459
-2.41355
-2.40975
-2.40674
-2.39886
-2.3964
-2.39562
-2.39447
-2.38983
-2.38703
-2.38467
-2.38183
-2.3804
-2.37535
-2.37317
-2.37186
-2.36909
-2.36631
-2.36337
-2.36012
-2.35708
-2.35271
-2.35035
-2.34814
-2.34441
-2.34003
-2.33925
-2.33497
-2.33278
-2.32937
-2.32717
-2.32519
-2.32141
-2.3167
-2.31449
-2.31361
-2.30944
-2.30733
-2.30464
-2.30271
-2.30087
-2.29484
-2.29019
-2.28677
-2.28596
-2.28299
-2.28098
-2.27822
-2.27341
-2.27019
-2.26587
-2.26297
-2.25977
-2.25935
-2.25769
-2.25483
-2.25112
-2.24995
-2.24753
-2.24544
-2.24367
-2.23989
-2.23815
-2.23534
-2.231
-2.22869
-2.22598
-2.22313
-2.21853
-2.21658
-2.21352
-2.20897
-2.20663
-2.203
-2.20096
-2.19794
-2.19426
-2.18953
-2.18557
-2.18051
-2.17824
-2.17442
-2.17207
-2.17136
-2.16828
-2.16582
-2.16381
-2.16107
-2.15608
-2.15508
-2.15343
-2.15002
-2.14817
-2.14455
-2.14136
-2.13873
-2.13811
-2.13554
-2.1304
-2.1275
-2.12584
-2.12156
-2.11474
-2.11278
-2.1115
-2.10923
-2.10681
-2.10243
-2.1003
-2.0979
-2.09642
-2.09556
-2.08752
-2.08726
-2.08448
-2.081
-2.07881
-2.07513
-2.07428
-2.07183
-2.06885
-2.06529
-2.0627
-2.05991
-2.05672
-2.05324
-2.05195
-2.04912
-2.04534
-2.04387
-2.04125
-2.03907
-2.034
-2.03175
-2.02824
-2.02294
-2.02201
-2.01863
-2.0172
-2.01228
-2.01058
-2.01009
-2.00522
-2.00189
-2.00001
-1.99581
-1.99507
-1.9911
-1.98825
-1.98622
-1.98358
-1.97804
-1.97514
-1.97433
-1.96923
-1.9681
-1.96471
-1.96125
-1.95926
-1.95805
-1.95431
-1.95161
-1.94992
-1.94863
-1.94545
-1.944
-1.93984
-1.93729
-1.9309
-1.9302
-1.92729
-1.92585
-1.92345
-1.92117
-1.9173
-1.91298
-1.91157
-1.90827
-1.90395
-1.89912
-1.89867
-1.89573
-1.89255
-1.89196
-1.88933
-1.88285
-1.88008
-1.87977
-1.87347
-1.87043
-1.86745
-1.86417
-1.86308
-1.86226
-1.86024
-1.85774
-1.85652
-1.85289
-1.85085
-1.85008
-1.84619
-1.84305
-1.84171
-1.83688
-1.83357
-1.83065
-1.82451
-1.82181
-1.82066
-1.81993
-1.81841
-1.81377
-1.81128
-1.81001
-1.80826
-1.80392
-1.80024
-1.79865
-1.7924
-1.78852
-1.78798
-1.78612
-1.78546
-1.77967
-1.77717
-1.77266
-1.77085
-1.76997
-1.76829
-1.76727
-1.76135
-1.75927
-1.7545
-1.75411
-1.75201
-1.75027
-1.74616
-1.74489
-1.74028
-1.73566
-1.73312
-1.73076
-1.72945
-1.72556
-1.725
-1.72074
-1.71905
-1.71801
-1.71179
-1.70924
-1.7082
-1.7048
-1.70061
-1.69969
-1.69819
-1.69127
-1.68939
-1.68822
-1.68801
-1.68336
-1.67974
-1.67912
-1.67704
-1.67425
-1.67001
-1.66492
-1.66403
-1.66309
-1.66027
-1.65679
-1.65483
-1.65032
-1.64715
-1.64365
-1.64074
-1.63848
-1.63281
-1.63127
-1.62912
-1.62533
-1.62385
-1.62145
-1.61945
-1.61839
-1.61655
-1.61359
-1.60997
-1.60433
-1.60308
-1.59921
-1.59574
-1.59391
-1.59044
-1.58659
-1.58584
-1.58409
-1.58253
-1.57971
-1.57738
-1.57512
-1.57249
-1.57086
-1.56951
-1.56471
-1.56234
-1.56056
-1.55646
-1.55524
-1.5509
-1.54862
-1.54652
-1.54345
-1.54208
-1.53872
-1.53784
-1.53317
-1.53256
-1.52801
-1.52429
-1.52278
-1.51678
-1.51614
-1.51415
-1.51161
-1.50998
-1.50719
-1.5063
-1.4974
-1.49603
-1.49311
-1.49234
-1.4903
-1.48656
-1.48437
-1.48027
-1.478
-1.47686
-1.47539
-1.47301
-1.46855
-1.4651
-1.46358
-1.46205
-1.45708
-1.45508
-1.4542
-1.44926
-1.44664
-1.44472
-1.44291
-1.43969
-1.43698
-1.43487
-1.43366
-1.43013
-1.42593
-1.42447
-1.42108
-1.41847
-1.41619
-1.41578
-1.41386
-1.41073
-1.40749
-1.40468
-1.39993
-1.3975
-1.3959
-1.39416
-1.39094
-1.38691
-1.38487
-1.38332
-1.37969
-1.37911
-1.37855
-1.37411
-1.3693
-1.36707
-1.36385
-1.35976
-1.35933
-1.35868
-1.3532
-1.35244
-1.35003
-1.3479
-1.34659
-1.34339
-1.34131
-1.34029
-1.33592
-1.33295
-1.3321
-1.32896
-1.32644
-1.32303
-1.32062
-1.31695
-1.31552
-1.31476
-1.31112
-1.30797
-1.30634
-1.30326
-1.30221
-1.30172
-1.29728
-1.29234
-1.29018
-1.28759
-1.28393
-1.28244
-1.28087
-1.27842
-1.27555
-1.27113
-1.27044
-1.26659
-1.2635
-1.2612
-1.25871
-1.25504
-1.25448
-1.25122
-1.24953
-1.24636
-1.24387
-1.2415
-1.23995
-1.23769
-1.23268
-1.2293
-1.22832
-1.22587
-1.22207
-1.21941
-1.21859
-1.21652
-1.21407
-1.21059
-1.20667
-1.20518
-1.20066
-1.19453
-1.19306
-1.19128
-1.19047
-1.18763
-1.18664
-1.18269
-1.17798
-1.17549
-1.17434
-1.16958
-1.1689
-1.16828
-1.16589
-1.16257
-1.16025
-1.15928
-1.15405
-1.15275
-1.15185
-1.1459
-1.14507
-1.14341
-1.14121
-1.13834
-1.13578
-1.13057
-1.12893
-1.12693
-1.12547
-1.1218
-1.11904
-1.11695
-1.11582
-1.11353
-1.11086
-1.10726
-1.10597
-1.10317
-1.09628
-1.09412
-1.09229
-1.08993
-1.08858
-1.08542
-1.08207
-1.08041
-1.07904
-1.07237
-1.07081
-1.06994
-1.0662
-1.06296
-1.06164
-1.06076
-1.05648
-1.05554
-1.05453
-1.05341
-1.0513
-1.04543
-1.04393
-1.039
-1.03527
-1.03358
-1.0327
-1.03002
-1.02746
-1.02585
-1.02437
-1.0218
-1.02018
-1.01814
-1.01603
-1.0144
-1.0132
-1.00869
-1.00656
-1.00205
-0.999104
-0.99841
-0.995919
-0.990988
-0.988898
-0.98626
-0.98618
-0.984015
-0.979216
-0.976965
-0.975302
-0.975075
-0.972774
-0.969484
-0.968519
-0.963253
-0.958693
-0.958181
-0.956871
-0.955519
-0.951874
-0.949114
-0.947927
-0.940354
-0.939587
-0.937612
-0.936363
-0.934721
-0.932536
-0.928721
-0.924492
-0.922319
-0.921083
-0.919183
-0.9176
-0.915512
-0.910583
-0.908771
-0.907268
-0.906006
-0.900272
-0.896904
-0.895097
-0.892944
-0.889524
-0.887305
-0.886639
-0.882914
-0.88176
-0.879034
-0.877719
-0.874427
-0.870473
-0.864752
-0.862298
-0.861869
-0.858609
-0.856019
-0.855491
-0.850006
-0.84766
-0.844881
-0.843175
-0.840383
-0.838943
-0.836656
-0.833043
-0.832307
-0.829938
-0.825159
-0.822453
-0.819772
-0.818783
-0.816092
-0.813405
-0.812089
-0.80763
-0.806334
-0.802437
-0.799129
-0.797823
-0.794768
-0.792405
-0.79128
-0.784991
-0.782203
-0.781123
-0.779498
-0.77743
-0.775213
-0.769561
-0.766925
-0.763304
-0.761248
-0.759129
-0.757059
-0.755012
-0.750394
-0.749066
-0.74672
-0.744113
-0.741802
-0.740245
-0.739603
-0.738061
-0.737354
-0.732563
-0.729779
-0.729268
-0.723318
-0.722687
-0.720802
-0.715843
-0.715059
-0.711114
-0.708722
-0.708141
-0.704953
-0.702706
-0.699882
-0.695959
-0.69385
-0.690583
-0.684852
-0.684389
-0.683598
-0.678172
-0.677025
-0.673434
-0.669942
-0.667415
-0.665314
-0.662753
-0.660298
-0.65761
-0.657321
-0.655087
-0.653477
-0.64937
-0.647312
-0.643757
-0.641518
-0.638546
-0.638328
-0.631444
-0.630955
-0.629032
-0.626007
-0.624675
-0.621985
-0.617353
-0.616221
-0.613675
-0.611882
-0.608244
-0.6067
-0.605347
-0.601751
-0.59986
-0.598251
-0.597069
-0.593999
-0.590418
-0.587118
-0.586139
-0.5803
-0.578517
-0.574741
-0.572808
-0.571004
-0.566877
-0.566361
-0.563762
-0.561592
-0.557174
-0.554723
-0.550505
-0.548561
-0.548334
-0.544363
-0.540777
-0.539416
-0.538634
-0.534004
-0.530942
-0.527379
-0.526027
-0.521445
-0.519614
-0.517776
-0.513464
-0.512181
-0.508361
-0.503828
-0.502179
-0.501309
-0.500162
-0.495959
-0.493066
-0.489326
-0.487497
-0.485675
-0.483249
-0.479608
-0.47816
-0.474879
-0.473303
-0.472349
-0.470569
-0.466436
-0.463229
-0.459648
-0.455327
-0.453841
-0.451569
-0.449202
-0.44609
-0.445482
-0.442757
-0.440023
-0.438292
-0.434544
-0.434088
-0.432276
-0.430303
-0.424891
-0.424713
-0.420178
-0.418335
-0.414411
-0.413945
-0.410375
-0.407342
-0.405676
-0.403756
-0.401328
-0.397494
-0.392785
-0.389796
-0.389175
-0.388411
-0.384691
-0.382724
-0.376631
-0.374369
-0.372552
-0.367775
-0.366429
-0.365444
-0.363895
-0.362574
-0.360004
-0.35647
-0.353811
-0.350995
-0.349696
-0.346391
-0.345257
-0.344405
-0.340846
-0.333394
-0.333095
-0.330336
-0.329248
-0.327025
-0.324806
-0.322456
-0.320606
-0.3171
-0.314299
-0.311498
-0.310923
-0.309434
-0.305625
-0.302031
-0.298523
-0.297595
-0.296291
-0.29488
-0.292954
-0.288171
-0.287934
-0.28357
-0.279665
-0.278359
-0.275689
-0.274415
-0.27279
-0.27163
-0.26802
-0.264853
-0.261385
-0.25955
-0.257666
-0.255295
-0.255178
-0.251187
-0.249627
-0.248303
-0.24552
-0.242926
-0.241612
-0.236957
-0.235934
-0.232761
-0.230799
-0.226936
-0.225697
-0.225188
-0.221286
-0.219492
-0.216617
-0.2134
-0.211877
-0.208244
-0.207262
-0.203151
-0.201673
-0.199713
-0.193954
-0.19305
-0.189245
-0.185802
-0.184978
-0.181615
-0.179473
-0.178427
-0.172709
-0.172363
-0.170597
-0.169347
-0.167615
-0.164467
-0.160592
-0.156972
-0.154739
-0.153496
-0.152455
-0.149588
-0.145534
-0.143911
-0.140159
-0.138491
-0.135672
-0.133532
-0.132795
-0.130982
-0.126509
-0.124471
-0.123369
-0.120597
-0.117912
-0.116211
-0.115321
-0.114254
-0.110202
-0.108766
-0.106937
-0.102115
-0.101721
-0.0960899
-0.09457
-0.093287
-0.0894273
-0.0866094
-0.0830858
-0.0809954
-0.0788051
-0.0760106
-0.0715606
-0.0706874
-0.0688366
-0.0653581
-0.0625367
-0.0583955
-0.0564416
-0.052648
-0.0498621
-0.0472314
-0.0456921
-0.0440229
-0.0396821
-0.039046
-0.0380093
-0.0339902
-0.030424
-0.028914
-0.0248304
-0.0221111
-0.0217309
-0.0203311
-0.0161671
-0.0141453
-0.0116442
-0.0081247
-0.00481351
-0.00197888
-0.000858411
0
0.00186784
0.00260041
0.00371355
0.00870073
0.00922505
0.0117331
0.0131128
0.0204888
0.0220918
0.0278523
0.0292658
0.0320196
0.0325178
0.0363384
0.040374
0.0415936
0.042366
0.0461592
0.0483677
0.0493567
0.0520116
0.0527437
0.0545389
0.0565065
0.059172
0.0636732
0.0647114
0.0664515
0.0692708
0.0726098
0.0737257
0.0770388
0.0796977
0.0820799
0.0828957
0.0864612
0.0878219
0.0927212
0.0956071
0.0985581
0.0992436
0.104243
0.105469
0.108512
0.111684
0.115057
0.116755
0.118583
0.121207
0.122772
0.126828
0.131393
0.133538
0.135542
0.141513
0.142515
0.144851
0.147
0.147891
0.151385
0.151882
0.154175
0.158109
0.160661
0.164056
0.16516
0.170018
0.171842
0.174618
0.177321
0.180094
0.182494
0.18357
0.185362
0.189015
0.190737
0.193325
0.19633
0.196909
0.200364
0.203125
0.20332
0.207115
0.20873
0.212443
0.213304
0.218339
0.22172
0.222659
0.226678
0.22802
0.23151
0.233335
0.235062
0.23753
0.240497
0.241766
0.248111
0.252785
0.254477
0.256863
0.257622
0.25977
0.26082
0.261917
0.265164
0.268309
0.271778
0.273807
0.274452
0.278198
0.280759
0.281593
0.286925
0.288408
0.291222
0.2941
0.297146
0.301325
0.302385
0.304795
0.306746
0.309185
0.313647
0.315744
0.3205
0.324582
0.325847
0.328167
0.329689
0.332787
0.334894
0.341487
0.342802
0.344901
0.347614
0.34937
0.350296
0.353039
0.358057
0.359465
0.364805
0.366168
0.368471
0.372462
0.374279
0.376126
0.377867
0.380764
0.381809
0.387478
0.388863
0.391899
0.39308
0.396415
0.399255
0.401688
0.407419
0.409128
0.411103
0.412197
0.41628
0.417972
0.420216
0.420701
0.427006
0.429421
0.430958
0.43592
0.43638
0.439901
0.44038
0.4424
0.445751
0.449063
0.449496
0.452379
0.455296
0.457474
0.460573
0.462361
0.462963
0.468475
0.471784
0.474084
0.476964
0.479493
0.484185
0.485284
0.487501
0.493353
0.494683
0.496533
0.499514
0.502071
0.506137
0.509389
0.510377
0.512863
0.516982
0.518844
0.524285
0.526828
0.529879
0.531314
0.532868
0.535633
0.536415
0.541513
0.542379
0.54368
0.546574
0.549727
0.553202
0.554801
0.558199
0.561164
0.562793
0.56458
0.570012
0.570309
0.572666
0.574561
0.579907
0.586109
0.587724
0.589944
0.592039
0.595831
0.596986
0.598638
0.602388
0.605539
0.607493
0.608666
0.611475
0.615816
0.616817
0.622994
0.62436
0.62683
0.629135
0.631579
0.635505
0.639463
0.640965
0.642471
0.64809
0.649207
0.652113
0.654089
0.655082
0.660702
0.6619
0.667535
0.668177
0.67084
0.672592
0.674778
0.678825
0.679345
0.681599
0.68726
0.687818
0.694627
0.698499
0.699408
0.703997
0.705609
0.707063
0.709115
0.712246
0.715494
0.717504
0.720246
0.722609
0.725035
0.726503
0.72942
0.731205
0.733255
0.736065
0.737902
0.742481
0.743774
0.746301
0.749469
0.75406
0.756211
0.758154
0.760443
0.764166
0.766461
0.767452
0.769945
0.772678
0.77387
0.778981
0.7801
0.780961
0.78281
0.787913
0.791061
0.792833
0.796067
0.79942
0.80259
0.80549
0.805927
0.809405
0.811706
0.813355
0.817947
0.821746
0.823483
0.82587
0.832008
0.836758
0.839196
0.840859
0.841303
0.84721
0.848306
0.851592
0.854857
0.857287
0.860384
0.861577
0.864311
0.87003
0.8726
0.873237
0.875692
0.877762
0.880411
0.882179
0.884003
0.885375
0.888792
0.892008
0.894888
0.895552
0.897565
0.899796
0.903897
0.905486
0.906521
0.910879
0.913067
0.914648
0.917743
0.921931
0.92399
0.928533
0.930126
0.932619
0.935096
0.936616
0.939272
0.941524
0.943099
0.94812
0.950738
0.952255
0.955076
0.956387
0.959127
0.961223
0.965052
0.967744
0.969701
0.973234
0.977071
0.98024
0.98207
0.98593
0.987116
0.991116
0.993899
0.996192
0.998851
1.00096
1.00354
1.0068
1.01084
1.01359
1.01674
1.01779
1.0206
1.02197
1.02366
1.02847
1.03123
1.0314
1.03453
1.03883
1.04395
1.04771
1.05208
1.05284
1.05514
1.05725
1.06054
1.06082
1.06516
1.06564
1.0679
1.06917
1.07406
1.0762
1.07692
1.07941
1.08323
1.08493
1.09036
1.09067
1.09488
1.09665
1.09899
1.09966
1.10382
1.10696
1.10868
1.11061
1.11453
1.11613
1.11844
1.12209
1.12266
1.12736
1.13052
1.13329
1.13613
1.13871
1.13987
1.14139
1.1437
1.14494
1.14697
1.15061
1.15692
1.15812
1.1597
1.16489
1.16659
1.16972
1.17104
1.17383
1.17548
1.17933
1.18125
1.18413
1.18757
1.18985
1.19236
1.19271
1.19847
1.20037
1.20503
1.20554
1.21048
1.21322
1.21602
1.21875
1.21985
1.22181
1.22563
1.22891
1.23143
1.23501
1.23785
1.23871
1.24169
1.24727
1.24848
1.25159
1.2562
1.25781
1.26155
1.26372
1.26519
1.26564
1.26666
1.2687
1.2751
1.27755
1.2787
1.28221
1.28447
1.28653
1.29091
1.29236
1.29781
1.29866
1.3068
1.30731
1.30781
1.30951
1.31076
1.31343
1.31516
1.32021
1.3235
1.32728
1.32799
1.33083
1.33233
1.33363
1.33607
1.3368
1.3391
1.34156
1.34704
1.34864
1.35258
1.35424
1.3547
1.357
1.36165
1.36574
1.36694
1.36886
1.37192
1.3741
1.37829
1.379
1.38437
1.38653
1.3887
1.39106
1.39239
1.39659
1.39769
1.39936
1.40298
1.40475
1.40965
1.41035
1.41214
1.41533
1.41965
1.42024
1.42227
1.42327
1.42513
1.42739
1.43003
1.43172
1.43326
1.43673
1.43775
1.44386
1.44396
1.45045
1.45182
1.45471
1.4549
1.45715
1.46166
1.46197
1.46533
1.46689
1.47179
1.4745
1.47656
1.47855
1.48202
1.48427
1.4851
1.49188
1.49334
1.49514
1.49791
1.49924
1.5018
1.50338
1.50417
1.50989
1.51196
1.51297
1.51586
1.51668
1.51923
1.52281
1.52569
1.53
1.53047
1.53135
1.53424
1.53924
1.5444
1.54694
1.54801
1.5492
1.55203
1.55435
1.55677
1.56003
1.56122
1.56626
1.56741
1.56829
1.57048
1.57364
1.57748
1.57949
1.58225
1.58311
1.58734
1.58947
1.59284
1.59427
1.59776
1.59908
1.60454
1.60657
1.60917
1.61128
1.61453
1.61669
1.62292
1.62426
1.62669
1.62953
1.63131
1.63334
1.63617
1.63979
1.64229
1.64315
1.64636
1.64911
1.65304
1.65375
1.65691
1.65931
1.66168
1.6634
1.66443
1.66895
1.67003
1.67438
1.67681
1.68091
1.68226
1.6835
1.68516
1.68681
1.68981
1.6914
1.69397
1.69606
1.69781
1.70231
1.70429
1.70557
1.7085
1.70951
1.71324
1.71474
1.71861
1.72101
1.72232
1.72479
1.72845
1.73083
1.7337
1.73471
1.73879
1.74006
1.744
1.74621
1.75155
1.75337
1.75462
1.75605
1.75792
1.76147
1.76254
1.76591
1.76909
1.77054
1.77228
1.77339
1.77888
1.7816
1.78519
1.78557
1.78719
1.78817
1.79517
1.79667
1.79996
1.80071
1.80418
1.80523
1.81041
1.81294
1.81677
1.8171
1.81911
1.82186
1.82397
1.82529
1.828
1.82939
1.83375
1.8345
1.83639
1.83936
1.84365
1.8473
1.84842
1.85092
1.85212
1.85547
1.85953
1.86117
1.86295
1.86359
1.86491
1.86788
1.87043
1.87198
1.8756
1.87872
1.87929
1.88455
1.8866
1.88869
1.89123
1.89318
1.89498
1.89643
1.89699
1.90252
1.90298
1.90892
1.91098
1.91348
1.91531
1.91793
1.91855
1.92055
1.92361
1.92589
1.92686
1.93152
1.93316
1.93392
1.93998
1.94105
1.94174
1.94644
1.94832
1.94916
1.95339
1.95648
1.95705
1.95881
1.96061
1.96099
1.96757
1.96878
1.96944
1.97456
1.97529
1.97795
1.97912
1.98316
1.98423
1.9855
1.98879
1.99211
1.99452
1.99658
2.00137
2.00258
2.00532
2.00653
2.00851
2.01065
2.013
2.01711
2.0194
2.02248
2.02418
2.02647
2.02784
2.02898
2.03045
2.0342
2.03823
2.03962
2.04272
2.04455
2.04523
2.04848
2.05054
2.05108
2.05321
2.0545
2.05536
2.05873
2.06177
2.06417
2.06576
2.06806
2.07149
2.0732
2.07617
2.08182
2.08552
2.08561
2.08839
2.09042
2.09514
2.09883
2.1009
2.1026
2.10447
2.10742
2.10793
2.11145
2.11411
2.1157
2.11836
2.12043
2.12161
2.12654
2.12858
2.13101
2.13218
2.13514
2.13684
2.1389
2.1423
2.14347
2.15038
2.1521
2.15391
2.15576
2.15832
2.15924
2.16213
2.16516
2.16748
2.16911
2.17033
2.17294
2.17464
2.18164
2.18351
2.18513
2.18573
2.18954
2.18983
2.19503
2.19785
2.19941
2.20255
2.2061
2.20931
2.21072
2.21374
2.21712
2.21811
2.22194
2.22476
2.226
2.22704
2.22924
2.23241
2.23385
2.23922
2.24375
2.24741
2.24846
2.24976
2.25155
2.25453
2.25873
2.2609
2.26371
2.26816
2.27007
2.27122
2.27595
2.27826
2.27956
2.2831
2.28492
2.28794
2.28886
2.29256
2.29343
2.29691
2.29874
2.30138
2.30383
2.30503
2.30742
2.31043
2.31509
2.31836
2.31897
2.32054
2.32504
2.32652
2.33063
2.33105
2.33401
2.33828
2.3416
2.34232
2.34487
2.3475
2.34763
2.35209
2.35267
2.35504
2.35803
2.35889
2.36346
2.36525
2.36981
2.37087
2.3717
2.37706
2.37974
2.38288
2.38342
2.38457
2.38636
2.38758
2.39061
2.39329
2.39694
2.39848
2.40128
2.40452
2.40837
2.40917
2.41114
2.41248
2.41476
2.4167
2.41877
2.42267
2.42416
2.42832
2.43172
2.43379
2.43473
2.43803
2.44341
2.44492
2.44674
2.44834
2.45181
2.45492
2.45893
2.46079
2.46417
2.46545
2.46706
2.47111
2.47334
2.47465
2.47529
2.47868
2.48085
2.48411
2.48772
2.48852
2.48999
2.49151
2.493
2.49413
2.49659
2.50328
2.50493
2.50616
2.50816
2.51073
2.51306
2.51558
2.51825
2.5221
2.52307
2.52536
2.52738
2.52973
2.53301
2.53501
2.5363
2.54005
2.54373
2.54611
2.54804
2.54858
2.55034
2.55427
2.55619
2.5583
2.55898
2.56111
2.56468
2.56556
2.56821
2.57123
2.57401
2.57462
2.57783
2.57955
2.58378
2.58482
2.58774
2.59022
2.59394
2.59582
2.59747
2.59939
2.60129
2.60396
2.60684
2.61006
2.61259
2.61743
2.61906
2.62186
2.62377
2.62563
2.62715
2.62834
2.63226
2.6341
2.63685
2.63753
2.64031
2.64092
2.64407
2.64676
2.64883
2.64986
2.6508
2.65445
2.65862
2.66057
2.66126
2.66779
2.66973
2.67156
2.67448
2.67677
2.67834
2.67951
2.68203
2.6847
2.68592
2.68756
2.68921
2.69146
2.69719
2.7007
2.70145
2.70278
2.70495
2.70648
2.71248
2.7133
2.71651
2.719
2.72036
2.7228
2.72438
2.72557
2.72816
2.73268
2.73684
2.73746
2.739
2.74435
2.74502
2.74895
2.75151
2.75309
2.75474
2.75791
2.7594
2.76072
2.76199
2.7645
2.76717
2.76752
2.77223
2.77326
2.77378
2.77845
2.7823
2.78653
2.79061
2.79207
2.79505
2.79828
2.79892
2.80289
2.80315
2.80465
2.80744
2.81083
2.81174
2.81237
2.81415
2.81901
2.8222
2.82291
2.82662
2.82827
2.83069
2.83346
2.83788
2.84021
2.8448
2.84617
2.84668
2.85001
2.85287
2.85475
2.85539
2.85978
2.85983
2.86768
2.86974
2.87071
2.87241
2.87463
2.8772
2.88102
2.88291
2.88597
2.8884
2.89203
2.894
2.89881
2.89978
2.90127
2.90374
2.90579
2.9078
2.91023
2.91115
2.9164
2.91821
2.92013
2.92211
2.92307
2.92593
2.92696
2.92808
2.93323
2.93513
2.93637
2.93814
2.93978
2.94588
2.94978
2.95303
2.95389
2.95834
2.96056
2.96225
2.96422
2.96465
2.96799
2.97168
2.97371
2.97601
2.97723
2.97833
2.98189
2.98645
2.98919
2.99038
2.99247
2.99478
2.99716
2.99903
3.00259
3.00403
3.00707
3.01105
3.01225
3.01269
3.01481
3.01997
3.02097
3.02495
3.02871
3.03126
3.03636
3.03781
3.04081
3.04303
3.04405
3.04626
3.04937
3.05316
3.05429
3.05511
3.05768
3.05978
3.06092
3.06356
3.06704
3.06915
3.07046
3.07247
3.07632
3.07681
3.08293
3.0835
3.08809
3.09064
3.09278
3.09606
3.09755
3.10163
3.10253
3.10557
3.10686
3.11
3.11417
3.11469
3.11656
3.11992
3.11999
3.12302
3.12483
3.12948
3.13056
3.13231
3.13284
3.13357
3.13579
3.13719
3.13893
3.14448
3.14589
3.14912
3.15057
3.15477
3.15682
3.15935
3.16337
3.16384
3.16937
3.17001
3.17256
3.17369
3.17425
3.1781
3.18011
3.18338
3.18528
3.18888
3.19068
3.19336
3.19588
3.19756
3.19982
3.20236
3.20432
3.20564
3.20661
3.21053
3.2122
3.21523
3.21968
3.22213
3.22503
3.22558
3.22758
3.23041
3.23318
3.23459
3.2369
3.23968
3.24319
3.24359
3.24713
3.25012
3.25182
3.253
3.25535
3.25802
3.2602
3.26412
3.26809
3.27044
3.27224
3.27533
3.27715
3.27923
3.28214
3.28304
3.28748
3.28928
3.29203
3.29488
3.29711
3.30054
3.30064
3.30445
3.30676
3.30866
3.31111
3.31355
3.31636
3.31843
3.31978
3.3213
3.32576
3.32762
3.33098
3.33271
3.33681
3.33761
3.34039
3.34258
3.34455
3.34618
3.34674
3.34823
3.35158
3.35337
3.36005
3.3618
3.36427
3.36799
3.37145
3.37314
3.37558
3.37746
3.37918
3.38041
3.38284
3.38474
3.38789
3.3905
3.39191
3.39517
3.39874
3.40026
3.40149
3.40635
3.40737
3.40894
3.41061
3.41459
3.41897
3.41979
3.4229
3.42512
3.42846
3.43053
3.4331
3.43579
3.43878
3.44063
3.44472
3.44482
3.44811
3.45063
3.45308
3.45371
3.45689
3.46098
3.46335
3.46487
3.46731
3.46906
3.47225
3.47664
3.47881
3.48205
3.48453
3.48686
3.4898
3.49108
3.49506
3.49554
3.49641
3.50141
3.50444
3.50924
3.51036
3.51149
3.51588
3.51691
3.52145
3.52287
3.52626
3.5279
3.53355
3.53443
3.53834
3.5398
3.54254
3.54436
3.54727
3.54964
3.55089
3.55344
3.55593
3.55895
3.56051
3.56243
3.56524
3.56696
3.57186
3.57436
3.57565
3.57917
3.57992
3.58199
3.58698
3.59153
3.5934
3.59598
3.59805
3.60157
3.60412
3.6077
3.60932
3.61143
3.61334
3.6143
3.61644
3.61974
3.62242
3.62428
3.628
3.63004
3.63282
3.63651
3.63779
3.63983
3.6423
3.64589
3.64688
3.64911
3.65592
3.65767
3.66018
3.66047
3.66241
3.66634
3.66936
3.67187
3.67521
3.67707
3.6783
3.68116
3.68244
3.68556
3.68869
3.69158
3.69511
3.69691
3.69902
3.7005
3.70569
3.70732
3.71083
3.71207
3.71583
3.71727
3.72041
3.72432
3.72632
3.72765
3.73083
3.73213
3.73593
3.73839
3.73887
3.74422
3.74505
3.74916
3.74972
3.75231
3.76013
3.76229
3.76336
3.76559
3.76866
3.77188
3.77214
3.77514
3.77585
3.77723
3.77894
3.78352
3.78703
3.78906
3.792
3.79523
3.79835
3.80053
3.80581
3.80637
3.80988
3.8118
3.8138
3.81801
3.8205
3.82254
3.82301
3.82603
3.82732
3.83049
3.83392
3.8344
3.83619
3.8451
3.84595
3.84809
3.85057
3.85221
3.85522
3.85687
3.86001
3.86583
3.86713
3.86889
3.86984
3.87121
3.87303
3.87857
3.87976
3.88341
3.88686
3.88998
3.89436
3.89634
3.8983
3.89842
3.90186
3.90459
3.90674
3.90913
3.91345
3.91703
3.91844
3.92035
3.92185
3.92398
3.92502
3.92661
3.93257
3.93479
3.93642
3.94161
3.94675
3.94834
3.95447
3.95844
3.96071
3.96242
3.96354
3.96758
3.96825
3.9702
3.97247
3.97543
3.97662
3.97798
3.98522
3.98637
3.98863
3.99167
3.99414
3.99721
3.99836
4.00121
4.00186
4.00762
4.00963
4.01221
4.01588
4.01866
4.0218
4.02519
4.02657
4.02955
4.03273
4.03807
4.03854
4.04204
4.04856
4.04969
4.05157
4.0521
4.0537
4.05732
4.0593
4.06366
4.06715
4.06857
4.07024
4.07193
4.0754
4.07822
4.08195
4.08438
4.08834
4.09124
4.09394
4.09557
4.09677
4.10118
4.10392
4.10511
4.10786
4.10954
4.11199
4.11506
4.11732
4.12008
4.12034
4.12459
4.12604
4.12704
4.13126
4.13373
4.13812
4.14026
4.14398
4.14686
4.15156
4.15236
4.15415
4.15479
4.1604
4.16277
4.16448
4.16523
4.16935
4.17005
4.17249
4.17771
4.18006
4.18144
4.18368
4.18518
4.18773
4.18988
4.19544
4.19683
4.19905
4.20035
4.20436
4.20683
4.209
4.21463
4.22039
4.22255
4.22499
4.22681
4.22898
4.23274
4.23452
4.23642
4.24047
4.24187
4.24357
4.24519
4.24712
4.2478
4.25001
4.25183
4.25749
4.25841
4.26043
4.26428
4.26601
4.26914
4.27401
4.27548
4.27797
4.27836
4.28061
4.28486
4.28574
4.28804
4.2921
4.29381
4.29598
4.29878
4.30345
4.30472
4.30568
4.31042
4.31413
4.31714
4.31813
4.32168
4.32329
4.32537
4.32654
4.32772
4.3284
4.33626
4.33884
4.34248
4.34393
4.34594
4.35005
4.35214
4.35402
4.35628
4.35731
4.36456
4.36585
4.36711
4.36888
4.37103
4.37538
4.37829
4.37917
4.38122
4.3859
4.38768
4.39251
4.39386
4.39767
4.39887
4.40205
4.40504
4.40862
4.41056
4.41249
4.41687
4.41895
4.42134
4.42375
4.42636
4.4279
4.4315
4.43329
4.43893
4.44156
4.44256
4.44489
4.44702
4.44982
4.45111
4.45475
4.45795
4.45936
4.46236
4.46838
4.47034
4.47153
4.47388
4.47496
4.47691
4.48042
4.48239
4.48626
4.48848
4.48901
4.49309
4.49525
4.49842
4.50255
4.50289
4.50561
4.50992
4.51177
4.51312
4.518
4.51982
4.52192
4.52547
4.52771
4.53051
4.53358
4.53708
4.53793
4.54111
4.54526
4.54849
4.55039
4.55595
4.55901
4.56045
4.56317
4.56527
4.57219
4.57376
4.57558
4.57823
4.58073
4.58381
4.58589
4.5887
4.5933
4.59671
4.59827
4.60108
4.60222
4.60599
4.60732
4.60984
4.61335
4.61663
4.61767
4.61981
4.62246
4.62337
4.62777
4.63198
4.63368
4.63752
4.64238
4.64436
4.64611
4.64641
4.64917
4.65063
4.65696
4.65864
4.6621
4.66414
4.66522
4.66805
4.66995
4.67321
4.67693
4.6794
4.6823
4.68607
4.69067
4.69183
4.69327
4.69636
4.69977
4.70202
4.70372
4.70798
4.70956
4.71313
4.71435
4.71649
4.71808
4.72083
4.72292
4.72864
4.73172
4.73353
4.73752
4.73994
4.7439
4.74404
4.74584
4.74878
4.74948
4.75488
4.75919
4.76022
4.76415
4.76653
4.76853
4.77151
4.7717
4.77492
4.77901
4.78012
4.78735
4.78803
4.79052
4.79322
4.79912
4.80193
4.80374
4.80775
4.80972
4.81236
4.81554
4.81761
4.82242
4.82308
4.82466
4.82704
4.82777
4.8304
4.83347
4.83484
4.83752
4.84076
4.84324
4.84843
4.84999
4.8517
4.85547
4.85634
4.85851
4.86438
4.86886
4.86969
4.87245
4.87558
4.87869
4.88038
4.88337
4.88655
4.88786
4.89024
4.89193
4.89639
4.89766
4.89926
4.90588
4.90847
4.90897
4.91151
4.91303
4.91605
4.91919
4.92128
4.92275
4.92514
4.92935
4.93267
4.93512
4.93677
4.93727
4.94023
4.94599
4.94809
4.94973
4.95487
4.95561
4.95979
4.96213
4.96442
4.96552
4.96695
4.97098
4.97516
4.9765
4.97774
4.98254
4.98469
4.98676
4.98754
4.99003
4.9909
4.99733
4.99958
5.00393
5.00533
5.00835
5.01054
5.0116
5.01483
5.01609
5.01915
5.02013
5.02286
5.02843
5.03047
5.03233
5.03626
5.03752
5.04089
5.04246
5.04524
5.04817
5.05195
5.05366
5.05641
5.05913
5.06078
5.06257
5.06525
5.07025
5.07297
5.0759
5.07857
5.0797
5.08179
5.085
5.08664
5.09056
5.09177
5.09313
5.09524
5.09715
5.09861
5.10283
5.10603
5.11059
5.11138
5.11464
5.11672
5.11926
5.12232
5.12514
5.12875
5.13048
5.13185
5.13356
5.13566
5.13712
5.13906
5.14618
5.14868
5.14917
5.15118
5.1539
5.15674
5.15805
5.16262
5.1639
5.16627
5.16859
5.17309
5.17587
5.17798
5.18133
5.18776
5.18886
5.19099
5.19422
5.19511
5.19922
5.2006
5.20208
5.20423
5.20778
5.20988
5.21199
5.21821
5.22118
5.22521
5.22715
5.22877
5.23157
5.2332
5.23713
5.23806
5.23861
5.24274
5.2462
5.24832
5.25307
5.25507
5.2563
5.2579
5.26099
5.26601
5.26867
5.26933
5.27293
5.27698
5.28011
5.28223
5.28368
5.28692
5.28844
5.29359
5.29614
5.3013
5.30293
5.30336
5.3041
5.3107
5.31226
5.31364
5.31574
5.31682
5.31756
5.32333
5.327
5.32745
5.32796
5.33193
5.33502
5.33876
5.34136
5.34458
5.34628
5.34974
5.35142
5.35317
5.35552
5.358
5.36142
5.36247
5.36277
5.36825
5.37183
5.37335
5.37572
5.37791
5.38268
5.38396
5.38528
5.38905
5.39219
5.39377
5.39653
5.39764
5.40028
5.40157
5.40545
5.40887
5.41237
5.41583
5.41661
5.41878
5.42333
5.4253
5.42888
5.43091
5.43353
5.43724
5.43793
5.44368
5.44383
5.44672
5.44933
5.45069
5.45257
5.45335
5.45625
5.46015
5.46449
5.46736
5.46904
5.47017
5.47239
5.47609
5.47721
5.48117
5.48246
5.4864
5.48836
5.49111
5.49621
5.4976
5.50205
5.50316
5.50617
5.50807
5.51176
5.51377
5.51489
5.51926
5.51958
5.52442
5.52753
5.53073
5.53431
5.53508
5.53719
5.539
5.54069
5.54369
5.54805
5.55161
5.55359
5.55533
5.55864
5.56235
5.56356
5.56434
5.56921
5.57117
5.57256
5.57593
5.57788
5.58048
5.58181
5.58531
5.58917
5.58958
5.59164
5.59519
5.59738
5.60007
5.60203
5.60454
5.60686
5.61459
5.61584
5.61928
5.62084
5.62318
5.62455
5.62755
5.63005
5.63471
5.6367
5.63914
5.64071
5.6465
5.64938
5.6503
5.65241
5.65576
5.65945
5.66045
5.66485
5.66562
5.66932
5.67138
5.67393
5.67693
5.68037
5.68337
5.6844
5.68698
5.68996
5.69338
5.69427
5.69736
5.70222
5.70383
5.70697
5.71123
5.71179
5.71424
5.71882
5.71987
5.72283
5.72304
5.72552
5.72808
5.73007
5.73517
5.73859
5.73995
5.7446
5.74574
5.75051
5.75495
5.75839
5.76232
5.76375
5.76623
5.77076
5.77269
5.77455
5.77808
5.77929
5.78293
5.78664
5.78768
5.79274
5.79287
5.79544
5.79647
5.80066
5.80279
5.8056
5.80804
5.81332
5.81601
5.81671
5.82052
5.82161
5.82367
5.8247
5.82907
5.8326
5.834
5.83693
5.84017
5.84208
5.84634
5.84649
5.84864
5.85101
5.85359
5.8543
5.85699
5.86129
5.86361
5.86474
5.86778
5.87303
5.87399
5.87636
5.87699
5.88148
5.8835
5.88731
5.89066
5.89178
5.89483
5.89634
5.90103
5.90234
5.90719
5.90847
5.90983
5.91118
5.91802
5.91913
5.91992
5.92141
5.92521
5.92891
5.92908
5.93145
5.93723
5.93865
5.94208
5.94587
5.94897
5.95162
5.95616
5.95757
5.95847
5.96081
5.96268
5.96654
5.96802
5.97078
5.97245
5.97698
5.97784
5.98067
5.98505
5.98621
5.98796
5.99073
5.99408
5.99687
5.99903
6.00184
6.00373
6.00601
6.00868
6.01226
6.01313
6.01714
6.01753
6.02063
6.0257
6.02611
6.02811
6.03153
6.03687
6.04015
6.04159
6.04548
6.04767
6.04883
6.05167
6.05371
6.05732
6.05938
6.06013
6.06291
6.06797
6.0687
6.07238
6.07504
6.0761
6.07986
6.0841
6.08727
6.08921
6.09165
6.09338
6.09506
6.09788
6.09951
6.10241
6.10457
6.10653
6.10816
6.11176
6.11765
6.12214
6.12462
6.12624
6.1278
6.13245
6.13447
6.13689
6.13773
6.14188
6.14434
6.14677
6.14822
6.15185
6.1561
6.15845
6.16032
6.16267
6.16671
6.16956
6.17265
6.17407
6.17455
6.17883
6.18122
6.18298
6.18563
6.18905
6.18934
6.1938
6.19698
6.19829
6.20011
6.2034
6.20909
6.21139
6.21292
6.21615
6.2207
6.22212
6.22346
6.22681
6.22903
6.23062
6.23164
6.23384
6.23473
6.23958
6.24478
6.24652
6.25117
6.25265
6.25624
6.25853
6.26012
6.26758
6.26955
6.27032
6.27378
6.27725
6.27947
6.28344
6.28539
6.28656
6.28966
6.29051
6.29272
6.29422
6.29737
6.29911
6.30317
6.30424
6.30475
6.30951
6.31308
6.31434
6.31603
6.31774
6.32207
6.32528
6.32978
6.33227
6.33794
6.3386
6.3415
6.34491
6.34705
6.34841
6.35367
6.35753
6.36021
6.362
6.36646
6.36782
6.36918
6.37247
6.37358
6.37835
6.37989
6.38142
6.38421
6.38882
6.3918
6.39465
6.39801
6.39969
6.40145
6.40591
6.40668
6.40941
6.414
6.41706
6.41929
6.42191
6.42294
6.42538
6.43015
6.43136
6.43266
6.43475
6.43699
6.43979
6.4423
6.44458
6.44712
6.44783
6.45011
6.45447
6.4564
6.45906
6.46247
6.46615
6.46841
6.46892
6.47438
6.47908
6.4808
6.48404
6.48574
6.48894
6.49065
6.49304
6.49607
6.4986
6.50213
6.50341
6.50518
6.50952
6.51196
6.5161
6.51936
6.52172
6.52367
6.52673
6.53021
6.53186
6.53348
6.53544
6.53757
6.53948
6.54483
6.54733
6.5519
6.55277
6.5561
6.55763
6.56274
6.56334
6.56441
6.56954
6.57087
6.57299
6.57773
6.57919
6.5859
6.58919
6.59053
6.59174
6.59283
6.59504
6.59821
6.6021
6.60692
6.60696
6.61083
6.61248
6.61667
6.6189
6.62036
6.62225
6.62346
6.62546
6.628
6.62962
6.63265
6.63793
6.64051
6.64325
6.64411
6.64558
6.65037
6.65335
6.65578
6.66036
6.6628
6.6651
6.66706
6.67026
6.67553
6.67629
6.67691
6.67947
6.68124
6.68342
6.68681
6.68969
6.69436
6.69476
6.70027
6.70405
6.70501
6.7077
6.70995
6.71309
6.71483
6.71814
6.7211
6.72541
6.72813
6.73008
6.73265
6.73494
6.73647
6.73758
6.74064
6.74276
6.74379
6.74565
6.74834
6.75057
6.75198
6.7561
6.75831
6.76182
6.76362
6.7644
6.7679
6.77086
6.77197
6.7755
6.7767
6.78222
6.78531
6.78942
6.79397
6.79562
6.79678
6.79741
6.80056
6.80354
6.80694
6.81191
6.81357
6.81584
6.81908
6.82155
6.8222
6.82413
6.82547
6.8265
6.8312
6.83395
6.83579
6.83856
6.84084
6.84373
6.8473
6.8501
6.85563
6.85713
6.8586
6.86061
6.86641
6.8673
6.87094
6.87309
6.87771
6.87935
6.88023
6.8814
6.88699
6.88829
6.89193
6.89491
6.89813
6.89879
6.89942
6.90123
6.90515
6.90694
6.91098
6.91455
6.9155
6.92021
6.92119
6.92568
6.92681
6.92783
6.92978
6.93317
6.93473
6.93882
6.94186
6.94448
6.94877
6.95141
6.95375
6.95431
6.96068
6.96181
6.96426
6.96891
6.96972
6.97109
6.97821
6.97961
6.98055
6.98389
6.98461
6.9887
6.98964
6.99593
6.99916
7.00072
7.00244
7.00463
7.00704
7.01006
7.01402
7.01518
7.01666
7.02131
7.02362
7.02555
7.02601
7.031
7.03384
7.03778
7.03848
7.04219
7.04499
7.04862
7.05231
7.05344
7.05563
7.06094
7.06159
7.06566
7.06734
7.06941
7.07368
7.07525
7.07809
7.0792
7.0828
7.08513
7.0889
7.09077
7.09163
7.09497
7.09706
7.09982
7.10263
7.10562
7.11021
7.11323
7.11404
7.11558
7.1213
7.12256
7.12546
7.1298
7.13067
7.1358
7.13788
7.13874
7.14137
7.14502
7.14777
7.14824
7.15368
7.15667
7.1574
7.15991
7.16382
7.16539
7.16711
7.17024
7.17063
7.17477
7.17775
7.18049
7.18282
7.18773
7.19078
7.19322
7.19603
7.2
7.20139
7.20254
7.2062
7.20742
7.21058
7.21677
7.21836
7.21986
7.22348
7.22601
7.22851
7.23189
7.23451
7.23621
7.23843
7.24318
7.2453
7.24815
7.25152
7.25381
7.2556
7.25805
7.26052
7.26221
7.26383
7.26671
7.26789
7.27275
7.27474
7.27872
7.28156
7.2838
7.28643
7.28963
7.2928
7.29479
7.29772
7.29977
7.30284
7.30639
7.30855
7.31275
7.31576
7.3177
7.31928
7.32353
7.32408
7.32765
7.33283
7.33355
7.33726
7.33866
7.34071
7.34446
7.34828
7.35136
7.35332
7.35564
7.3583
7.3613
7.36339
7.36515
7.36646
7.37336
7.37559
7.37799
7.38016
7.38123
7.38556
7.38677
7.3909
7.3928
7.39712
7.39789
7.40279
7.40565
7.40761
7.41186
7.41519
7.41698
7.42009
7.42484
7.42548
7.4298
7.43358
7.4359
7.43801
7.4403
7.44309
7.44531
7.44963
7.45202
7.45417
7.45544
7.4613
7.46303
7.4655
7.46904
7.47263
7.47697
7.48011
7.48256
7.48657
7.48868
7.49011
7.49359
7.49546
7.49664
7.50021
7.50348
7.50851
7.51132
7.51265
7.51701
7.51975
7.52398
7.52432
7.5284
7.53146
7.5336
7.53538
7.53638
7.5405
7.54786
7.54848
7.55122
7.55391
7.55828
7.56155
7.56229
7.56362
7.56625
7.56987
7.57065
7.57452
7.57626
7.57765
7.58382
7.58528
7.59144
7.59314
7.59872
7.60237
7.60441
7.60747
7.60981
7.61293
7.6143
7.61892
7.61976
7.62223
7.62638
7.62659
7.6333
7.63419
7.63686
7.64042
7.64617
7.64968
7.65
7.65218
7.65559
7.66023
7.66078
7.66526
7.66789
7.67219
7.67459
7.67579
7.6767
7.67918
7.68563
7.68827
7.68962
7.69136
7.69799
7.69887
7.70549
7.70782
7.71188
7.71473
7.71847
7.72142
7.72348
7.72386
7.72652
7.73008
7.73273
7.73347
7.73547
7.73787
7.74409
7.74576
7.75062
7.7515
7.75293
7.75888
7.76147
7.76319
7.76682
7.77155
7.77377
7.77564
7.77838
7.78157
7.78363
7.78762
7.7912
7.79467
7.79846
7.8013
7.80551
7.80739
7.8111
7.81751
7.82075
7.82224
7.8265
7.82796
7.83133
7.83251
7.83527
7.83981
7.84091
7.84345
7.85003
7.85313
7.8553
7.85811
7.85951
7.86131
7.86665
7.86752
7.86953
7.87118
7.87308
7.8798
7.88287
7.88375
7.88698
7.89127
7.89485
7.89713
7.89991
7.90391
7.9075
7.90892
7.91305
7.91514
7.91803
7.91999
7.92433
7.92563
7.92821
7.9297
7.9348
7.93765
7.94149
7.94245
7.94903
7.94999
7.9521
7.95473
7.96314
7.96368
7.9651
7.96775
7.97392
7.97761
7.9799
7.98326
7.98439
7.98674
7.99243
7.99486
8.00166
8.00317
8.00753
8.00999
8.01558
8.01938
8.02155
8.02451
8.02877
8.03128
8.03238
8.03352
8.03803
8.03947
8.04429
8.04576
8.04974
8.05231
8.05659
8.05933
8.06117
8.06331
8.06458
8.07375
8.07604
8.07812
8.08147
8.08411
8.08536
8.0917
8.0947
8.09623
8.1002
8.10192
8.10451
8.10833
8.11093
8.11473
8.1189
8.11997
8.12248
8.12249
8.1293
8.13138
8.13399
8.13873
8.14032
8.14395
8.14631
8.14697
8.14999
8.15818
8.16078
8.16556
8.16657
8.16922
8.17253
8.17693
8.17744
8.17874
8.18259
8.18338
8.18814
8.19166
8.19515
8.19855
8.20023
8.20298
8.20716
8.20905
8.21295
8.214
8.21671
8.22282
8.22511
8.22687
8.23065
8.23208
8.236
8.23917
8.2405
8.24658
8.25071
8.25322
8.25753
8.25787
8.26353
8.26571
8.26907
8.26968
8.27531
8.28044
8.28364
8.28934
8.29205
8.29409
8.29563
8.29817
8.30019
8.30374
8.30796
8.31119
8.31414
8.3154
8.32044
8.32297
8.32858
8.33162
8.33443
8.33513
8.34032
8.34239
8.3472
8.35069
8.35201
8.35598
8.36028
8.36397
8.36551
8.37134
8.37337
8.37771
8.38314
8.38614
8.38693
8.39091
8.3916
8.394
8.3997
8.40068
8.40407
8.40698
8.41138
8.41473
8.41489
8.41631
8.41891
8.42002
8.42765
8.42987
8.43245
8.43533
8.43803
8.43962
8.44475
8.44644
8.44692
8.45328
8.45392
8.45875
8.46147
8.46221
8.46616
8.47
8.47057
8.47693
8.47947
8.48217
8.48397
8.48703
8.488
8.49089
8.49479
8.50073
8.50237
8.50329
8.50796
8.50823
8.51134
8.51279
8.51639
8.52034
8.52281
8.52557
8.52894
8.5317
8.53561
8.54135
8.54147
8.54558
8.54702
8.55119
8.55414
8.55741
8.56155
8.5645
8.56588
8.56687
8.56725
8.57044
8.57591
8.57877
8.58196
8.58412
8.58766
8.58915
8.59168
8.59274
8.5951
8.59977
8.60143
8.60631
8.60897
8.61189
8.61221
8.61532
8.62113
8.62387
8.62521
8.62699
8.6303
8.63481
8.63661
8.6372
8.64494
8.6468
8.6495
8.65132
8.65249
8.65579
8.6589
8.66149
8.66447
8.66803
8.66981
8.67315
8.6755
8.67747
8.67916
8.68067
8.68623
8.68672
8.68938
8.69185
8.69648
8.69894
8.7035
8.70373
8.70628
8.70779
8.71224
8.71614
8.71922
8.72068
8.72337
8.72613
8.73049
8.73339
8.7349
8.73777
8.73898
8.74089
8.74312
8.74668
8.74934
8.75304
8.7552
8.75745
8.76129
8.7629
8.76542
8.77061
8.77195
8.77321
8.77612
8.77885
8.78151
8.78736
8.79119
8.79326
8.79573
8.79708
8.79937
8.80253
8.80821
8.81181
8.8142
8.81695
8.81986
8.82156
8.82537
8.827
8.82976
8.83494
8.83744
8.84094
8.84432
8.84576
8.84713
8.85095
8.85343
8.85858
8.86204
8.8638
8.86465
8.86683
8.87011
8.87247
8.87659
8.8799
8.88108
8.88166
8.88783
8.89029
8.89146
8.89479
8.89832
8.89994
8.90665
8.90827
8.91304
8.91443
8.91793
8.92159
8.92413
8.92648
8.92719
8.93134
8.93412
8.93678
8.94155
8.9439
8.9455
8.94815
8.94907
8.95005
8.95607
8.95862
8.95967
8.96174
8.96619
8.96912
8.97041
8.97552
8.97623
8.97861
8.98157
8.98224
8.98405
8.98996
8.99128
8.99741
9.0014
9.00289
9.00619
9.00703
9.00844
9.01217
9.01565
9.01839
9.02401
9.02451
9.02621
9.02689
9.03237
9.03574
9.03706
9.03874
9.041
9.04271
9.0457
9.04997
9.05207
9.0551
9.05649
9.0625
9.06445
9.06909
9.07436
9.07502
9.07851
9.07865
9.08124
9.08492
9.08815
9.09208
9.09418
9.0946
9.09835
9.10078
9.10486
9.10694
9.10951
9.11257
9.11832
9.11979
9.12187
9.12354
9.12602
9.1295
9.13126
9.1354
9.14132
9.14304
9.14577
9.14803
9.15132
9.15267
9.15367
9.15752
9.16301
9.16711
9.16851
9.17158
9.17263
9.17794
9.17875
9.18034
9.18479
9.18602
9.19062
9.19262
9.19518
9.19827
9.20104
9.20676
9.20904
9.21046
9.21416
9.2173
9.21989
9.22259
9.22628
9.22733
9.23088
9.2348
9.24107
9.2416
9.24721
9.24886
9.25201
9.25332
9.25431
9.26036
9.26166
9.26441
9.27028
9.27285
9.27569
9.28016
9.28439
9.28582
9.28937
9.29054
9.2927
9.29808
9.2988
9.30059
9.3036
9.30579
9.31038
9.31433
9.31522
9.32159
9.32488
9.3265
9.33021
9.33512
9.33644
9.34002
9.34246
9.34494
9.3475
9.34925
9.35076
9.35532
9.35813
9.36206
9.36411
9.36612
9.36846
9.3708
9.37531
9.37972
9.38104
9.38675
9.39015
9.39128
9.39236
9.39647
9.39775
9.40002
9.40313
9.40349
9.40952
9.41198
9.41283
9.4185
9.42082
9.42544
9.42842
9.43167
9.4333
9.43655
9.44026
9.44417
9.44707
9.44968
9.45391
9.45553
9.4591
9.46427
9.46702
9.46772
9.46931
9.4729
9.47727
9.48247
9.48519
9.48899
9.4926
9.49701
9.49978
9.50066
9.50307
9.5072
9.51172
9.51532
9.51668
9.51803
9.51964
9.52461
9.52826
9.53036
9.53258
9.53464
9.53484
9.54187
9.54322
9.54831
9.55293
9.55445
9.55531
9.55961
9.56479
9.56819
9.56926
9.57244
9.57584
9.57768
9.5818
9.58498
9.58784
9.58888
9.59249
9.59379
9.60135
9.60257
9.60696
9.60965
9.61201
9.61364
9.61864
9.62111
9.62766
9.62885
9.63093
9.63691
9.64098
9.64241
9.64699
9.64958
9.65236
9.65505
9.65544
9.6606
9.66337
9.66452
9.66809
9.67153
9.67359
9.67644
9.6786
9.6816
9.68303
9.68485
9.68951
9.69146
9.69475
9.70018
9.70254
9.70418
9.70805
9.7106
9.71825
9.72087
9.7226
9.72538
9.72588
9.72979
9.73282
9.73504
9.74013
9.74192
9.74401
9.74789
9.75043
9.75482
9.75538
9.75803
9.76113
9.76561
9.76981
9.77271
9.7743
9.77622
9.78032
9.78168
9.78569
9.78674
9.78861
9.79223
9.79543
9.79867
9.80106
9.80544
9.8108
9.8125
9.81449
9.81554
9.81831
9.82154
9.82526
9.82689
9.8305
9.83304
9.8379
9.84285
9.84537
9.84816
9.85284
9.85342
9.86144
9.86217
9.8642
9.86573
9.86815
9.87097
9.87451
9.87978
9.88018
9.88288
9.88967
9.89252
9.89372
9.8979
9.90098
9.90416
9.90868
9.91179
9.91411
9.91777
9.91803
9.92304
9.92744
9.92833
9.93193
9.93484
9.93641
9.93772
9.94274
9.94666
9.94986
9.95414
9.95475
9.95768
9.96038
9.96185
9.96727
9.9705
9.9735
9.97759
9.97991
9.98374
9.98537
9.99003
9.99201
9.99817
10.0003
10.0029
10.0056
10.0074
10.0101
10.0141
10.0199
10.0219
10.0253
10.0286
10.0311
10.0317
10.0362
10.0366
10.0389
10.0423
10.045
10.0476
10.0526
10.0558
10.0589
10.0598
10.0629
10.0683
10.0713
10.0726
10.0753
10.0796
10.083
10.0853
10.0879
10.091
10.0942
10.0989
10.1006
10.1027
10.104
10.1073
10.1096
10.1122
10.1189
10.1222
10.1254
10.1306
10.1319
10.1343
10.1367
10.1375
10.1415
10.1433
10.1461
10.149
10.1509
10.1541
10.1561
10.1603
10.1666
10.1712
10.1718
10.1771
10.1779
10.1795
10.1828
10.1873
10.1877
10.193
10.1939
10.1999
10.2012
10.2035
10.2062
10.2075
10.2096
10.213
10.2163
10.2213
10.2226
10.2258
10.2305
10.2309
10.2401
10.2409
10.2424
10.2453
10.25
10.2519
10.2533
10.2569
10.261
10.2645
10.2657
10.2696
10.2739
10.2764
10.2765
10.2798
10.2831
10.2867
10.292
10.2927
10.2974
10.3
10.3032
10.3055
10.309
10.3113
10.3186
10.3208
10.3212
10.3227
10.3259
10.3302
10.3335
10.3372
10.3394
10.3443
10.3464
10.35
10.3505
10.3552
10.3589
10.363
10.3663
10.3674
10.3694
10.3709
10.378
10.3804
10.3834
10.3858
10.3885
10.3905
10.3923
10.3993
10.4034
10.4054
10.4062
10.4151
10.4174
10.4188
10.4201
10.4234
10.4278
10.4328
10.4334
10.4339
10.4425
10.4443
10.4485
10.4489
10.4523
10.4559
10.4604
10.4653
10.467
10.4682
10.4712
10.4743
10.4782
10.4802
10.484
10.4888
10.4914
10.4927
10.4963
10.5049
10.5054
10.507
10.5106
10.5126
10.5144
10.5203
10.5231
10.5265
10.5302
10.5308
10.536
10.5413
10.5424
10.5441
10.5483
10.553
10.5564
10.5586
10.5596
10.5647
10.5672
10.5714
10.5755
10.5771
10.5817
10.5856
10.5889
10.5912
10.5928
10.5973
10.5998
10.6015
10.6032
10.6104
10.613
10.6177
10.6209
10.6227
10.6262
10.6289
10.6338
10.6397
10.6402
10.6423
10.6481
10.6531
10.6567
10.6573
10.6622
10.6642
10.6655
10.6723
10.6739
10.6754
10.6821
10.6868
10.6907
10.6909
10.6922
10.7013
10.7024
10.7051
10.7097
10.7132
10.715
10.7185
10.7199
10.7264
10.7274
10.7334
10.738
10.7389
10.74
10.7442
10.7488
10.7508
10.7551
10.7561
10.763
10.7658
10.7725
10.7728
10.7764
10.7782
10.7848
10.7881
10.7946
10.796
10.7991
10.8026
10.8036
10.8054
10.8071
10.8132
10.8167
10.8212
10.8232
10.8261
10.8299
10.8306
10.832
10.8341
10.841
10.8421
10.8485
10.8517
10.8571
10.8592
10.8622
10.865
10.872
10.875
10.8793
10.882
10.8827
10.8871
10.8921
10.8931
10.8963
10.9011
10.9066
10.9078
10.9103
10.912
10.9174
10.9189
10.9215
10.9284
10.9298
10.9356
10.9367
10.9415
10.9468
10.9505
10.954
10.9576
10.9593
10.9623
10.9671
10.9678
10.9742
10.9749
10.9795
10.9836
10.9871
10.989
10.9898
10.9934
11.0009
11.0031
11.0045
11.0114
11.0144
11.0162
11.0179
11.02
11.0242
11.0295
11.0344
11.0393
11.0413
11.0448
11.0464
11.0501
11.0515
11.0545
11.0634
11.0651
11.0704
11.072
11.0738
11.0789
11.0797
11.0817
11.0865
11.089
11.0912
11.0914
11.1003
11.107
11.1095
11.1129
11.114
11.121
11.1233
11.1256
11.1321
11.1345
11.1401
11.1418
11.1449
11.145
11.1537
11.1547
11.157
11.1595
11.1643
11.1666
11.1708
11.1766
11.1793
11.183
11.1854
11.1878
11.193
11.1951
11.1967
11.2026
11.2038
11.2074
11.212
11.214
11.2179
11.2193
11.2228
11.2262
11.2294
11.2351
11.2372
11.2414
11.2463
11.2498
11.2511
11.2541
11.2589
11.2635
11.2671
11.27
11.2779
11.2798
11.282
11.2868
11.2883
11.291
11.2958
11.2999
11.3025
11.3043
11.3061
11.3138
11.3161
11.3188
11.3224
11.3229
11.3287
11.3366
11.3385
11.3399
11.3428
11.3474
11.3495
11.352
11.3572
11.3583
11.3656
11.3667
11.3687
11.3696
11.3748
11.3776
11.3819
11.3856
11.3862
11.3907
11.393
11.3995
11.4007
11.4043
11.4067
11.4117
11.4132
11.4154
11.4183
11.4247
11.4278
11.4312
11.4359
11.4397
11.4418
11.4448
11.4494
11.4524
11.4561
11.4583
11.4612
11.4665
11.4714
11.4736
11.478
11.4824
11.4851
11.4866
11.4896
11.4948
11.4961
11.5002
11.504
11.5051
11.5078
11.511
11.5168
11.521
11.5226
11.5292
11.531
11.5327
11.5376
11.5415
11.5443
11.5467
11.5487
11.5492
11.5543
11.5588
11.5644
11.5655
11.5701
11.5754
11.577
11.5798
11.583
11.5852
11.5881
11.5923
11.5966
11.5996
11.6031
11.6065
11.6111
11.6126
11.6153
11.6193
11.6225
11.6247
11.6266
11.6288
11.6396
11.6433
11.6438
11.647
11.6515
11.6533
11.6568
11.6593
11.6617
11.6644
11.6671
11.6719
11.6732
11.675
11.6806
11.6828
11.685
11.6884
11.6927
11.6959
11.6994
11.7028
11.7041
11.7093
11.7113
11.7159
11.7189
11.7227
11.7248
11.7313
11.7341
11.738
11.7402
11.742
11.7428
11.7488
11.752
11.7535
11.7572
11.761
11.763
11.7669
11.7701
11.7737
11.7785
11.7844
11.7858
11.7893
11.7946
11.7964
11.8
11.8028
11.805
11.8055
11.8098
11.8138
11.815
11.8178
11.8218
11.8266
11.8299
11.8342
11.8377
11.8409
11.8445
11.8496
11.8526
11.8538
11.8605
11.8621
11.8628
11.8674
11.8708
11.8745
11.8758
11.8831
11.8845
11.8878
11.8942
11.8957
11.9029
11.9065
11.9094
11.9125
11.9152
11.9163
11.918
11.9224
11.9264
11.929
11.9313
11.9416
11.9442
11.9456
11.9486
11.9497
11.9541
11.9546
11.9591
11.9647
11.9659
11.971
11.9763
11.9784
11.9815
11.9852
11.9868
11.9911
11.9945
11.9978
12.0031
12.005
12.0081
12.0115
12.0126
12.0196
12.0224
12.0275
12.0304
12.0316
12.0356
12.0396
12.0463
12.0481
12.0499
12.0552
12.0582
12.0621
12.0638
12.0673
12.0699
12.0719
12.0765
12.0821
12.0828
12.0856
12.0903
12.0933
12.0974
12.0995
12.102
12.1074
12.1094
12.1133
12.117
12.1209
12.1241
12.1288
12.1332
12.1374
12.1381
12.143
12.1456
12.1478
12.1528
12.1586
12.1604
12.1624
12.1658
12.173
12.1736
12.1808
12.1818
12.1877
12.1901
12.1909
12.1929
12.1989
12.2023
12.203
12.2046
12.2123
12.2149
12.2171
12.2225
12.2247
12.2287
12.233
12.2378
12.2407
12.2431
12.2476
12.2511
12.2523
12.255
12.2595
12.2638
12.264
12.2676
12.271
12.2729
12.2784
12.2821
12.2841
12.2876
12.2947
12.2964
12.3019
12.303
12.3073
12.3102
12.3126
12.3171
12.32
12.3226
12.3282
12.333
12.3376
12.3397
12.3451
12.3477
12.3501
12.3546
12.3565
12.3601
12.3626
12.3657
12.369
12.3714
12.3724
12.3787
12.3825
12.3871
12.392
12.3944
12.398
12.4003
12.4075
12.4092
12.4129
12.4171
12.421
12.4241
12.4288
12.4301
12.4342
12.4378
12.4411
12.4458
12.4467
12.4499
12.4521
12.4567
12.4614
12.4649
12.4685
12.4735
12.4758
12.4771
12.4823
12.4865
12.4903
12.4919
12.4957
12.4981
12.5031
12.5063
12.5123
12.5138
12.5162
12.5188
12.5225
12.525
12.5294
12.5303
12.5337
12.5353
12.5389
12.5471
12.5486
12.5512
12.5561
12.5576
12.5607
12.5619
12.5663
12.5693
12.5732
12.5769
12.578
12.5853
12.5874
12.5914
12.5966
12.6002
12.6051
12.6075
12.6101
12.613
12.6141
12.6175
12.622
12.6235
12.6269
12.63
12.6327
12.6358
12.6408
12.6445
12.6485
12.6496
12.6528
12.6558
12.6585
12.6612
12.6648
12.6689
12.6737
12.676
12.6798
12.6828
12.6881
12.6886
12.6925
12.6934
12.6951
12.6974
12.7049
12.7065
12.7096
12.7119
12.7186
12.7202
12.7248
12.7305
12.7336
12.7354
12.739
12.7413
12.7459
12.7521
12.7534
12.7578
12.7621
12.7633
12.764
12.7683
12.7734
12.7772
12.7793
12.7814
12.7821
12.783
12.7857
12.794
12.7985
12.8008
12.8022
12.8081
12.8117
12.8129
12.8185
12.8236
12.8247
12.8313
12.832
12.8361
12.8393
12.8409
12.843
12.8487
12.8506
12.8511
12.8547
12.8587
12.8613
12.8651
12.8663
12.8727
12.8738
12.8819
12.8839
12.887
12.8913
12.8966
12.8987
12.9012
12.9053
12.9077
12.9097
12.9136
12.9207
12.9217
12.927
12.9291
12.9329
12.9344
12.935
12.9399
12.9419
12.9454
12.9486
12.9507
12.9534
12.9604
12.9625
12.9662
12.969
12.973
12.9759
12.9764
12.9799
12.9831
12.9885
12.9922
12.9967
13.0039
13.0046
13.0053
13.0105
13.0144
13.0191
13.0225
13.0269
13.028
13.0309
13.0336
13.0344
13.041
13.0434
13.0485
13.0523
13.0544
13.0566
13.0621
13.0639
13.0688
13.0698
13.0711
13.0736
13.0789
13.0814
13.0865
13.0896
13.0932
13.0979
13.0986
13.102
13.1089
13.1137
13.1152
13.1234
13.1271
13.1288
13.1313
13.1329
13.1369
13.14
13.1437
13.1481
13.1492
13.152
13.1567
13.1588
13.1613
13.166
13.1683
13.1713
13.1736
13.1759
13.1778
13.1812
13.1866
13.1906
13.1916
13.1953
13.2018
13.2042
13.2054
13.2071
13.2134
13.2137
13.2163
13.2213
13.2263
13.2284
13.2316
13.235
13.2397
13.2406
13.2422
13.2475
13.2491
13.2541
13.2557
13.2597
13.2633
13.266
13.27
13.272
13.2758
13.2772
13.2819
13.2834
13.2851
13.2893
13.2909
13.2984
13.302
13.3042
13.3124
13.3143
13.3165
13.3193
13.3225
13.3269
13.3286
13.3331
13.3342
13.3386
13.3434
13.345
13.351
13.3525
13.353
13.3554
13.3608
13.3611
13.3655
13.3726
13.3739
13.3762
13.382
13.3849
13.3866
13.3899
13.3954
13.3976
13.4022
13.4055
13.407
13.4092
13.4105
13.4181
13.4191
13.4223
13.4263
13.4287
13.432
13.4371
13.4378
13.4389
13.4457
13.4541
13.4553
13.457
13.4594
13.4658
13.4672
13.47
13.4719
13.478
13.4814
13.4836
13.4857
13.4895
13.4897
13.4977
13.4992
13.5025
13.5061
13.507
13.5117
13.5137
13.516
13.5192
13.5247
13.5277
13.5283
13.5349
13.5371
13.5375
13.5407
13.5465
13.5502
13.5506
13.5583
13.5604
13.5613
13.5636
13.5667
13.573
13.5755
13.5779
13.5821
13.584
13.5899
13.5908
13.5944
13.5954
13.5981
13.6006
13.6084
13.6115
13.6144
13.6208
13.6237
13.6261
13.6287
13.6353
13.639
13.6415
13.6439
13.65
13.6558
13.6563
13.6608
13.6616
13.6634
13.6708
13.6714
13.6787
13.6805
13.6834
13.689
13.6932
13.6954
13.697
13.6977
13.7003
13.7041
13.7112
13.7184
13.7194
13.725
13.7279
13.7312
13.7329
13.7385
13.7446
13.7467
13.7527
13.7548
13.7563
13.76
13.7631
13.767
13.7717
13.7746
13.7758
13.7817
13.7831
13.7846
13.7899
13.7944
13.7963
13.7984
13.8031
13.8096
13.8131
13.8168
13.8184
13.8222
13.8276
13.83
13.8363
13.839
13.8412
13.8451
13.8505
13.8546
13.8582
13.8643
13.8692
13.87
13.8788
13.8828
13.8841
13.8873
13.8939
13.8992
13.9015
13.906
13.9106
13.9123
13.9196
13.9229
13.9237
13.9295
13.9329
13.9401
13.9457
13.9467
13.9511
13.9567
13.9586
13.961
13.9666
13.9675
13.9724
13.9806
13.9839
13.9844
13.9888
13.9952
13.9976
14.0003
14.0082
14.0099
14.0143
14.0174
14.0249
14.0277
14.0292
14.0324
14.0356
14.0433
14.045
14.0455
14.0499
14.0514
14.0532
14.0594
14.0623
14.0631
14.0699
14.0756
14.081
14.0853
14.0879
14.0936
14.0955
14.0968
14.1023
14.1094
14.1141
14.1182
14.1196
14.1224
14.1293
14.1367
14.1376
14.1395
14.1431
14.1501
14.1541
14.1554
14.1611
14.1641
14.1675
14.1714
14.1747
14.179
14.1847
14.1871
14.1954
14.1992
14.201
14.2033
14.2049
14.2117
14.2167
14.2204
14.2258
14.2301
14.2318
14.2374
14.2417
14.2448
14.252
14.2562
14.2582
14.2616
14.2672
14.2713
14.279
14.2832
14.2842
14.2898
14.2949
14.2998
14.3017
14.3031
14.3089
14.3147
14.3185
14.324
14.3275
14.3293
14.3331
14.3375
14.3416
14.3441
14.347
14.3477
14.3514
14.355
14.3621
14.3651
14.3696
14.3711
14.3762
14.3814
14.3861
14.3892
14.3915
14.3967
14.3982
14.4049
14.4058
14.4093
14.4125
14.418
14.4219
14.4246
14.433
14.4349
14.4403
14.45
14.4517
14.4566
14.4587
14.4608
14.4632
14.4701
14.4777
14.4813
14.4833
14.4848
14.4907
14.4951
14.496
14.4995
14.5015
14.5046
14.509
14.5099
14.5193
14.5226
14.529
14.5336
14.5375
14.5407
14.542
14.5501
14.5525
14.5572
14.5608
14.5636
14.5661
14.5776
14.5807
14.5869
14.5877
14.5895
14.5946
14.5981
14.5998
14.6063
14.6092
14.6121
14.6186
14.6222
14.634
14.638
14.6414
14.6449
14.6553
14.6583
14.6592
14.6614
14.6666
14.6727
14.6745
14.676
14.6807
14.6842
14.6902
14.6992
14.7052
14.7066
14.7096
14.7137
14.7162
14.7186
14.7197
14.731
14.7343
14.7393
14.7429
14.7467
14.7554
14.7571
14.7648
14.7662
14.7696
14.7721
14.7781
14.7834
14.7873
14.7957
14.798
14.8018
14.806
14.8127
14.816
14.8195
14.8223
14.8283
14.8373
14.842
14.8435
14.8475
14.8492
14.8529
14.8604
14.8665
14.8692
14.8712
14.8737
14.8794
14.8852
14.8872
14.8985
14.9017
14.9069
14.9119
14.9133
14.9192
14.9227
14.924
14.9267
14.9308
14.9355
14.9405
14.9411
14.9459
14.95
14.9531
14.958
14.9638
14.967
14.9762
14.9803
14.9843
14.9872
14.9954
14.9962
15.0011
15.0043
15.0074
15.0107
15.015
15.0207
15.027
15.0331
15.0353
15.0379
15.0436
15.0484
15.0564
15.0574
15.0616
15.0647
15.0678
15.0713
15.0768
15.0784
15.0827
15.0919
15.0955
15.0989
15.1063
15.1078
15.1133
15.1163
15.1189
15.1259
15.1272
15.1313
15.1317
15.1348
15.143
15.1459
15.1542
15.1571
15.1653
15.1666
15.1708
15.1748
15.1811
15.1855
15.1921
15.1971
15.2049
15.2061
15.2087
15.212
15.2177
15.2216
15.2254
15.2292
15.2339
15.2366
15.2408
15.2437
15.2539
15.2594
15.2623
15.2642
15.2669
15.2752
15.2782
15.2844
15.288
15.2939
15.3049
15.3065
15.3084
15.313
15.3165
15.3173
15.3262
15.3274
15.3308
15.3324
15.3384
15.3426
15.3462
15.3511
15.3573
15.3603
15.3639
15.3689
15.3732
15.3804
15.3812
15.3891
15.3916
15.3943
15.4055
15.409
15.4121
15.4146
15.4191
15.4219
15.4281
15.4299
15.4376
15.4429
15.4475
15.4518
15.4589
15.4678
15.4687
15.4738
15.4748
15.4776
15.4788
15.4846
15.4884
15.496
15.4993
15.5007
15.5043
15.516
15.5208
15.5303
15.5327
15.5369
15.5379
15.5415
15.5472
15.5551
15.5564
15.5573
15.5611
15.5667
15.5682
15.5781
15.5852
15.5875
15.5923
15.5965
15.5988
15.6061
15.609
15.6157
15.619
15.6226
15.6252
15.6291
15.6345
15.6412
15.6456
15.6479
15.6529
15.6545
15.6615
15.6674
15.6704
15.6768
15.684
15.6847
15.6899
15.6944
15.6965
15.7
15.7038
15.7099
15.7165
15.7213
15.7221
15.7261
15.7335
15.7354
15.7405
15.7426
15.7461
15.7559
15.7601
15.766
15.7663
15.7693
15.7719
15.7755
15.7837
15.7856
15.7874
15.7905
15.7916
15.7963
15.8004
15.8042
15.8081
15.8165
15.8186
15.8202
15.825
15.8294
15.8345
15.8418
15.8459
15.851
15.8545
15.857
15.865
15.8667
15.869
15.8747
15.8795
15.881
15.8841
15.8872
15.8957
15.8985
15.9011
15.9039
15.9064
15.9118
15.9192
15.9227
15.929
15.9325
15.9371
15.9412
15.9439
15.9502
15.9527
15.9567
15.9591
15.9661
15.9685
15.9728
15.9758
15.9779
15.9831
15.9932
15.9964
16
16.0025
16.004
16.0187
16.0198
16.0318
16.0328
16.0356
16.0386
16.0434
16.0479
16.0524
16.054
16.0608
16.0619
16.0646
16.0707
16.0801
16.0809
16.085
16.0885
16.095
16.1007
16.1029
16.1062
16.1082
16.1154
16.1199
16.1255
16.1343
16.1386
16.1395
16.1435
16.1506
16.1541
16.1598
16.1636
16.1659
16.1708
16.1788
16.1812
16.1896
16.1925
16.1976
16.1989
16.2023
16.2084
16.2188
16.2201
16.2229
16.2306
16.2329
16.239
16.2403
16.2483
16.2533
16.2551
16.2597
16.2667
16.2706
16.2746
16.28
16.2817
16.2877
16.2917
16.295
16.3006
16.3061
16.3101
16.3125
16.3142
16.3194
16.3267
16.329
16.3302
16.3391
16.3454
16.3491
16.3518
16.3552
16.3579
16.3634
16.366
16.3705
16.372
16.3829
16.3874
16.3878
16.3957
16.3994
16.4025
16.4057
16.4157
16.4172
16.4242
16.4253
16.4327
16.4385
16.4394
16.4418
16.4446
16.455
16.4563
16.4592
16.4666
16.4675
16.4728
16.4771
16.486
16.4885
16.4906
16.4943
16.4978
16.5057
16.51
16.5176
16.5198
16.5218
16.5274
16.5311
16.5344
16.5449
16.549
16.5539
16.5548
16.5645
16.5686
16.5717
16.5786
16.5808
16.5859
16.5894
16.5965
16.5993
16.6022
16.606
16.6078
16.6144
16.624
16.6243
16.628
16.6321
16.6346
16.6394
16.643
16.65
16.6529
16.6545
16.6596
16.6643
16.6724
16.6754
16.6767
16.6818
16.6835
16.6887
16.6933
16.6963
16.7007
16.7037
16.7094
16.7101
16.7128
16.7199
16.7261
16.7304
16.7365
16.7437
16.7496
16.7503
16.7563
16.7647
16.766
16.7673
16.7708
16.7786
16.7811
16.7985
16.8032
16.8085
16.81
16.8141
16.8168
16.8221
16.8284
16.8301
16.8374
16.8381
16.8451
16.851
16.8566
16.8625
16.8669
16.8685
16.8705
16.879
16.8819
16.8875
16.8924
16.9038
16.9087
16.9157
16.9169
16.9213
16.9263
16.9331
16.936
16.9393
16.9462
16.949
16.9568
16.9614
16.9668
16.9711
16.9728
16.9805
16.9848
16.9897
16.9967
17.0059
17.0083
17.0212
17.0266
17.0288
17.0345
17.0388
17.0455
17.0497
17.0528
17.0542
17.0625
17.0746
17.0805
17.0861
17.0895
17.0953
17.0962
17.1043
17.1077
17.1127
17.1224
17.1256
17.1354
17.1373
17.144
17.1463
17.1513
17.1553
17.1623
17.1634
17.1708
17.1735
17.182
17.1911
17.1918
17.1986
17.2036
17.2071
17.2116
17.2202
17.2251
17.2276
17.2306
17.2363
17.2394
17.2423
17.2465
17.2555
17.2591
17.2629
17.2645
17.2703
17.277
17.2844
17.2874
17.2923
17.2971
17.3019
17.3057
17.3083
17.3131
17.3204
17.3268
17.3284
17.3325
17.3374
17.3424
17.3436
17.3526
17.3576
17.3602
17.363
17.3736
17.3792
17.383
17.3859
17.3892
17.3992
17.4027
17.4062
17.4124
17.4155
17.4238
17.4276
17.4339
17.4358
17.443
17.449
17.455
17.457
17.4664
17.4695
17.4708
17.4766
17.4819
17.4862
17.4906
17.497
17.4988
17.5044
17.5072
17.513
17.5214
17.5257
17.5326
17.5347
17.5382
17.545
17.5497
17.5562
17.5595
17.5619
17.5686
17.5748
17.5772
17.586
17.5948
17.5958
17.6034
17.609
17.6134
17.617
17.6208
17.6262
17.6323
17.6359
17.6387
17.644
17.646
17.6514
17.6559
17.6579
17.6616
17.6746
17.6773
17.6823
17.6869
17.6898
17.6926
17.6967
17.6993
17.71
17.714
17.7203
17.7228
17.7268
17.7269
17.7354
17.7386
17.7461
17.7538
17.7571
17.7615
17.7654
17.7674
17.769
17.7814
17.7844
17.7851
17.7927
17.7956
17.7976
17.8059
17.8112
17.815
17.8187
17.8229
17.8237
17.8266
17.8345
17.8389
17.8458
17.8477
17.8545
17.8568
17.8635
17.8657
17.8738
17.8753
17.8808
17.885
17.8917
17.8986
17.9018
17.907
17.917
17.922
17.9262
17.9305
17.9342
17.9389
17.9462
17.9491
17.9581
17.9592
17.9635
17.9697
17.9765
17.9805
17.9851
17.9906
17.9962
18.0003
18.0039
18.0135
18.0282
18.0307
18.036
18.0394
18.0496
18.0535
18.0582
18.062
18.0634
18.0676
18.0704
18.0764
18.0877
18.0924
18.0978
18.1006
18.111
18.1161
18.1176
18.1219
18.129
18.1329
18.1362
18.1427
18.1473
18.1545
18.1659
18.1709
18.1716
18.1807
18.1838
18.1857
18.19
18.1978
18.2042
18.2078
18.2131
18.2195
18.2257
18.2329
18.2455
18.25
18.2568
18.2611
18.2646
18.2697
18.2751
18.2785
18.2848
18.2959
18.2986
18.3052
18.3114
18.3123
18.3189
18.3258
18.3265
18.3343
18.3386
18.3429
18.3538
18.3605
18.3647
18.3652
18.3726
18.3757
18.3878
18.3904
18.4006
18.4069
18.4104
18.4191
18.4257
18.4307
18.4342
18.4374
18.453
18.4537
18.4594
18.4631
18.4686
18.4736
18.4805
18.4839
18.498
18.5011
18.5052
18.5056
18.5132
18.5202
18.5279
18.5285
18.5368
18.5493
18.5534
18.5582
18.5655
18.5743
18.5763
18.58
18.5877
18.592
18.6012
18.6067
18.614
18.6161
18.6178
18.6279
18.6364
18.6437
18.6452
18.6476
18.6595
18.6603
18.6742
18.6775
18.6862
18.692
18.7061
18.7104
18.7133
18.7174
18.7215
18.7279
18.7361
18.7427
18.7492
18.7549
18.7619
18.768
18.7781
18.7793
18.7832
18.7904
18.7937
18.8048
18.8143
18.8211
18.8215
18.8312
18.8377
18.8409
18.8464
18.8617
18.8628
18.8726
18.8742
18.8875
18.8923
18.9018
18.9088
18.9177
18.925
18.9298
18.9343
18.9406
18.9481
18.9503
18.9525
18.9683
18.9705
18.9737
18.9891
18.9934
18.9962
19.0086
19.0119
19.0219
19.0274
19.032
19.0429
19.0476
19.0538
19.0661
19.0679
19.0725
19.0798
19.0837
19.0865
19.0938
19.0983
19.105
19.1213
19.1259
19.1304
19.1338
19.1371
19.1421
19.1471
19.1596
19.1673
19.1703
19.1765
19.1819
19.1968
19.2028
19.2086
19.2164
19.225
19.2296
19.2319
19.2372
19.2433
19.2441
19.2476
19.2554
19.2618
19.2687
19.2789
19.2817
19.2876
19.2951
19.303
19.3112
19.3198
19.3244
19.3303
19.3366
19.3394
19.3412
19.3489
19.3525
19.3583
19.3674
19.3726
19.3748
19.3778
19.387
19.4003
19.4043
19.4068
19.4133
19.4232
19.4261
19.4314
19.4392
19.4416
19.4474
19.4587
19.4622
19.4728
19.4819
19.4878
19.4913
19.5003
19.508
19.524
19.533
19.5354
19.5373
19.5447
19.5475
19.5538
19.557
19.5615
19.5684
19.5725
19.5794
19.5979
19.6079
19.6144
19.6209
19.6288
19.6341
19.638
19.6421
19.6499
19.6627
19.6672
19.675
19.683
19.6897
19.6958
19.7012
19.7059
19.7138
19.7228
19.7329
19.7356
19.7414
19.75
19.7571
19.7581
19.7686
19.7745
19.7794
19.789
19.7954
19.7977
19.8148
19.8191
19.8262
19.8342
19.8378
19.8433
19.849
19.8562
19.8675
19.8723
19.8814
19.9016
19.9047
19.9145
19.9205
19.9219
19.9337
19.9379
19.9416
19.9507
19.9619
19.9659
19.9733
19.9865
19.9928
19.9958
20.0057
20.0077
20.0192
20.0223
20.0298
20.037
20.0539
20.0618
20.0668
20.0746
20.081
20.0898
20.0991
20.1018
20.1067
20.1132
20.1142
20.1319
20.1426
20.1446
20.1583
20.16
20.1713
20.1747
20.191
20.2028
20.2112
20.2136
20.2196
20.2291
20.2324
20.2383
20.2476
20.262
20.2652
20.2717
20.279
20.2831
20.2899
20.2943
20.305
20.313
20.3208
20.3297
20.3305
20.3396
20.3463
20.3495
20.3567
20.3741
20.3826
20.3904
20.3914
20.4016
20.4051
20.4103
20.4224
20.4241
20.4328
20.4392
20.4472
20.4568
20.4678
20.4718
20.4791
20.488
20.4895
20.4933
20.4983
20.5058
20.5176
20.5224
20.5249
20.5332
20.5364
20.5442
20.5541
20.5616
20.5754
20.5819
20.5876
20.6019
20.6052
20.6098
20.615
20.6292
20.6444
20.651
20.6569
20.6655
20.6708
20.6741
20.682
20.684
20.6975
20.6996
20.7031
20.712
20.7152
20.7244
20.7266
20.7373
20.7509
20.7571
20.7667
20.7681
20.7739
20.7777
20.788
20.7957
20.8006
20.8144
20.8231
20.8275
20.8378
20.8452
20.8557
20.8704
20.8769
20.8839
20.888
20.8938
20.9017
20.9102
20.9256
20.9359
20.9518
20.9611
20.9673
20.9769
20.9872
20.9987
21.0031
21.0103
21.017
21.0241
21.0342
21.039
21.0402
21.0538
21.0719
21.0791
21.0847
21.0938
21.0993
21.107
21.1122
21.1206
21.1345
21.1384
21.1489
21.161
21.1682
21.1833
21.1918
21.1948
21.208
21.2297
21.2322
21.2335
21.2465
21.2542
21.256
21.2643
21.2719
21.2823
21.2855
21.2921
21.3063
21.3081
21.3132
21.3284
21.3434
21.3471
21.3504
21.3574
21.3723
21.3765
21.3925
21.4013
21.4216
21.4262
21.434
21.4451
21.4489
21.4567
21.4616
21.4742
21.4845
21.4867
21.4896
21.5074
21.5134
21.5253
21.5355
21.5381
21.5477
21.5608
21.5692
21.585
21.5881
21.598
21.604
21.6218
21.6244
21.6321
21.6435
21.6553
21.6641
21.6758
21.6816
21.6867
21.6891
21.7068
21.7093
21.71
21.7188
21.7306
21.7385
21.7484
21.7564
21.7689
21.786
21.7913
21.7957
21.8105
21.8114
21.8211
21.8234
21.8399
21.8432
21.8519
21.8658
21.8717
21.8834
21.8891
21.8997
21.9039
21.9146
21.9273
21.9324
21.938
21.9476
21.9539
21.9668
21.9686
21.9751
21.9776
21.9889
21.9926
22.0072
22.0154
22.0209
22.0288
22.037
22.0446
22.0461
22.0607
22.0673
22.0741
22.0815
22.0958
22.1002
22.114
22.1218
22.1267
22.1303
22.1401
22.1584
22.1595
22.1693
22.1801
22.1836
22.1957
22.2022
22.2057
22.2178
22.2232
22.2316
22.2327
22.2385
22.2491
22.2547
22.2585
22.2662
22.2722
22.2778
22.2819
22.2909
22.297
22.3044
22.3137
22.3263
22.3293
22.3429
22.3467
22.3565
22.357
22.3627
22.3733
22.3839
22.385
22.3892
22.3979
22.4173
22.4217
22.429
22.4344
22.4593
22.4649
22.4681
22.4817
22.4974
22.5148
22.5182
22.5265
22.5476
22.5528
22.5581
22.571
22.5736
22.591
22.6
22.6061
22.6275
22.6398
22.6468
22.6641
22.6657
22.684
22.6885
22.6988
22.7041
22.7192
22.746
22.7508
22.7667
22.7789
22.7815
22.7976
22.8035
22.8085
22.8149
22.8405
22.846
22.8588
22.8629
22.8734
22.8881
22.9034
22.9051
22.9154
22.9218
22.9269
22.9319
22.9441
22.9492
22.9712
22.9908
22.9985
23.0032
23.0128
23.022
23.0279
23.0415
23.0602
23.0615
23.0674
23.0709
23.0808
23.0909
23.1283
23.1297
23.1443
23.1576
23.1628
23.1777
23.1887
23.1941
23.2127
23.229
23.2354
23.2417
23.2442
23.2631
23.2705
23.2882
23.2947
23.3189
23.3291
23.332
23.3414
23.3497
23.367
23.3784
23.3962
23.4004
23.4163
23.4237
23.4457
23.4543
23.4583
23.4759
23.4859
23.5216
23.5234
23.5362
23.5559
23.5613
23.5623
23.5769
23.6
23.607
23.6225
23.6373
23.651
23.6563
23.6616
23.6751
23.7025
23.7076
23.7142
23.7251
23.7337
23.74
23.7563
23.7672
23.7793
23.7863
23.7997
23.8085
23.819
23.823
23.8342
23.838
23.8471
23.8485
23.8705
23.8774
23.8854
23.9082
23.9114
23.9182
23.9257
23.9271
23.9324
23.942
23.9478
23.9619
23.9722
23.9842
23.9937
23.9972
24.0085
24.0135
24.0169
24.0274
24.0381
24.0546
24.0661
24.0756
24.0827
24.091
24.107
24.1104
24.1204
24.1257
24.1433
24.1684
24.1887
24.1955
24.1985
24.2103
24.2215
24.2248
24.2375
24.2509
24.2765
24.2865
24.3124
24.3396
24.3597
24.3792
24.3899
24.3945
24.4082
24.4357
24.4419
24.4524
24.4684
24.4756
24.499
24.5089
24.5249
24.5584
24.5587
24.5798
24.6066
24.6249
24.6412
24.6702
24.7023
24.7116
24.7301
24.7342
24.7394
24.7716
24.7907
24.7958
24.8242
24.8311
24.8445
24.8689
24.8789
24.8928
24.9
24.9168
24.9218
24.9272
24.9422
24.9509
24.9688
24.9742
24.9897
25.0024
25.0144
25.0277
25.0411
25.056
25.0668
25.0738
25.102
25.1158
25.117
25.1332
25.1469
25.1565
25.2005
25.203
25.2189
25.2335
25.2466
25.2558
25.2809
25.2883
25.2975
25.3042
25.3414
25.3497
25.3507
25.383
25.3891
25.3972
25.4217
25.4271
25.458
25.4788
25.5006
25.5063
25.5308
25.5371
25.5492
25.5536
25.5614
25.5949
25.6108
25.6167
25.6186
25.6384
25.6497
25.6673
25.6774
25.6993
25.7091
25.7177
25.7542
25.7648
25.7849
25.8035
25.8192
25.8323
25.8464
25.8671
25.874
25.8947
25.9057
25.9186
25.937
25.9406
25.9555
25.9616
25.996
26.0292
26.0533
26.0597
26.0806
26.1107
26.1152
26.1339
26.1586
26.1714
26.1767
26.1929
26.203
26.2084
26.2181
26.2296
26.2382
26.2457
26.2742
26.2926
26.3148
26.3192
26.3355
26.3587
26.3644
26.3932
26.4008
26.42
26.4456
26.4633
26.4679
26.4857
26.506
26.5193
26.5359
26.5554
26.5734
26.6164
26.6346
26.6435
26.6531
26.6581
26.6679
26.6805
26.696
26.7058
26.7355
26.7485
26.7494
26.7674
26.7824
26.7904
26.8336
26.8504
26.8516
26.8618
26.8808
26.9142
26.9268
26.935
26.952
26.9592
26.9669
27.0162
27.0476
27.0575
27.0744
27.0773
27.1072
27.1122
27.131
27.1662
27.1706
27.1804
27.2114
27.2581
27.2869
27.3382
27.3448
27.3798
27.3859
27.4026
27.4159
27.4278
27.473
27.4829
27.4928
27.5047
27.528
27.5428
27.5514
27.5895
27.5988
27.6209
27.6331
27.6531
27.6563
27.6637
27.6928
27.7213
27.7356
27.744
27.7584
27.7835
27.8096
27.8149
27.8255
27.8328
27.8486
27.8585
27.8735
27.8784
27.8953
27.8999
27.9197
27.9463
27.9683
27.973
28.0018
28.0192
28.0314
28.0621
28.0993
28.124
28.1293
28.1534
28.1687
28.1918
28.2066
28.2396
28.2493
28.2519
28.2851
28.2992
28.3241
28.3307
28.3719
28.38
28.4086
28.416
28.4188
28.4372
28.4499
28.4596
28.4772
28.4945
28.5149
28.5253
28.5502
28.5548
28.5595
28.6059
28.6397
28.6562
28.6787
28.7148
28.7283
28.7562
28.7686
28.783
28.7867
28.8389
28.8566
28.8652
28.903
28.9128
28.9275
29.0023
29.0331
29.062
29.0637
29.0791
29.0838
29.0973
29.131
29.1446
29.1496
29.1837
29.1954
29.2073
29.2192
29.2747
29.2974
29.3109
29.3265
29.3332
29.3486
29.3804
29.4237
29.4944
29.5008
29.5139
29.5233
29.5565
29.5706
29.5761
29.5988
29.6009
29.6244
29.6553
29.7549
29.807
29.8217
29.8549
29.8781
29.8873
29.8988
29.924
29.9411
29.9973
30.031
30.0764
30.094
30.1152
30.1303
30.1722
30.194
30.2124
30.2309
30.2598
30.3333
30.3516
30.3856
30.4365
30.4696
30.4708
30.4924
30.5029
30.5717
30.5863
30.6232
30.6971
30.7098
30.7364
30.7964
30.8108
30.8589
30.8624
30.888
30.9051
30.9241
30.9639
30.9751
30.9762
31.0163
31.0356
31.1068
31.1546
31.196
31.2182
31.2324
31.25
31.2829
31.3142
31.3207
31.3627
31.4016
31.4118
31.424
31.529
31.5729
31.5925
31.6584
31.6871
31.6956
31.8273
31.8519
31.8618
31.8843
31.9242
31.9417
32.0146
32.0407
32.0902
32.1135
32.1622
32.1636
32.2018
32.2114
32.24
32.2791
32.3072
32.3461
32.3814
32.3948
32.4373
32.4554
32.4749
32.4841
32.4928
32.5571
32.5987
32.6774
32.6883
32.7289
32.7816
32.8648
32.9008
32.9071
32.9136
32.9505
32.976
33.0034
33.0196
33.0275
33.0399
33.0766
33.0835
33.0996
33.1344
33.2069
33.2255
33.2456
33.2572
33.333
33.35
33.3743
33.3836
33.4261
33.4743
33.4872
33.4978
33.5505
33.6287
33.6419
33.738
33.8186
33.8651
33.8871
33.9404
33.9568
33.9928
34.0233
34.0794
34.086
34.1169
34.1768
34.1808
34.2821
34.3213
34.3542
34.4049
34.4942
34.6133
34.6423
34.6806
34.7563
34.8151
34.84
34.8664
35.0231
35.1369
35.1855
35.237
35.2639
35.3138
35.3196
35.4043
35.4105
35.5155
35.6554
35.699
35.7075
35.7689
35.8001
35.8092
35.9998
36.0713
36.1706
36.4783
36.5555
36.5955
36.6748
36.7032
36.7462
36.7849
36.8663
36.9159
36.9527
36.9942
37.1158
37.1378
37.1727
37.2029
37.3044
37.426
37.4649
37.6047
37.9232
38.0103
38.066
38.1304
38.1346
38.1981
38.2283
38.2382
38.2882
38.3072
38.3772
38.4261
38.8387
38.8454
39.2405
39.3017
39.3598
39.3924
39.4084
39.6188
39.7019
39.8632
39.9596
40.8421
40.8929
41.0012
41.0896
41.1446
41.5483
41.6545
41.7775
42.512
42.5734
43.2515
43.3561
43.4339
43.4395
43.5355
44.0866
44.2707
45.1338
45.2118
46.2562
46.3015
48.8762
48.9751
50.9473
51.02
57.0554
