-45.1558 7
-44.0269 8
-42.898 2
-41.7691 25
-40.6402 12
-39.5113 10
-38.3824 18
-37.2535 31
-36.1246 60
-34.9957 95
-33.8668 79
-32.7379 157
-31.609 182
-30.4801 150
-29.3512 274
-28.2224 320
-27.0935 420
-25.9646 559
-24.8357 622
-23.7068 844
-22.5779 894
-21.449 1048
-20.3201 1205
-19.1912 1603
-18.0623 1782
-16.9334 1925
-15.8045 2146
-14.6756 2690
-13.5467 2817
-12.4178 3428
-11.2889 3371
-10.16 4065
-9.03115 4050
-7.90226 4214
-6.77336 4993
-5.64447 5239
-4.51558 5668
-3.38668 5658
-2.25779 5488
-1.12889 6504
0 6206
1.12889 6334
2.25779 6351
3.38668 5783
4.51558 6919
5.64447 6241
6.77336 6338
7.90226 6122
9.03115 5711
10.16 5708
11.2889 5346
12.4178 5422
13.5467 4987
14.6756 4522
15.8045 3994
16.9334 3474
18.0623 3436
19.1912 3283
20.3201 2887
21.449 2737
22.5779 2193
23.7068 2153
24.8357 1937
25.9646 1744
27.0935 1483
28.2224 1178
29.3512 968
30.4801 698
31.609 571
32.7379 552
33.8668 380
34.9957 362
36.1246 253
37.2535 248
38.3824 240
39.5113 236
40.6402 205
41.7691 177
42.898 109
44.0269 90
45.1558 33
