-40.2843 80
-36.9706 320
-34.641 512
-28.9706 2000
-25.6569 1600
-24.2843 160
-24 6400
-20.9706 3200
-20.7846 12800
-17.6569 8800
-14.3431 1600
-13.8564 10240
-12.9706 4000
-12 40960
-9.65685 16000
-8.28427 16
-8 25600
-6.9282 51200
-6.34315 8800
-4.97056 1600
-3.02944 320
-1.65685 17600
0 47616
1.65685 16000
3.02944 400
4 81920
4.97056 2000
6.34315 8000
6.9282 51200
8 28160
9.65685 17600
12.9706 3200
13.8564 10240
14.3431 1760
16.2843 80
17.6569 8000
20 8192
20.7846 12800
20.9706 4000
24 5120
25.6569 1760
28.9706 1600
32.2843 160
34.641 512
36.9706 400
40 256
48.2843 16
