-57.8989 1
-56.741 1
-55.583 0
-54.425 1
-53.267 0
-52.109 4
-50.9511 0
-49.7931 4
-48.6351 5
-47.4771 4
-46.3192 13
-45.1612 11
-44.0032 20
-42.8452 23
-41.6872 41
-40.5293 61
-39.3713 77
-38.2133 124
-37.0553 150
-35.8973 184
-34.7394 236
-33.5814 268
-32.4234 348
-31.2654 421
-30.1074 537
-28.9495 633
-27.7915 790
-26.6335 931
-25.4755 1101
-24.3176 1300
-23.1596 1481
-22.0016 1768
-20.8436 1955
-19.6856 2253
-18.5277 2521
-17.3697 2791
-16.2117 3081
-15.0537 3366
-13.8957 3722
-12.7378 4018
-11.5798 4344
-10.4218 4649
-9.26383 4888
-8.10585 5193
-6.94787 5376
-5.78989 5611
-4.63192 5805
-3.47394 5916
-2.31596 6020
-1.15798 6107
-7.10543e-15 6054
1.15798 6107
2.31596 6020
3.47394 5916
4.63192 5805
5.78989 5611
6.94787 5376
8.10585 5193
9.26383 4888
10.4218 4649
11.5798 4344
12.7378 4018
13.8957 3722
15.0537 3366
16.2117 3081
17.3697 2791
18.5277 2521
19.6856 2253
20.8436 1955
22.0016 1768
23.1596 1481
24.3176 1300
25.4755 1101
26.6335 931
27.7915 790
28.9495 633
30.1074 537
31.2654 421
32.4234 348
33.5814 268
34.7394 236
35.8973 184
37.0553 150
38.2133 124
39.3713 77
40.5293 61
41.6872 41
42.8452 23
44.0032 20
45.1612 11
46.3192 13
47.4771 4
48.6351 5
49.7931 4
50.9511 0
52.109 4
53.267 0
54.425 1
55.583 0
56.741 1
57.8989 1
