-29.8342
-29.8135
-29.6032
-29.5832
-27.7988
-27.7901
-27.701
-26.1582
-26.1507
-26.1425
-26.1349
-24.6063
-24.5981
-24.442
-24.4339
-24.4254
-24.4173
-24.1613
-24.1442
-23.315
-23.3081
-22.9209
-22.9126
-22.6601
-22.6513
-22.3734
-20.8981
-20.8923
-20.8873
-20.8818
-20.7816
-20.7763
-20.762
-20.7544
-20.6799
-20.6117
-20.5999
-20.5736
-20.5248
-20.4872
-20.4445
-20.4313
-20.3449
-20.3288
-19.5634
-19.4565
-19.3586
-19.3253
-19.3141
-19.2478
-19.2338
-19.2304
-19.2216
-19.217
-19.2135
-19.2102
-19.2079
-19.1998
-19.1701
-19.1576
-19.0895
-19.0855
-19.0317
-19.0165
-19.0071
-18.9989
-18.6706
-18.6701
-18.6676
-18.6579
-18.6418
-18.6391
-18.2557
-17.9058
-17.8921
-17.8731
-17.8619
-17.5464
-17.5352
-17.5243
-17.5127
-17.4994
-17.4908
-17.3278
-17.3243
-17.2471
-17.2446
-17.2115
-17.2028
-16.939
-16.9279
-16.8677
-16.8553
-16.7738
-16.7713
-16.6379
-16.6303
-16.6221
-16.6113
-16.6051
-16.5938
-16.5873
-16.5855
-16.5816
-16.5793
-16.4838
-16.483
-16.354
-16.3428
-16.336
-16.3257
-16.3234
-16.3178
-16.3108
-16.3027
-15.8597
-15.7914
-15.7421
-15.7341
-15.7207
-15.6954
-15.685
-15.6203
-15.4984
-15.4908
-15.4863
-15.4788
-15.4127
-15.3884
-15.3775
-15.3473
-15.3238
-15.3133
-15.2491
-15.2415
-15.234
-15.2317
-15.2292
-15.2278
-15.2216
-15.2159
-15.1601
-15.1559
-15.1346
-15.1243
-15.0852
-15.0562
-15.0188
-15.0074
-14.8059
-14.8007
-14.7966
-14.7818
-14.6964
-14.6803
-14.6309
-14.608
-14.4199
-14.2418
-14.208
-14.0949
-14.0817
-14.0761
-14.0662
-13.9548
-13.9445
-13.9379
-13.9333
-13.9324
-13.9241
-13.8688
-13.8629
-13.8531
-13.8496
-13.848
-13.846
-13.8459
-13.8439
-13.8401
-13.8301
-13.822
-13.7721
-13.7627
-13.6103
-13.6003
-13.5307
-13.5255
-13.5228
-13.5209
-13.5163
-13.5116
-13.4327
-13.4295
-13.2966
-13.2506
-13.2476
-13.2435
-13.2273
-13.2241
-13.2019
-13.1995
-13.0095
-12.9548
-12.9489
-12.9433
-12.9371
-12.9337
-12.824
-12.7941
-12.6277
-12.6081
-12.46
-12.4326
-12.3682
-12.3582
-12.3451
-12.3322
-12.3267
-12.316
-12.305
-12.3007
-12.2995
-12.2955
-12.2937
-12.29
-12.2895
-12.2876
-12.2872
-12.281
-12.2788
-12.2776
-12.2698
-12.2563
-12.2386
-12.2341
-12.1977
-12.1957
-12.0949
-12.0852
-12.077
-12.0631
-12.0516
-12.0344
-11.9918
-11.9897
-11.9598
-11.9583
-11.9348
-11.9335
-11.7686
-11.7268
-11.6453
-11.6328
-11.5835
-11.5762
-11.5093
-11.4973
-11.4232
-11.3952
-11.3827
-11.3788
-11.3549
-11.3183
-11.313
-11.3043
-11.2995
-11.2843
-11.2797
-11.2474
-11.2347
-11.2284
-11.2263
-11.2205
-11.2083
-11.2064
-11.1863
-11.1767
-11.1346
-11.1118
-11.0937
-11.0859
-11.0831
-11.045
-11.0281
-11.0222
-11.0189
-10.9909
-10.9835
-10.9616
-10.9568
-10.9429
-10.9396
-10.9382
-10.9355
-10.9337
-10.9307
-10.9284
-10.9276
-10.926
-10.9145
-10.9135
-10.9053
-10.888
-10.8821
-10.804
-10.801
-10.6448
-10.6428
-10.6393
-10.6112
-10.6001
-10.5906
-10.5867
-10.5853
-10.4855
-10.4773
-10.4441
-10.4422
-10.4025
-10.3913
-10.3796
-10.3615
-10.3563
-10.3551
-10.338
-10.2885
-10.2864
-10.28
-10.1974
-10.1919
-10.1865
-10.1716
-10.1656
-10.1467
-10.1082
-10.0943
-10.0762
-10.0581
-9.99294
-9.98752
-9.97813
-9.96632
-9.96329
-9.9619
-9.96011
-9.95615
-9.95512
-9.95129
-9.9488
-9.94765
-9.94309
-9.93882
-9.93837
-9.9331
-9.92106
-9.8569
-9.85468
-9.85133
-9.84902
-9.84872
-9.84346
-9.78032
-9.76892
-9.76433
-9.75134
-9.74187
-9.72807
-9.70722
-9.69143
-9.6609
-9.65978
-9.65435
-9.64326
-9.61846
-9.61245
-9.57623
-9.5745
-9.56184
-9.55294
-9.55047
-9.54506
-9.541
-9.53285
-9.53084
-9.52661
-9.52309
-9.5194
-9.51769
-9.50946
-9.40008
-9.3963
-9.37446
-9.37101
-9.26767
-9.24888
-9.17046
-9.16256
-9.16128
-9.15417
-8.96284
-8.87301
-8.86855
-8.86626
-8.86287
-8.85872
-8.80377
-8.79754
-8.76329
-8.73894
-8.57059
-8.5667
-8.56374
-8.55868
-8.54363
-8.53963
-8.53195
-8.52806
-8.51626
-8.45679
-8.44588
-8.4228
-8.41288
-8.41071
-8.40782
-8.33806
-8.3204
-8.31581
-8.31311
-8.31072
-8.31049
-8.30317
-8.29497
-8.28651
-8.25975
-8.23301
-8.1918
-8.09981
-8.09233
-8.08908
-8.08462
-8.07293
-8.07241
-8.04749
-8.03619
-8.03139
-8.00501
-7.99246
-7.9869
-7.95247
-7.94471
-7.93278
-7.92998
-7.91926
-7.88158
-7.86529
-7.85878
-7.85607
-7.85003
-7.8469
-7.83776
-7.8238
-7.81731
-7.81396
-7.78985
-7.77785
-7.76304
-7.75372
-7.7462
-7.73793
-7.72713
-7.72549
-7.715
-7.6918
-7.67236
-7.65159
-7.59036
-7.50968
-7.49296
-7.35095
-7.34185
-7.33659
-7.33117
-7.31919
-7.31351
-7.13469
-7.1087
-7.09256
-7.07355
-7.04417
-7.03917
-7.03723
-7.03232
-7.02965
-7.02564
-7.02229
-7.0197
-7.01287
-7.0125
-7.00766
-7.00684
-7.0024
-7.00073
-6.99315
-6.99152
-6.99014
-6.98537
-6.98409
-6.98389
-6.97664
-6.96842
-6.9677
-6.95273
-6.95135
-6.94778
-6.9469
-6.93848
-6.93567
-6.93166
-6.92997
-6.92817
-6.92723
-6.92653
-6.92626
-6.92516
-6.92203
-6.92047
-6.91926
-6.91442
-6.91255
-6.9118
-6.90374
-6.90306
-6.9025
-6.89494
-6.88398
-6.88103
-6.86597
-6.84991
-6.84906
-6.84089
-6.83217
-6.82148
-6.81649
-6.79862
-6.79055
-6.7645
-6.70807
-6.7032
-6.69503
-6.68467
-6.66692
-6.66475
-6.64362
-6.62439
-6.61719
-6.61574
-6.60998
-6.59132
-6.58422
-6.58374
-6.49184
-6.48546
-6.46929
-6.46757
-6.46438
-6.44705
-6.41905
-6.41315
-6.11442
-6.10336
-6.09979
-6.09215
-6.07451
-6.06524
-6.05064
-6.04448
-6.04008
-6.01172
-5.99875
-5.986
-5.98422
-5.97154
-5.94735
-5.93549
-5.93129
-5.93001
-5.92764
-5.91208
-5.9102
-5.90385
-5.89261
-5.88098
-5.86428
-5.85671
-5.8306
-5.80912
-5.80549
-5.79074
-5.76463
-5.75067
-5.74948
-5.73093
-5.71153
-5.68096
-5.67831
-5.67771
-5.67286
-5.67053
-5.6639
-5.66087
-5.6528
-5.64952
-5.64886
-5.6432
-5.63926
-5.63625
-5.63208
-5.62539
-5.6192
-5.60129
-5.59928
-5.5865
-5.58546
-5.57749
-5.57468
-5.55992
-5.55394
-5.54972
-5.5378
-5.51914
-5.50043
-5.45925
-5.41006
-5.4032
-5.3973
-5.38922
-5.38642
-5.38311
-5.38147
-5.38031
-5.37703
-5.37602
-5.3561
-5.35422
-5.34448
-5.34303
-5.31902
-5.30935
-5.2837
-5.2815
-5.27609
-5.27424
-5.21108
-5.19706
-5.18389
-5.17758
-5.17655
-5.17494
-5.16778
-5.1587
-5.1492
-5.14765
-5.14401
-5.13283
-5.13028
-5.12898
-5.07585
-5.07038
-5.0664
-5.06243
-5.05392
-5.05239
-5.04093
-5.03784
-5.03437
-5.00794
-4.96103
-4.96073
-4.94269
-4.93477
-4.90447
-4.89194
-4.87275
-4.85493
-4.85227
-4.83611
-4.83566
-4.79611
-4.79549
-4.79072
-4.78134
-4.77281
-4.77038
-4.67039
-4.66506
-4.65322
-4.64866
-4.58946
-4.58229
-4.57575
-4.57272
-4.57071
-4.56858
-4.56723
-4.56245
-4.56206
-4.55833
-4.48733
-4.48118
-4.46903
-4.46277
-4.45182
-4.44162
-4.37624
-4.35079
-4.34337
-4.33775
-4.33524
-4.33119
-4.33025
-4.27944
-4.2705
-4.26805
-4.25855
-4.25818
-4.25693
-4.25184
-4.24608
-4.2336
-4.20862
-4.17217
-4.16467
-4.15955
-4.15186
-4.14297
-4.12671
-4.12657
-4.12513
-4.08364
-4.06283
-4.0566
-4.05153
-4.0387
-4.03863
-4.03638
-4.03403
-4.02837
-4.02519
-4.02501
-4.01991
-4.01168
-4.00751
-4.00473
-4.00451
-3.99857
-3.9954
-3.98553
-3.98475
-3.96846
-3.96795
-3.96179
-3.95949
-3.94488
-3.91462
-3.91102
-3.9002
-3.89534
-3.89379
-3.88523
-3.88065
-3.85852
-3.85257
-3.8524
-3.80943
-3.8076
-3.80268
-3.80166
-3.79053
-3.76394
-3.7587
-3.75272
-3.7092
-3.69011
-3.68477
-3.68174
-3.65858
-3.65188
-3.63352
-3.59199
-3.56413
-3.5575
-3.5533
-3.54643
-3.52926
-3.52748
-3.51942
-3.49179
-3.47976
-3.41167
-3.36709
-3.36344
-3.36158
-3.27592
-3.27263
-3.20613
-3.18909
-3.17916
-3.1738
-3.14425
-3.13757
-3.12877
-3.11416
-3.10916
-3.09776
-3.07429
-3.07198
-3.06727
-3.05891
-3.05151
-3.05123
-3.04315
-3.04113
-3.03479
-3.03034
-2.99762
-2.99333
-2.99194
-2.98097
-2.98022
-2.97531
-2.97275
-2.97077
-2.96236
-2.95873
-2.95768
-2.95362
-2.95261
-2.95157
-2.95078
-2.94987
-2.94321
-2.94189
-2.94012
-2.94002
-2.93662
-2.93416
-2.93347
-2.93206
-2.93023
-2.928
-2.92648
-2.91997
-2.91653
-2.91317
-2.90443
-2.89297
-2.88467
-2.86893
-2.86891
-2.86189
-2.85791
-2.84854
-2.84763
-2.84497
-2.83312
-2.80559
-2.77267
-2.76522
-2.76025
-2.7549
-2.75094
-2.74045
-2.73855
-2.72583
-2.72395
-2.72057
-2.7093
-2.69315
-2.66233
-2.6518
-2.63587
-2.63558
-2.62726
-2.62402
-2.62293
-2.61529
-2.61483
-2.61031
-2.60921
-2.60454
-2.57419
-2.55495
-2.55083
-2.49944
-2.46444
-2.45742
-2.43783
-2.42364
-2.40037
-2.38387
-2.27351
-2.25869
-2.24901
-2.24696
-2.22659
-2.22548
-2.22355
-2.20417
-2.20153
-2.17468
-2.16253
-2.13317
-2.11971
-2.09164
-2.08646
-2.08235
-2.07711
-2.05909
-2.0532
-2.04695
-2.02821
-2.02174
-2.01661
-2.01117
-2.00799
-2.00434
-1.97815
-1.96627
-1.96149
-1.95615
-1.95437
-1.95389
-1.94831
-1.93414
-1.92784
-1.92338
-1.90458
-1.89202
-1.89044
-1.87681
-1.87359
-1.86386
-1.85695
-1.84441
-1.83914
-1.83256
-1.82517
-1.82004
-1.81524
-1.81211
-1.80723
-1.7979
-1.79051
-1.77765
-1.76539
-1.76224
-1.75358
-1.73903
-1.7321
-1.72755
-1.7247
-1.7186
-1.70483
-1.70126
-1.69916
-1.69706
-1.69386
-1.68788
-1.68444
-1.67492
-1.6705
-1.66744
-1.66456
-1.65993
-1.65734
-1.65472
-1.64944
-1.64521
-1.64387
-1.64281
-1.64084
-1.63941
-1.63625
-1.63554
-1.6332
-1.6271
-1.62435
-1.62115
-1.61884
-1.61226
-1.60814
-1.60174
-1.59129
-1.58853
-1.58647
-1.57229
-1.57173
-1.5646
-1.56383
-1.54107
-1.53725
-1.53115
-1.49301
-1.49128
-1.48095
-1.47981
-1.47546
-1.46565
-1.43117
-1.42662
-1.41161
-1.41025
-1.40943
-1.39845
-1.39697
-1.38693
-1.38178
-1.37242
-1.34153
-1.3374
-1.31607
-1.29496
-1.24301
-1.23266
-1.17633
-1.17293
-1.17134
-1.16542
-1.14085
-1.13624
-1.1338
-1.12726
-1.11506
-1.10972
-1.10855
-1.10754
-1.09582
-1.09497
-1.09191
-1.07735
-1.07699
-1.06788
-1.04996
-1.02331
-1.01649
-1.0086
-1.00537
-0.995026
-0.974342
-0.954399
-0.926003
-0.921568
-0.919885
-0.917367
-0.914362
-0.912102
-0.909039
-0.883369
-0.851404
-0.826124
-0.822961
-0.801463
-0.792082
-0.779177
-0.744614
-0.736159
-0.731782
-0.725421
-0.718169
-0.708618
-0.67183
-0.661651
-0.654464
-0.645782
-0.613913
-0.607501
-0.60313
-0.593748
-0.592124
-0.575874
-0.545508
-0.536999
-0.533152
-0.501233
-0.48977
-0.481278
-0.470181
-0.468738
-0.456828
-0.44938
-0.437876
-0.385763
-0.382189
-0.373209
-0.371783
-0.367122
-0.358073
-0.342617
-0.290628
-0.280276
-0.270759
-0.265166
-0.232197
-0.206125
-0.195848
-0.185419
-0.178024
-0.154525
-0.148037
-0.143411
-0.140187
-0.13897
-0.136889
-0.134181
-0.130455
-0.129137
-0.123164
-0.121028
-0.112344
-0.102162
-0.10077
-0.0943066
-0.0886947
-0.08787
-0.0776057
-0.0771768
-0.0667135
-0.0592439
-0.0564787
-0.0519182
-0.049202
-0.0445028
-0.0425109
-0.0387317
-0.0383692
-0.0368685
-0.0357117
-0.0309474
-0.0300133
-0.0229713
-0.0215832
-0.0202153
-0.0174748
-0.0161779
-0.0155324
-0.0139552
-0.0132671
-0.0116294
-0.0104376
-0.00821597
-0.00694882
-0.00686429
-0.00346217
-0.00271581
-0.00095002
0
0.000157404
0.00276526
0.00562308
0.00672062
0.00755075
0.012704
0.0187726
0.0227219
0.0284378
0.0315937
0.035531
0.048329
0.0528373
0.0587118
0.0602177
0.0632346
0.0650401
0.0810019
0.0850584
0.0882472
0.0940892
0.0968399
0.103086
0.112297
0.117806
0.120017
0.125756
0.129926
0.135512
0.138911
0.140251
0.141345
0.152971
0.172637
0.182546
0.241903
0.253221
0.260615
0.300903
0.304669
0.339604
0.362112
0.377142
0.390543
0.405796
0.441448
0.479598
0.497104
0.58083
0.593384
0.595834
0.612786
0.636758
0.642333
0.653301
0.66276
0.667325
0.68751
0.747716
0.754346
0.75545
0.76088
0.761538
0.775307
0.849336
0.864652
0.868174
0.895362
0.895446
0.89763
0.902946
0.90861
0.924446
0.933126
0.940104
0.947707
0.957652
0.96989
0.975633
0.982003
0.983108
0.984176
0.997437
1.02565
1.03189
1.04333
1.04617
1.05715
1.06519
1.0747
1.08096
1.08376
1.08793
1.09113
1.0933
1.09959
1.10539
1.10865
1.11885
1.12128
1.12273
1.12634
1.12694
1.13007
1.13741
1.13836
1.14233
1.16483
1.16531
1.1915
1.20311
1.20742
1.20776
1.21658
1.22256
1.22321
1.2282
1.23613
1.24228
1.24697
1.25713
1.25901
1.264
1.27271
1.27506
1.27764
1.28312
1.28514
1.28938
1.29404
1.35117
1.35934
1.36805
1.37407
1.38251
1.41034
1.41392
1.43728
1.5113
1.52331
1.52757
1.53865
1.57275
1.61953
1.62737
1.63655
1.65008
1.66886
1.6818
1.71907
1.72059
1.725
1.73028
1.74063
1.74282
1.74649
1.75455
1.76476
1.77418
1.78455
1.80121
1.80724
1.82759
1.83325
1.83337
1.84202
1.85225
1.86588
1.86803
1.87874
1.88896
1.91438
1.91612
1.92011
1.93553
1.95006
1.95029
1.96569
1.98489
1.99027
1.99785
2.00491
2.01329
2.01649
2.03676
2.0381
2.05428
2.0633
2.07273
2.0799
2.0875
2.10916
2.15035
2.1826
2.19668
2.20429
2.2117
2.21835
2.23011
2.23922
2.24371
2.26931
2.27533
2.31171
2.32334
2.33572
2.34306
2.34705
2.35165
2.35383
2.3614
2.36461
2.3694
2.36954
2.37989
2.39107
2.40681
2.4202
2.42348
2.42466
2.43068
2.43081
2.44505
2.45911
2.46894
2.47435
2.47787
2.49103
2.49549
2.51347
2.51747
2.52575
2.54038
2.54255
2.55181
2.55605
2.56813
2.57059
2.57764
2.59937
2.6222
2.66224
2.70336
2.70923
2.71155
2.71523
2.71755
2.72799
2.73395
2.73449
2.74042
2.74895
2.77547
2.77849
2.78832
2.79128
2.79487
2.80082
2.81467
2.8487
2.8508
2.86123
2.86942
2.87194
2.8724
2.8781
2.88117
2.88693
2.8931
2.89425
2.89864
2.89885
2.90025
2.90089
2.9069
2.90811
2.91322
2.91953
2.92106
2.92132
2.92376
2.92607
2.92881
2.93411
2.93592
2.93787
2.94013
2.94484
2.94733
2.95046
2.95682
2.95929
2.96063
3.00881
3.01467
3.01745
3.024
3.07395
3.09832
3.12597
3.17971
3.18233
3.2124
3.21395
3.22443
3.23772
3.24997
3.25629
3.26976
3.28627
3.30665
3.31078
3.33726
3.34565
3.36554
3.3717
3.37849
3.39541
3.40481
3.47879
3.51028
3.51967
3.54321
3.5643
3.58401
3.58839
3.61951
3.63365
3.64312
3.66159
3.67015
3.67213
3.68107
3.68846
3.69393
3.69462
3.71326
3.7215
3.73595
3.7363
3.75046
3.7545
3.77338
3.78191
3.78223
3.78613
3.79262
3.80527
3.80696
3.81077
3.81455
3.82472
3.82802
3.8317
3.83616
3.84081
3.84443
3.85347
3.85488
3.85675
3.85871
3.86644
3.87141
3.87314
3.87684
3.87815
3.88297
3.88762
3.88879
3.89466
3.89827
3.90285
3.90524
3.90653
3.90939
3.91708
3.91721
3.91979
3.92516
3.9275
3.92788
3.93437
3.93468
3.93575
3.93807
3.93917
3.94253
3.94695
3.94837
3.95077
3.95289
3.95364
3.95396
3.95644
3.95791
3.96154
3.96484
3.96637
3.96881
3.97174
3.97341
3.97746
3.97926
3.98191
3.98652
3.98765
3.98907
3.98996
3.99316
3.99697
4.00333
4.00425
4.0075
4.00881
4.01398
4.01453
4.02054
4.02222
4.02774
4.03214
4.03595
4.04524
4.05025
4.05186
4.05803
4.06725
4.07436
4.09514
4.09829
4.09958
4.10065
4.10342
4.1103
4.11456
4.11783
4.11992
4.13498
4.14278
4.15282
4.17924
4.18909
4.19519
4.20174
4.22007
4.23085
4.32286
4.33367
4.37573
4.38711
4.41594
4.42907
4.44185
4.54323
4.55704
4.59894
4.59976
4.62789
4.64949
4.66974
4.67483
4.68431
4.70501
4.71877
4.73744
4.73797
4.75409
4.78091
4.81005
4.81316
4.82352
4.83859
4.85995
4.86984
4.89639
4.90328
4.94462
4.94998
4.97001
4.97719
4.98832
4.99253
4.99481
4.99572
5.01321
5.02372
5.02866
5.03261
5.04315
5.05169
5.05211
5.058
5.06386
5.07835
5.08751
5.09526
5.10382
5.10909
5.1093
5.12556
5.1342
5.14023
5.16112
5.16335
5.1712
5.22997
5.23929
5.25134
5.25649
5.25873
5.25978
5.26333
5.26744
5.26794
5.27077
5.27161
5.27446
5.27758
5.27868
5.28308
5.28509
5.28913
5.30434
5.31302
5.32119
5.3879
5.42185
5.42764
5.44523
5.4539
5.4644
5.47942
5.48413
5.48787
5.4927
5.50272
5.51157
5.51742
5.53535
5.54174
5.55068
5.56126
5.57804
5.58566
5.597
5.60219
5.61314
5.61485
5.6419
5.64359
5.6456
5.65165
5.65397
5.66695
5.66757
5.68541
5.68621
5.69766
5.70098
5.71577
5.72407
5.73279
5.76386
5.76845
5.81399
5.82909
5.83918
5.84389
5.84701
5.85069
5.85758
5.87678
5.87746
5.90833
5.92385
5.9551
5.95686
5.9623
5.97129
5.97315
5.98097
5.99777
6.00708
6.01552
6.0164
6.03659
6.06528
6.07369
6.09556
6.10681
6.11397
6.11674
6.12371
6.14813
6.15311
6.15875
6.28433
6.28522
6.29541
6.29881
6.31446
6.31795
6.3392
6.37555
6.39094
6.4134
6.45184
6.4734
6.50466
6.51429
6.52186
6.52939
6.53846
6.55583
6.58786
6.6095
6.62234
6.62299
6.62918
6.64858
6.64963
6.65589
6.666
6.67048
6.68832
6.69132
6.69338
6.70924
6.71214
6.71314
6.72282
6.72384
6.74404
6.74607
6.75188
6.75465
6.76132
6.76341
6.76647
6.77834
6.78741
6.79416
6.80109
6.80846
6.81552
6.81708
6.81873
6.8226
6.83286
6.83378
6.83603
6.8397
6.84272
6.85043
6.85336
6.85494
6.85628
6.85974
6.86302
6.86487
6.86763
6.87043
6.8709
6.87678
6.87885
6.8811
6.88781
6.89179
6.89674
6.89964
6.9058
6.90802
6.9146
6.91963
6.92206
6.92219
6.93229
6.93447
6.93653
6.94207
6.94869
6.94989
6.95557
6.95985
6.97519
6.97747
6.98468
6.98975
7.01162
7.01375
7.03654
7.05219
7.06132
7.08882
7.09885
7.10992
7.12334
7.12671
7.153
7.15682
7.16542
7.20001
7.22702
7.23578
7.25133
7.26785
7.27068
7.27648
7.29029
7.30093
7.31341
7.38061
7.38491
7.40384
7.40905
7.41817
7.43858
7.50353
7.51551
7.53308
7.54508
7.55004
7.59362
7.60376
7.61636
7.63215
7.63506
7.65704
7.66262
7.66736
7.67058
7.68568
7.68907
7.69245
7.70318
7.7256
7.73225
7.74059
7.75583
7.76336
7.76423
7.77403
7.77541
7.78847
7.79074
7.79842
7.80091
7.80541
7.82931
7.83831
7.83902
7.84818
7.85583
7.85942
7.86292
7.87182
7.87381
7.87809
7.882
7.88998
7.89307
7.89454
7.90439
7.9098
7.9112
7.92055
7.92303
7.9261
7.93471
7.94159
7.95141
7.95989
7.96415
7.96457
7.97571
7.97751
7.98491
7.98827
7.98983
7.99482
7.99617
7.99961
8.01077
8.01718
8.01845
8.02413
8.02867
8.03093
8.03225
8.03594
8.0436
8.04503
8.06605
8.06759
8.08191
8.09113
8.10938
8.11336
8.13647
8.17367
8.17789
8.18877
8.20652
8.20946
8.21068
8.22356
8.23892
8.25036
8.27194
8.27814
8.28587
8.29273
8.29784
8.31733
8.33424
8.37369
8.38142
8.38984
8.4043
8.40725
8.4239
8.42873
8.44078
8.44407
8.48058
8.4873
8.50443
8.52413
8.54616
8.56477
8.57093
8.59206
8.6146
8.64096
8.65261
8.66626
8.67401
8.68372
8.70414
8.73146
8.74715
8.75213
8.76987
8.77607
8.78039
8.78745
8.80791
8.82483
8.82893
8.8334
8.83575
8.8376
8.84871
8.88223
8.89215
8.89618
8.90116
8.90314
8.91039
8.9261
8.93557
8.94684
8.95299
8.95915
8.96677
8.97328
8.98036
8.98951
9.00781
9.01047
9.02147
9.03623
9.03901
9.06272
9.07713
9.08271
9.09562
9.11485
9.11719
9.11947
9.13572
9.13693
9.15572
9.15787
9.16808
9.16942
9.17592
9.18067
9.18502
9.20099
9.20785
9.21448
9.24738
9.25134
9.25176
9.26153
9.26348
9.27498
9.27832
9.27988
9.2872
9.30306
9.32385
9.34612
9.37392
9.37634
9.39231
9.39785
9.40045
9.42688
9.4322
9.43498
9.45236
9.45731
9.46507
9.46792
9.47436
9.47929
9.49526
9.49966
9.50749
9.51207
9.51426
9.51657
9.52068
9.52447
9.53616
9.53921
9.54681
9.54822
9.55542
9.57614
9.57659
9.58197
9.58354
9.59825
9.59985
9.60504
9.60805
9.63032
9.64659
9.65405
9.65614
9.66118
9.66528
9.67027
9.67519
9.67738
9.68292
9.69091
9.69903
9.70737
9.7114
9.71906
9.73331
9.7449
9.75045
9.7584
9.76142
9.77273
9.78974
9.80162
9.80659
9.81463
9.81777
9.828
9.83055
9.83639
9.84168
9.84651
9.85161
9.85716
9.86136
9.86635
9.86736
9.87402
9.87902
9.95762
10.0029
10.0058
10.0174
10.1065
10.1165
10.173
10.2102
10.2356
10.2403
10.2463
10.2479
10.2531
10.2599
10.2673
10.2854
10.2893
10.3036
10.3194
10.3321
10.3495
10.367
10.3908
10.4237
10.4544
10.4919
10.4976
10.5186
10.53
10.5351
10.5437
10.5545
10.5611
10.5621
10.5655
10.5687
10.5828
10.5842
10.5958
10.6107
10.6192
10.6354
10.6437
10.6593
10.661
10.6753
10.6809
10.6839
10.6955
10.7114
10.7133
10.7201
10.7271
10.7296
10.7354
10.7376
10.7491
10.7534
10.7577
10.7671
10.7676
10.7701
10.7758
10.78
10.7849
10.7872
10.7978
10.8073
10.8139
10.8182
10.8208
10.824
10.8262
10.8294
10.8392
10.8428
10.8439
10.8445
10.8519
10.853
10.8655
10.8691
10.8712
10.878
10.8799
10.8834
10.8867
10.8883
10.895
10.8958
10.9006
10.9011
10.909
10.9091
10.9138
10.9203
10.9214
10.9269
10.9431
10.944
10.9741
10.9971
11.0052
11.0144
11.0237
11.028
11.0534
11.0599
11.1724
11.1797
11.1884
11.1939
11.1995
11.2017
11.2196
11.2212
11.2463
11.2671
11.2915
11.2974
11.3415
11.3468
11.3695
11.3854
11.3912
11.4246
11.4409
11.47
11.4789
11.4911
11.5061
11.5101
11.5268
11.5419
11.5591
11.5681
11.5754
11.6007
11.6387
11.6624
11.6716
11.6874
11.6897
11.7073
11.7135
11.7147
11.7332
11.7467
11.7544
11.7565
11.761
11.7692
11.8089
11.8125
11.8191
11.8344
11.8345
11.8365
11.8407
11.8451
11.8485
11.8539
11.856
11.8587
11.8651
11.8658
11.8776
11.8863
11.8889
11.9117
11.9203
11.9499
11.9543
11.9711
11.9828
11.9991
11.9999
12.005
12.0076
12.0181
12.0346
12.0441
12.0485
12.0616
12.0725
12.079
12.1044
12.1087
12.1236
12.1363
12.1433
12.1583
12.1678
12.1744
12.1814
12.1888
12.194
12.1995
12.2062
12.224
12.2258
12.2395
12.2523
12.2633
12.2722
12.2758
12.2975
12.3073
12.3119
12.324
12.3408
12.3465
12.3471
12.3556
12.3649
12.3718
12.3743
12.3871
12.3922
12.3929
12.3986
12.3997
12.4064
12.4095
12.4152
12.4187
12.4291
12.4581
12.4605
12.4707
12.4824
12.493
12.5079
12.5278
12.5293
12.5479
12.5633
12.5768
12.5801
12.5923
12.6037
12.6308
12.668
12.6732
12.6904
12.7063
12.729
12.7432
12.7516
12.7685
12.7706
12.7759
12.8347
12.8742
12.8893
12.8937
12.8946
12.8973
12.9144
12.9426
12.9728
12.9834
12.9974
12.9993
13.0201
13.035
13.0389
13.0462
13.0504
13.1375
13.1462
13.1575
13.1654
13.1788
13.1845
13.1891
13.2069
13.2153
13.25
13.2637
13.2984
13.309
13.3404
13.3455
13.3751
13.3804
13.3869
13.3925
13.4131
13.4546
13.461
13.4717
13.4838
13.5187
13.5304
13.5375
13.5398
13.5572
13.5652
13.5694
13.5726
13.5764
13.5823
13.5914
13.5968
13.6018
13.6154
13.6228
13.6361
13.648
13.6481
13.6606
13.6678
13.6992
13.7089
13.7158
13.7201
13.724
13.7247
13.7293
13.7373
13.7463
13.7495
13.7672
13.8166
13.8236
13.8301
13.834
13.8399
13.8431
13.8465
13.8502
13.858
13.861
13.8817
13.8881
13.905
13.9527
13.9747
13.9968
14.0225
14.0977
14.1583
14.1626
14.1768
14.182
14.1875
14.1989
14.2035
14.2447
14.2482
14.3283
14.3532
14.3869
14.4805
14.4923
14.495
14.4985
14.5156
14.5235
14.5485
14.5561
14.5585
14.5697
14.5767
14.5828
14.5945
14.6004
14.6036
14.6201
14.6258
14.6406
14.6579
14.6993
14.715
14.7168
14.7283
14.7304
14.7469
14.7526
14.7551
14.7598
14.777
14.7863
14.7934
14.8015
14.8072
14.8145
14.83
14.8325
14.8346
14.838
14.8454
14.8468
14.8551
14.8622
14.8634
14.8804
14.8983
14.9081
14.9198
14.934
14.9621
14.9721
14.9765
15.0393
15.0585
15.0685
15.0895
15.1164
15.1286
15.1334
15.1533
15.1613
15.1735
15.1864
15.1935
15.1966
15.2112
15.2171
15.2268
15.2352
15.2498
15.253
15.267
15.2809
15.2866
15.3002
15.3273
15.3415
15.3559
15.3625
15.3899
15.4661
15.5171
15.6103
15.6309
15.6476
15.6598
15.7008
15.7165
15.7432
15.7712
15.8194
15.8305
15.8472
15.8566
15.8657
15.8668
15.9003
15.9105
15.9468
16.0257
16.0337
16.0501
16.0541
16.0612
16.094
16.1103
16.1519
16.1556
16.1717
16.1971
16.2243
16.2451
16.2648
16.2889
16.2945
16.3154
16.3216
16.3921
16.4181
16.4289
16.4476
16.4802
16.483
16.4893
16.4996
16.5066
16.5071
16.5332
16.5739
16.5908
16.6063
16.6098
16.6269
16.6901
16.7226
16.7303
16.7376
16.7451
16.7651
16.7728
16.7858
16.7899
16.8042
16.8655
16.9654
17.0743
17.1502
17.1604
17.1633
17.1866
17.2447
17.2534
17.2767
17.3021
17.3984
17.427
17.4712
17.491
17.4998
17.512
17.5228
17.5414
17.5498
17.5652
17.5743
17.5928
17.598
17.613
17.6195
17.6621
17.6637
17.6913
17.6937
17.7121
17.7241
17.7278
17.7447
17.7458
17.7544
17.7602
17.7644
17.7668
17.8351
17.8508
17.8549
17.8712
17.911
17.9372
17.9898
18.0148
18.0191
18.0243
18.0458
18.0708
18.0842
18.1651
18.1842
18.2561
18.3287
18.4279
18.4442
18.4584
18.4662
18.5116
18.5355
18.6313
18.6606
18.699
18.7065
18.7262
18.7439
18.7745
18.8265
18.8341
18.8721
18.8861
19.0768
19.0966
19.0998
19.1049
19.134
19.1558
19.1614
19.2303
19.2578
19.2612
19.2925
19.2959
19.3228
19.3278
19.3795
19.3986
19.432
19.451
19.4908
19.5466
19.639
19.6617
19.672
19.7023
19.727
19.7411
19.7604
19.7977
19.8883
20.0024
20.0295
20.0595
20.2118
20.2418
20.2872
20.3122
20.325
20.3542
20.3619
20.3907
20.4097
20.4336
20.4663
20.4709
20.5052
20.5053
20.521
20.5341
20.5494
20.5717
20.6196
20.7169
20.7782
20.7903
20.8425
20.8653
20.9474
20.9522
20.9778
20.9824
20.9939
21.0241
21.0341
21.0847
21.2136
21.2169
21.2452
21.2512
21.2995
21.3283
21.3498
21.4045
21.411
21.4253
21.4279
21.4555
21.4814
21.5318
21.5502
21.5801
21.791
21.848
21.8958
21.9257
21.9428
21.9547
21.9844
22.0313
22.0603
22.0888
22.0928
22.1171
22.1211
22.2183
22.2666
22.2987
22.3101
22.3439
22.4999
22.5264
22.558
22.6694
22.6993
22.8613
22.8918
22.9671
22.9979
23.0705
23.0798
23.0897
23.1099
23.1199
23.1878
23.208
23.2175
23.2317
23.2382
23.2614
23.2839
23.334
23.3573
23.3637
23.3932
23.5918
23.6922
23.7376
23.7512
23.7652
23.7948
23.8674
24.0071
24.0264
24.0497
24.0599
24.0615
24.1433
24.1776
24.1942
24.2018
24.2099
24.2416
24.2707
24.3677
24.3782
24.3993
24.4111
24.4263
24.4686
24.5
24.5177
24.6852
24.7164
24.7359
24.7894
24.8222
24.9032
24.9198
24.9359
24.9495
24.9526
24.981
25.0227
25.0291
25.0369
25.0546
25.0591
25.276
25.3382
25.3639
25.4302
25.5067
25.5349
25.6131
25.6439
25.7557
25.7877
25.7892
25.8206
25.8914
25.8935
25.9235
25.9364
25.9499
25.968
25.9802
26.0383
26.0503
26.0667
26.0694
26.0762
26.0813
26.0972
26.1068
26.2053
26.2357
26.3112
26.5629
26.7001
26.759
26.8434
26.8779
26.9014
26.9456
26.9869
27.0141
27.0303
27.1401
27.1737
27.2553
27.2754
27.2775
27.2945
27.4794
27.5119
27.631
27.6699
27.6794
27.709
27.7401
27.8837
27.9013
27.9144
27.9399
28.0109
28.0677
28.102
28.116
28.1229
28.1833
28.2809
28.453
28.4563
28.567
28.634
28.6888
28.7814
28.7914
28.8259
28.9142
28.9186
28.9441
28.9783
29.0103
29.0251
29.0424
29.6895
30.306
30.4574
30.512
30.5151
30.6563
30.6714
30.9594
30.9872
31.2401
31.2526
33.817
