-35.0503 1
-34.9959 2
-34.7488 2
-33.0953 2
-32.943 2
-31.5497 4
-31.3816 4
-30.2411 2
-29.8359 4
-29.6133 4
-29.5235 2
-29.1139 2
-28.1082 2
-27.8206 2
-27.7128 2
-27.501 1
-26.2783 2
-26.1671 8
-26.1102 4
-26.0986 2
-25.9658 2
-25.9214 2
-25.8359 4
-25.6133 4
-25.5913 2
-25.5074 2
-24.8222 2
-24.7113 2
-24.6215 2
-24.4533 8
-24.4394 4
-24.4201 4
-24.342 4
-24.2584 2
-24.1832 4
-24.141 4
-23.9951 2
-23.9406 1
-23.8206 4
-23.7128 2
-23.6908 2
-23.5133 4
-23.3129 2
-23.2389 8
-22.8937 4
-22.6851 2
-22.6568 2
-22.541 2
-22.4503 2
-22.4415 4
-22.383 2
-22.333 2
-22.1671 8
-22.1451 8
-22.1238 4
-22.1026 8
-22.0057 4
-21.9676 8
-21.6783 2
-21.5908 2
-21.5251 10
-21.2618 2
-21.166 1
-21.1395 2
-21.0088 8
-20.8958 8
-20.8924 2
-20.7846 6
-20.6981 2
-20.6215 4
-20.5851 4
-20.5588 1
-20.4533 8
-20.4313 4
-20.1947 2
-20.1892 4
-20.141 4
-20.119 2
-19.8428 2
-19.779 2
-19.7752 2
-19.4548 4
-19.4514 2
-19.3287 4
-19.3129 4
-19.2426 2
-19.2389 20
-19.182 4
-19.1719 4
-19.1704 2
-19.1681 4
-19.1396 4
-19.0376 6
-18.9793 2
-18.9119 2
-18.9117 2
-18.8937 4
-18.8722 4
-18.8697 4
-18.6851 4
-18.6556 4
-18.5675 2
-18.504 2
-18.383 2
-18.2972 4
-18.2419 2
-18.1671 4
-18.1491 2
-18.0541 2
-17.9827 2
-17.8784 2
-17.8564 12
-17.6933 4
-17.5251 15
-17.5112 8
-17.453 4
-17.4003 8
-17.3266 4
-17.3163 2
-17.2993 4
-17.2618 2
-17.255 2
-17.2128 2
-17.1701 2
-17.0596 2
-16.9985 1
-16.9644 4
-16.8958 8
-16.8738 4
-16.8313 4
-16.7846 8
-16.7626 8
-16.6215 2
-16.5851 20
-16.4591 4
-16.459 2
-16.4533 8
-16.4401 4
-16.4313 4
-16.3847 2
-16.3328 8
-16.3107 16
-16.1957 2
-16.1094 4
-16.0645 8
-15.9462 2
-15.9456 2
-15.7827 4
-15.7569 8
-15.7374 4
-15.7286 2
-15.7274 4
-15.687 2
-15.6822 2
-15.6671 2
-15.6244 4
-15.6066 4
-15.5988 4
-15.5133 12
-15.4548 4
-15.4218 4
-15.3287 4
-15.3137 4
-15.3067 2
-15.2705 2
-15.2389 16
-15.2281 4
-15.2169 4
-15.1956 4
-15.182 8
-15.1744 4
-15.1704 4
-15.0469 4
-15.0376 8
-15.0155 4
-15.0072 2
-14.9917 1
-14.9646 2
-14.8974 2
-14.8468 4
-14.8463 2
-14.8067 8
-14.7965 4
-14.7786 4
-14.6996 4
-14.6851 4
-14.6626 2
-14.6556 4
-14.6521 2
-14.619 4
-14.583 10
-14.4782 2
-14.404 2
-14.383 2
-14.3066 2
-14.2419 2
-14.2392 2
-14.237 4
-14.2053 4
-14.1537 2
-14.0806 4
-14.064 4
-14.0574 4
-14.0193 2
-14.0066 2
-13.9676 6
-13.9648 1
-13.8564 36
-13.8344 8
-13.8034 4
-13.7666 2
-13.7662 4
-13.7559 2
-13.7257 2
-13.6569 8
-13.6009 4
-13.5251 4
-13.5112 8
-13.4892 4
-13.4121 2
-13.4003 8
-13.3266 4
-13.2665 2
-13.255 4
-13.2467 4
-13.2306 2
-13.2128 4
-13.1124 4
-13.1064 4
-13.0855 1
-13.0283 4
-12.9988 4
-12.9879 2
-12.9742 4
-12.9146 6
-12.8987 2
-12.7851 4
-12.7846 8
-12.7626 8
-12.7405 4
-12.6981 8
-12.611 4
-12.5851 40
-12.563 8
-12.5093 4
-12.4745 2
-12.4005 2
-12.3397 2
-12.3129 2
-12.3107 48
-12.2584 2
-12.2538 4
-12.2437 4
-12.2422 2
-12.2399 4
-12.1996 4
-12.129 4
-12.1094 6
-12.0705 8
-11.9835 2
-11.9514 4
-11.944 8
-11.9301 4
-11.9021 1
-11.8889 4
-11.8342 2
-11.7994 4
-11.7569 8
-11.7349 2
-11.7286 4
-11.7274 8
-11.704 4
-11.6595 4
-11.5444 2
-11.5133 8
-11.5059 2
-11.4912 8
-11.4313 1
-11.3137 12
-11.286 2
-11.2533 4
-11.2389 16
-11.2209 2
-11.2169 8
-11.1979 4
-11.1956 8
-11.1837 2
-11.1744 8
-11.1278 4
-11.0693 2
-11.0684 2
-11.0614 4
-11.0376 2
-11.0072 2
-10.9502 8
-10.9282 28
-10.8706 4
-10.8549 2
-10.8067 8
-10.7932 4
-10.7846 4
-10.7681 2
-10.7203 4
-10.7136 2
-10.6788 2
-10.6626 4
-10.6556 4
-10.6539 8
-10.619 4
-10.5969 8
-10.583 15
-10.5471 2
-10.5367 8
-10.5216 4
-10.5114 4
-10.4856 4
-10.4721 4
-10.3844 4
-10.383 2
-10.3744 2
-10.3711 4
-10.3268 4
-10.3017 4
-10.2846 8
-10.2614 2
-10.2547 4
-10.2419 8
-10.237 4
-10.0806 8
-10.0706 4
-10.0317 1
-9.98642 4
-9.97584 2
-9.97433 4
-9.96759 8
-9.94102 2
-9.85641 30
-9.8562 4
-9.84291 2
-9.83437 20
-9.76621 4
-9.66436 8
-9.65685 16
-9.63802 4
-9.62405 2
-9.58208 8
-9.57959 2
-9.57457 4
-9.53532 8
-9.53092 4
-9.52887 4
-9.52515 5
-9.51685 2
-9.51121 8
-9.5073 2
-9.49885 2
-9.49436 2
-9.48918 4
-9.4624 2
-9.42758 2
-9.40456 4
-9.38253 8
-9.28339 4
-9.27135 4
-9.2665 4
-9.25501 2
-9.22331 2
-9.2128 4
-9.20319 4
-9.18206 4
-9.16526 2
-9.15835 8
-9.13632 4
-9.01584 10
-9.00341 2
-8.99876 4
-8.96631 4
-8.95434 2
-8.91463 8
-8.89259 4
-8.85765 4
-8.8545 8
-8.84057 4
-8.83793 4
-8.82872 2
-8.80041 2
-8.78734 2
-8.78461 4
-8.76258 4
-8.75878 2
-8.75252 2
-8.65957 2
-8.65671 2
-8.64907 4
-8.59167 2
-8.58506 40
-8.52912 2
-8.52661 2
-8.5106 2
-8.4984 4
-8.47388 2
-8.45607 8
-8.40053 4
-8.39625 2
-8.38408 4
-8.3418 1
-8.32835 2
-8.31073 40
-8.29986 4
-8.2887 8
-8.27391 2
-8.26742 4
-8.24621 8
-8.2437 8
-8.23986 8
-8.17107 4
-8.1411 4
-8.12899 4
-8.10936 4
-8.10271 2
-8.0705 8
-8.04954 1
-8.04847 4
-8.03482 2
-8.02203 8
-8 16
-7.98347 4
-7.94404 8
-7.94167 4
-7.92201 4
-7.91857 4
-7.87846 4
-7.86829 4
-7.85435 4
-7.85044 2
-7.73443 2
-7.72741 12
-7.72385 6
-7.67684 4
-7.64328 4
-7.63049 8
-7.59815 2
-7.56972 4
-7.55595 4
-7.5361 2
-7.51326 12
-7.50589 2
-7.49123 8
-7.48013 4
-7.47575 2
-7.47107 4
-7.46919 2
-7.42671 4
-7.37274 2
-7.31371 12
-7.29702 2
-7.29489 4
-7.27706 4
-7.24257 4
-7.23894 12
-7.2209 4
-7.21951 4
-7.2169 4
-7.20775 2
-7.17442 4
-7.16843 4
-7.15238 8
-7.07836 2
-7.06931 2
-7.04541 4
-7.03939 8
-7.03673 2
-7.02267 1
-6.98345 4
-6.95024 8
-6.94214 4
-6.9282 112
-6.90617 16
-6.81968 2
-6.79916 8
-6.78358 2
-6.75068 8
-6.73327 2
-6.72865 4
-6.71808 2
-6.67882 4
-6.6727 4
-6.65876 4
-6.65561 4
-6.59694 8
-6.58387 4
-6.58301 4
-6.47214 12
-6.46995 2
-6.44966 2
-6.4155 2
-6.38444 4
-6.37112 8
-6.35448 4
-6.3383 2
-6.29467 4
-6.28669 4
-6.2846 8
-6.28257 2
-6.26257 2
-6.24191 10
-6.21988 4
-6.21983 2
-6.14334 1
-6.12233 4
-6.08059 4
-6.07055 8
-6.046 4
-6.02715 4
-5.98642 6
-5.96759 10
-5.95651 2
-5.92945 4
-5.9263 10
-5.92255 2
-5.85641 24
-5.83437 16
-5.81234 2
-5.795 2
-5.79189 8
-5.76985 4
-5.7537 2
-5.67889 8
-5.67687 4
-5.66436 8
-5.66298 2
-5.65685 32
-5.64233 4
-5.63231 4
-5.58208 8
-5.57959 4
-5.56716 2
-5.56005 4
-5.54477 2
-5.53092 8
-5.52515 4
-5.51756 4
-5.47232 8
-5.40456 8
-5.38253 20
-5.33621 2
-5.31627 2
-5.31549 4
-5.31166 4
-5.30498 4
-5.27135 20
-5.26531 4
-5.21441 4
-5.20733 4
-5.18115 6
-5.1423 4
-5.13632 8
-5.09923 2
-5.06076 2
-5.05526 2
-5.03134 2
-5.0232 4
-5.01584 15
-5.01325 4
-5.0019 8
-4.99876 4
-4.99668 4
-4.97229 4
-4.97056 2
-4.96 1
-4.91463 2
-4.90207 2
-4.85765 4
-4.8545 8
-4.83247 4
-4.82872 4
-4.82707 2
-4.81496 2
-4.7992 4
-4.79565 4
-4.75878 4
-4.75252 2
-4.67434 4
-4.66935 4
-4.61625 2
-4.58506 16
-4.56375 2
-4.56302 6
-4.52661 2
-4.4892 1
-4.45899 2
-4.45607 8
-4.43227 4
-4.42373 4
-4.40053 4
-4.39302 8
-4.38551 2
-4.38408 4
-4.36205 2
-4.35756 2
-4.32513 4
-4.31073 24
-4.29986 8
-4.29269 2
-4.26332 2
-4.25549 6
-4.22389 4
-4.19955 12
-4.19204 8
-4.17933 4
-4.1411 4
-4.10936 4
-4.08967 4
-4.03482 2
-4.02203 20
-4 74
-3.94555 2
-3.94404 8
-3.92201 4
-3.91857 8
-3.89188 2
-3.887 4
-3.87846 8
-3.86829 8
-3.8526 1
-3.85044 4
-3.79214 4
-3.7715 2
-3.76234 4
-3.73668 2
-3.72741 12
-3.72385 8
-3.71779 4
-3.70182 4
-3.69496 2
-3.67684 4
-3.66874 4
-3.6548 8
-3.64328 4
-3.60845 4
-3.59499 2
-3.59344 4
-3.58315 4
-3.5718 4
-3.56922 4
-3.54393 8
-3.54369 2
-3.51508 4
-3.48201 2
-3.47575 4
-3.44292 4
-3.43625 2
-3.39046 4
-3.3564 2
-3.33476 4
-3.33321 2
-3.31371 6
-3.29489 4
-3.27706 8
-3.2734 4
-3.27233 4
-3.25624 4
-3.20775 4
-3.2008 4
-3.19341 4
-3.18472 4
-3.17293 2
-3.13607 4
-3.11274 4
-3.10964 1
-3.08954 2
-3.08025 4
-3.07836 4
-3.06931 2
-3.03939 8
-2.96866 2
-2.95024 4
-2.9282 120
-2.90617 48
-2.90077 2
-2.86609 4
-2.84632 2
-2.7871 2
-2.74367 4
-2.73616 4
-2.72865 20
-2.6727 8
-2.65388 6
-2.63669 4
-2.62061 2
-2.60308 4
-2.60271 4
-2.59694 8
-2.58301 5
-2.57064 2
-2.47636 8
-2.47214 12
-2.45523 2
-2.4525 8
-2.4389 4
-2.35914 4
-2.34315 8
-2.33702 2
-2.31196 2
-2.28719 4
-2.28257 2
-2.25386 4
-2.24191 2
-2.23613 4
-2.23015 4
-2.20811 8
-2.17515 4
-2.10967 4
-2.09936 2
-2.0737 10
-2.07055 12
-2.046 8
-2.04349 2
-2.0381 2
-2.01926 4
-1.98642 4
-1.92945 8
-1.9263 15
-1.91453 4
-1.91236 8
-1.90501 4
-1.90052 4
-1.85641 16
-1.84782 4
-1.83437 16
-1.83058 2
-1.81234 4
-1.80326 4
-1.7859 8
-1.78017 2
-1.76985 8
-1.72969 2
-1.72773 4
-1.72087 4
-1.71743 2
-1.67889 8
-1.66298 2
-1.65685 94
-1.60092 6
-1.54567 8
-1.53005 2
-1.52786 4
-1.47232 8
-1.45588 2
-1.45551 1
-1.45029 2
-1.40456 4
-1.39966 1
-1.38253 16
-1.37165 4
-1.32729 4
-1.27889 4
-1.27135 40
-1.26673 2
-1.25124 2
-1.24932 8
-1.21642 2
-1.21441 4
-1.18115 8
-1.17451 2
-1.1423 8
-1.13632 4
-1.11586 4
-1.09383 16
-1.0811 4
-1.02332 2
-1.0232 8
-1.01584 4
-1.0019 8
-0.998756 4
-0.990368 4
-0.987918 4
-0.985911 2
-0.979872 4
-0.970563 2
-0.950259 8
-0.940088 4
-0.926151 4
-0.922239 4
-0.896259 4
-0.882207 4
-0.857651 4
-0.854502 8
-0.847615 8
-0.832469 4
-0.828721 4
-0.815282 4
-0.799203 4
-0.795649 6
-0.792249 2
-0.737803 2
-0.702984 2
-0.702282 4
-0.641516 4
-0.635636 4
-0.616246 4
-0.585057 16
-0.576176 1
-0.563749 2
-0.563024 8
-0.556725 4
-0.547544 2
-0.52893 4
-0.52661 2
-0.520538 4
-0.474484 2
-0.461541 4
-0.450228 2
-0.407538 4
-0.385505 2
-0.348853 4
-0.325127 8
-0.310734 8
-0.272593 4
-0.260623 4
-0.255489 8
-0.233456 4
-0.200973 4
-0.199552 8
-0.192042 8
-0.177519 8
-0.170009 4
-0.150162 2
-0.109358 2
-0.108525 2
-0.0897914 2
-0.0628293 2
-0.0627423 2
-0.0220331 16
0 159
0.0220331 8
0.0348193 2
0.0628293 2
0.0897914 2
0.108525 2
0.121538 8
0.130017 2
0.141105 4
0.149558 2
0.150162 2
0.170009 4
0.201376 4
0.207864 8
0.246215 8
0.25229 4
0.255508 4
0.260623 4
0.263319 4
0.269444 4
0.272593 8
0.276147 2
0.328353 2
0.345198 8
0.348853 4
0.391548 8
0.396246 2
0.406555 8
0.416847 8
0.428195 4
0.438259 4
0.450228 2
0.450692 1
0.456067 8
0.461541 4
0.520538 4
0.547544 2
0.556725 4
0.591672 2
0.607168 1
0.633538 2
0.635636 4
0.641516 4
0.643601 4
0.659565 2
0.666785 4
0.675061 2
0.686292 4
0.752522 2
0.799203 4
0.802353 4
0.815282 4
0.828133 4
0.857651 4
0.882207 4
0.896259 4
0.930692 2
0.94178 6
0.950259 8
0.979872 4
0.985911 2
0.990368 4
1.00341 2
1.01584 10
1.01586 4
1.0718 94
1.07931 8
1.0811 4
1.09383 40
1.11586 4
1.1206 2
1.13632 4
1.15835 8
1.17451 2
1.1885 2
1.2129 2
1.22331 2
1.24932 6
1.26384 8
1.27135 40
1.27889 4
1.32729 4
1.34612 8
1.37165 4
1.38253 8
1.41699 4
1.42758 2
1.42936 4
1.45029 2
1.45588 2
1.51685 2
1.52786 4
1.54567 8
1.5475 8
1.57959 2
1.63404 1
1.65685 16
1.67569 4
1.69954 4
1.72087 4
1.72773 4
1.72969 2
1.74614 8
1.74705 2
1.76985 8
1.77408 8
1.77839 8
1.7859 8
1.79566 2
1.80326 4
1.80641 2
1.83058 2
1.84291 2
1.84782 4
1.86745 6
1.89033 4
1.90052 4
1.90501 4
1.91236 8
1.91453 4
1.9263 15
1.92945 12
1.94102 2
1.9619 4
1.99795 4
2.01358 4
2.07055 12
2.0737 4
2.08764 8
2.09936 2
2.09948 4
2.10967 4
2.11052 4
2.14359 12
2.16563 12
2.17515 4
2.18766 2
2.2141 8
2.21983 4
2.23015 4
2.23613 4
2.25386 4
2.25465 4
2.27227 4
2.27913 8
2.3091 2
2.31196 2
2.34315 76
2.36518 8
2.39908 8
2.42112 4
2.4389 4
2.45433 8
2.47214 12
2.47636 8
2.48315 2
2.51337 1
2.54412 4
2.57064 2
2.60271 4
2.60308 4
2.61747 16
2.62061 2
2.63669 4
2.65388 8
2.67271 6
2.67882 2
2.72865 40
2.73327 4
2.73616 4
2.76809 2
2.7871 2
2.81885 2
2.82549 4
2.8577 8
2.86609 4
2.90617 48
2.9282 28
2.98416 5
2.99659 2
2.9981 8
3.02013 4
3.0469 2
3.04974 8
3.07385 8
3.08954 2
3.1099 4
3.13607 4
3.14235 4
3.18472 4
3.19341 4
3.2008 4
3.20435 4
3.25624 4
3.27233 4
3.2734 4
3.28599 2
3.29772 8
3.31975 8
3.33321 2
3.33476 4
3.34043 2
3.34505 4
3.3564 2
3.35848 8
3.35899 4
3.39046 4
3.40833 2
3.41494 16
3.43698 10
3.44292 4
3.47339 2
3.48201 2
3.48545 8
3.50589 2
3.54369 2
3.56033 2
3.5718 4
3.59344 4
3.59499 2
3.61449 8
3.6548 8
3.66874 4
3.67043 8
3.68927 6
3.71779 4
3.72568 8
3.72741 8
3.74451 2
3.76234 4
3.7646 2
3.79214 4
3.79942 4
3.80045 12
3.82248 8
3.8325 1
3.84451 2
3.8526 1
3.887 4
3.89147 4
3.89188 2
3.97797 16
4 150
4.02203 20
4.08967 4
4.10853 4
4.1411 4
4.15549 2
4.1675 1
4.17933 4
4.19204 8
4.19955 4
4.22389 4
4.2354 2
4.26944 8
4.27259 4
4.27432 8
4.29269 2
4.31286 2
4.32513 4
4.3452 8
4.35756 2
4.36205 2
4.38551 2
4.39155 4
4.42373 4
4.43227 4
4.43967 2
4.47448 2
4.51455 8
4.56302 8
4.58506 4
4.59167 2
4.61625 2
4.63354 4
4.64101 4
4.64152 8
4.6436 4
4.65495 4
4.65957 2
4.66935 4
4.67434 4
4.68025 8
4.68629 4
4.69806 8
4.79565 4
4.7992 4
4.81496 2
4.83247 4
4.85765 4
4.8901 4
4.89865 2
4.90207 2
4.94178 8
4.95026 8
4.9531 2
4.97229 4
4.97987 4
4.98792 2
4.99668 4
4.99876 4
5.0019 8
5.00341 2
5.01584 15
5.01586 4
5.0232 4
5.05526 2
5.0718 48
5.09383 24
5.13632 8
5.1423 4
5.17451 4
5.20733 4
5.2129 2
5.21441 4
5.24932 8
5.26384 8
5.26673 4
5.27135 40
5.30498 4
5.31549 4
5.32729 6
5.33621 2
5.34612 10
5.38253 20
5.40034 8
5.41209 2
5.45588 4
5.4573 2
5.47232 8
5.48663 1
5.51685 2
5.51756 4
5.54567 8
5.56716 2
5.57888 4
5.63231 4
5.63482 8
5.64233 4
5.65685 32
5.67687 4
5.6909 2
5.70961 2
5.72087 8
5.72572 2
5.72773 4
5.7537 2
5.75594 2
5.76985 4
5.78017 4
5.7859 8
5.795 2
5.81234 2
5.83437 8
5.86745 8
5.88948 4
5.90052 4
5.91236 8
5.92255 2
5.9263 4
5.92945 8
5.9619 2
6.00205 4
6.01358 2
6.01926 2
6.02715 4
6.046 4
6.0484 4
6.07055 12
6.0737 5
6.08059 4
6.08764 8
6.10967 4
6.12233 4
6.13255 6
6.14359 2
6.20434 2
6.22161 8
6.22592 8
6.23916 2
6.25295 2
6.25386 8
6.26257 2
6.28669 4
6.30046 4
6.32431 4
6.3383 2
6.34315 44
6.35448 4
6.36518 8
6.36596 1
6.39908 2
6.44966 2
6.45433 4
6.47214 12
6.54412 4
6.57064 4
6.58301 10
6.58387 4
6.61747 12
6.67271 4
6.71808 2
6.72865 16
6.73616 8
6.75068 6
6.7871 2
6.8115 2
6.81968 2
6.84632 2
6.8794 2
6.90617 40
6.92069 8
6.9282 112
6.94214 4
6.98416 4
7.00297 4
7.00717 2
7.03673 2
7.04541 4
7.04543 4
7.05822 6
7.07836 2
7.1388 4
7.16843 4
7.17187 4
7.17442 4
7.19765 4
7.2008 4
7.20435 4
7.21951 4
7.27049 2
7.27706 4
7.29489 4
7.29772 4
7.31371 4
7.32494 2
7.33321 4
7.3564 4
7.35899 8
7.36646 2
7.37274 2
7.39283 1
7.41494 4
7.42671 4
7.47575 2
7.48013 4
7.54931 1
7.56174 4
7.56972 4
7.5718 4
7.59344 8
7.61449 10
7.61875 2
7.6548 8
7.67043 8
7.67684 4
7.68224 2
7.72568 8
7.72741 12
7.73056 4
7.73443 2
7.73668 4
7.74449 4
7.74771 4
7.79214 8
7.79862 4
7.86998 2
7.87846 4
7.91857 4
7.92201 4
7.94167 4
7.94555 2
7.97797 12
8 116
8.02203 16
8.04847 4
8.06274 2
8.06452 8
8.10271 2
8.12899 4
8.17107 4
8.17752 8
8.19204 8
8.19567 2
8.20097 4
8.23346 4
8.26742 4
8.27432 8
8.2887 8
8.29986 4
8.31073 16
8.32513 8
8.38125 2
8.38408 4
8.38551 2
8.45899 2
8.47388 2
8.47448 2
8.4984 4
8.5106 2
8.52661 2
8.56375 2
8.57618 1
8.58506 20
8.61625 4
8.63354 2
8.64101 8
8.64907 4
8.65671 2
8.68629 2
8.70228 4
8.7378 2
8.75878 2
8.79565 6
8.7992 4
8.80041 2
8.82872 2
8.83247 4
8.83793 4
8.84057 4
8.8545 8
8.85765 4
8.8612 4
8.92224 4
8.92615 4
8.94009 4
8.94178 2
8.95434 2
8.95457 4
8.98792 4
8.99703 4
8.99876 4
9.0019 8
9.01584 4
9.0232 8
9.0718 14
9.09383 8
9.13632 4
9.1423 8
9.16526 2
9.18206 4
9.2129 2
9.21441 4
9.24932 10
9.25124 2
9.27135 16
9.28339 4
9.31627 2
9.32729 4
9.38253 16
9.39966 1
9.40034 8
9.40456 4
9.45551 1
9.45588 4
9.47232 8
9.49436 2
9.49885 2
9.52887 4
9.53092 4
9.54567 4
9.57457 4
9.60092 6
9.62405 2
9.63482 8
9.65685 94
9.66298 2
9.66436 8
9.81234 4
9.83437 20
9.8562 4
9.85641 12
9.86745 2
9.91236 8
9.9263 5
9.92945 4
9.9516 4
9.97433 4
9.98642 4
10.0193 4
10.0317 1
10.0381 2
10.046 8
10.0541 2
10.0706 8
10.0737 4
10.0806 8
10.1326 8
10.2614 2
10.2826 2
10.2846 8
10.2872 4
10.2904 2
10.3017 4
10.3431 8
10.3711 4
10.3744 2
10.3844 4
10.4721 4
10.5216 4
10.5427 2
10.5471 2
10.5675 2
10.583 15
10.5969 8
10.6539 6
10.6556 4
10.6727 4
10.7203 4
10.7287 16
10.7362 8
10.7437 4
10.7507 8
10.7846 4
10.7871 2
10.7932 4
10.8463 2
10.8549 2
10.8706 4
10.9062 24
10.9282 120
10.9502 8
10.9793 2
11.0582 8
11.0684 2
11.0693 2
11.0784 4
11.0803 4
11.1096 1
11.1127 4
11.1388 4
11.1744 8
11.1979 4
11.2044 2
11.2078 4
11.2209 2
11.2426 2
11.2533 4
11.2771 8
11.2949 4
11.3137 12
11.3564 4
11.3665 4
11.4548 4
11.4757 4
11.5151 4
11.5444 2
11.5692 4
11.5832 4
11.6085 4
11.6145 2
11.6548 8
11.6595 4
11.6768 4
11.7018 4
11.704 4
11.7274 12
11.7306 8
11.7349 2
11.7715 2
11.8785 8
11.8889 4
11.9186 8
11.922 4
11.9301 4
11.944 8
11.9456 2
11.9514 4
11.9835 2
12 70
12.022 16
12.0348 2
12.0705 8
12.129 4
12.1775 8
12.1996 12
12.2422 2
12.2437 4
12.2555 6
12.2999 8
12.3107 48
12.3296 8
12.3397 2
12.3841 4
12.3855 8
12.393 8
12.4005 2
12.459 2
12.4892 1
12.5093 4
12.5266 2
12.563 6
12.5851 40
12.611 4
12.6981 2
12.7023 8
12.7405 4
12.7525 2
12.7588 4
12.7851 4
12.7956 4
12.8287 4
12.8545 8
12.8577 4
12.8612 4
12.9262 8
12.96 1
12.9742 4
12.9988 4
13.0019 8
13.0088 8
13.0133 4
13.0158 5
13.0608 2
13.0718 8
13.0938 6
13.1124 4
13.1423 8
13.1812 6
13.2306 2
13.2467 4
13.2618 2
13.2665 2
13.2713 16
13.3117 4
13.3163 2
13.3273 4
13.3825 16
13.4046 8
13.4892 4
13.5251 10
13.5309 8
13.5601 4
13.5796 4
13.6009 8
13.6569 76
13.6644 8
13.6789 8
13.7666 2
13.8034 4
13.8123 2
13.8344 16
13.8564 36
13.9263 4
13.9676 8
13.9864 6
14.0066 2
14.0381 4
14.064 4
14.0706 4
14.0806 4
14.1026 8
14.1326 2
14.1433 1
14.1537 2
14.1936 2
14.2053 4
14.237 4
14.2846 8
14.2947 4
14.3066 2
14.3431 4
14.3711 8
14.3844 4
14.404 2
14.4155 2
14.4503 2
14.583 4
14.5969 8
14.619 4
14.6539 8
14.6556 4
14.6588 4
14.6626 2
14.6727 4
14.6727 2
14.6788 4
14.6996 4
14.7287 16
14.7507 10
14.7871 2
14.7992 8
14.8067 8
14.8468 4
14.8974 2
14.9062 8
14.9282 94
14.9502 8
14.9834 4
14.9841 4
15.0227 1
15.0394 8
15.0469 4
15.0582 2
15.0693 2
15.1744 4
15.1956 4
15.2169 4
15.2209 4
15.2281 4
15.2389 8
15.2426 4
15.3067 2
15.3137 12
15.3665 2
15.4218 4
15.4548 4
15.4692 2
15.5059 2
15.5133 4
15.5361 2
15.556 4
15.5832 8
15.5988 4
15.6066 4
15.6085 8
15.6305 8
15.6671 2
15.687 2
15.7239 6
15.7274 8
15.7286 2
15.7374 4
15.7569 8
15.7827 4
15.8504 2
15.8544 4
15.8683 4
15.8785 8
15.944 8
15.9462 2
15.9835 4
15.9951 2
16 38
16.022 12
16.0495 1
16.0705 8
16.1094 4
16.1996 8
16.2437 8
16.2555 8
16.2584 2
16.2739 2
16.3107 40
16.3296 8
16.3328 8
16.3418 1
16.3847 2
16.3855 10
16.4005 4
16.4075 4
16.4401 4
16.4591 4
16.5266 2
16.5291 2
16.563 8
16.5851 40
16.7023 4
16.7626 8
16.7873 2
16.7956 4
16.8222 2
16.8287 4
16.8313 4
16.8545 8
16.8926 4
16.9644 4
16.9663 4
16.9988 4
17.0158 4
17.0233 2
17.0596 2
17.0718 2
17.1812 8
17.2032 4
17.2128 2
17.2665 4
17.2713 16
17.2993 4
17.3266 4
17.3273 2
17.3825 12
17.4046 4
17.453 4
17.4624 2
17.4892 4
17.5112 8
17.5251 15
17.5353 8
17.5821 8
17.6009 2
17.638 4
17.6569 44
17.6789 8
17.6933 4
17.8344 16
17.8564 30
17.8784 2
17.9214 2
17.9758 2
17.9827 2
17.9864 4
18.0381 2
18.1491 2
18.237 4
18.2419 2
18.3268 4
18.3431 2
18.3591 4
18.4525 8
18.4856 4
18.504 2
18.5114 4
18.5367 8
18.583 5
18.5969 8
18.619 4
18.6539 10
18.6556 4
18.6626 4
18.6727 8
18.7136 2
18.7287 4
18.8067 8
18.8722 4
18.9062 6
18.9117 2
18.9282 48
18.9502 4
18.9841 4
19.0072 2
19.0394 8
19.0614 4
19.0693 2
19.1278 4
19.1396 4
19.1704 2
19.1719 4
19.1837 2
19.1956 8
19.2169 8
19.2389 20
19.3137 6
19.3287 4
19.4313 1
19.4514 2
19.4912 8
19.6085 4
19.695 2
19.7239 8
19.7274 4
19.7286 4
19.7569 8
19.7752 2
19.779 2
19.8342 2
19.8504 4
19.8683 8
19.9021 1
19.944 8
20 10
20.1094 6
20.119 2
20.1892 4
20.1947 2
20.1996 12
20.2399 4
20.2538 4
20.2555 2
20.2584 2
20.3107 24
20.3855 2
20.4005 4
20.4313 4
20.5266 2
20.563 10
20.5851 16
20.7626 8
20.7846 6
20.7956 2
20.8924 2
20.9146 6
21.0283 4
21.0855 1
21.1064 4
21.1395 2
21.166 1
21.1812 2
21.2128 4
21.2653 4
21.2713 4
21.3266 4
21.5112 8
21.5251 4
21.5821 8
21.5908 2
21.6009 4
21.6569 8
21.6783 2
21.8344 12
21.8564 24
21.9648 1
21.9676 6
21.9864 4
22.0057 4
22.0574 4
22.1238 4
22.1451 8
22.2199 4
22.2419 2
22.333 2
22.383 2
22.4525 8
22.4782 2
22.541 2
22.583 4
22.6521 2
22.6556 4
22.6568 2
22.6851 2
22.7786 4
22.7965 4
22.8937 4
22.9282 14
22.9646 2
22.9917 1
23.0155 4
23.0693 2
23.1704 4
23.2169 4
23.2389 16
23.3129 2
23.3137 4
23.3287 4
23.4912 8
23.5133 12
23.5982 2
23.6433 4
23.6908 2
23.7239 2
23.8504 2
24 2
24.1094 4
24.141 4
24.2399 8
24.3107 8
24.4313 4
24.4394 4
24.4533 8
24.5851 16
24.6215 2
24.7113 2
24.7626 4
24.7846 8
24.8738 4
24.9146 8
24.9985 1
25.2128 4
25.255 2
25.2618 2
25.5073 2
25.5074 2
25.5112 8
25.5251 5
25.5913 2
25.6569 4
25.8564 16
25.9676 8
25.9864 2
26.0986 2
26.1671 8
26.2419 8
26.2972 4
26.383 2
26.6851 4
26.8697 4
26.8937 4
26.9282 8
27.0376 6
27.1681 4
27.182 4
27.2389 16
27.3129 4
27.3137 4
27.5133 8
27.6433 4
27.7128 2
27.8206 2
27.8428 2
28 1
28.1082 2
28.1094 4
28.141 4
28.3107 6
28.4533 8
28.5588 1
28.5851 16
28.6215 4
28.7846 8
28.8958 8
28.9146 2
28.9706 2
29.1139 2
29.255 4
29.5235 2
29.5251 4
29.6133 4
29.6569 2
29.7662 4
29.8359 4
29.8564 12
29.9676 10
30.1671 8
30.2411 2
30.2419 10
30.383 2
30.4415 4
30.6851 4
30.9282 2
31.0376 8
31.182 8
31.2389 12
31.3137 2
31.3816 4
31.5133 12
31.5497 4
31.6244 4
31.7128 2
31.8206 4
31.9406 1
32.1094 2
32.1832 4
32.342 4
32.4201 4
32.4533 8
32.5851 4
32.6215 2
32.7846 4
32.8958 8
32.943 2
32.9706 2
33.0953 2
33.1701 2
33.255 2
33.6133 4
33.7662 4
33.8359 4
33.8564 2
33.9658 2
34.1102 4
34.1671 4
34.2419 2
34.2783 2
34.383 2
34.7488 2
34.9119 2
34.9959 2
35.0376 2
35.0503 1
35.501 1
