-37.7202 1
-36.4526 2
-35.4665 2
-34.9418 1
-34.792 2
-34.6667 2
-34.4496 2
-34.2027 2
-33.8417 2
-33.7164 2
-32.8135 2
-32.6881 2
-32.2605 2
-32.2479 1
-32.0136 2
-31.6712 2
-31.4665 2
-31.1056 2
-31.0634 2
-30.9802 2
-30.3242 2
-30.0773 2
-29.9275 2
-29.7202 1
-29.5949 2
-29.5244 2
-29.4695 1
-29.3197 2
-28.9772 2
-28.7303 2
-28.6994 2
-28.5741 2
-28.4526 2
-28.3272 2
-28.0743 2
-27.949 2
-27.6712 2
-27.5458 2
-27.4665 2
-27.4356 1
-27.3412 2
-27.2745 2
-27.1887 2
-27.1491 2
-26.9418 1
-26.9135 2
-26.7882 2
-26.6667 2
-26.5711 2
-26.5413 2
-26.4496 2
-26.3242 6
-26.1989 2
-26.168 2
-26.1322 2
-25.9633 2
-25.9211 2
-25.8853 2
-25.7164 2
-25.5428 2
-25.4635 1
-25.2959 2
-25.1819 2
-25.0604 2
-24.935 4
-24.8557 2
-24.7852 4
-24.6881 2
-24.6572 1
-24.5383 2
-24.5074 2
-24.4526 2
-24.3821 4
-24.2605 2
-24.2479 1
-24.1959 2
-24.1774 2
-24.1352 2
-23.9181 2
-23.8638 1
-23.8349 2
-23.7927 2
-23.7569 2
-23.6712 2
-23.588 4
-23.4318 2
-23.396 2
-23.3538 2
-23.2745 2
-23.2271 2
-23.2098 2
-23.1849 2
-23.1491 2
-22.9802 2
-22.932 2
-22.9135 2
-22.8067 6
-22.6851 2
-22.6667 2
-22.602 2
-22.5962 2
-22.5353 2
-22.5289 2
-22.4457 2
-22.4099 2
-22.4035 2
-22.3242 4
-22.1989 4
-22.1322 4
-22.0773 2
-22.049 2
-22.0068 4
-21.9633 2
-21.9275 2
-21.8853 2
-21.8021 2
-21.7712 2
-21.729 2
-21.7164 2
-21.6459 4
-21.6101 2
-21.585 2
-21.5244 2
-21.4695 1
-21.4597 2
-21.4175 2
-21.399 2
-21.3382 2
-21.1819 4
-21.1461 2
-21.0988 2
-21.0854 1
-21.0604 2
-21.0566 2
-21.0208 4
-20.9772 2
-20.935 4
-20.8519 2
-20.821 2
-20.743 2
-20.6956 2
-20.6598 4
-20.6176 2
-20.5931 2
-20.5741 2
-20.5568 2
-20.5383 2
-20.4488 2
-20.4314 2
-20.413 2
-20.3463 2
-20.2605 2
-20.1959 4
-20.1774 2
-20.1536 2
-20.1352 2
-20.0705 6
-20.0038 2
-19.9912 1
-19.9853 2
-19.949 2
-19.9068 1
-19.86 2
-19.8236 2
-19.7927 6
-19.7569 4
-19.7134 4
-19.7096 2
-19.6674 2
-19.6429 2
-19.6316 2
-19.588 4
-19.5458 2
-19.4356 1
-19.4145 2
-19.396 10
-19.3129 2
-19.3103 4
-19.2707 2
-19.1849 2
-19.1676 2
-19.1491 4
-19.0351 6
-18.9929 2
-18.9571 2
-18.9097 4
-18.8489 2
-18.8317 2
-18.8067 4
-18.7882 2
-18.7235 2
-18.6926 2
-18.6851 2
-18.6813 2
-18.6146 4
-18.5711 2
-18.5598 2
-18.4457 10
-18.4099 4
-18.3915 1
-18.3677 2
-18.3242 2
-18.3204 2
-18.2846 2
-18.282 2
-18.2537 2
-18.1989 6
-18.168 2
-18.1322 2
-18.0848 2
-18.0675 2
-18.0426 2
-18.0068 12
-17.9275 2
-17.9237 2
-17.8815 4
-17.8206 2
-17.8148 2
-17.8021 2
-17.7897 2
-17.7712 2
-17.6644 6
-17.6101 2
-17.5428 2
-17.5244 6
-17.4635 1
-17.4597 6
-17.4175 4
-17.399 2
-17.3382 2
-17.3343 2
-17.2676 2
-17.2492 2
-17.2254 2
-17.2128 2
-17.207 2
-17.1819 6
-17.1461 2
-17.1238 2
-17.063 2
-17.0604 2
-17.0566 10
-16.9899 2
-16.9786 2
-16.9772 2
-16.935 4
-16.9312 2
-16.9067 4
-16.8645 2
-16.7852 4
-16.743 2
-16.6598 12
-16.6572 1
-16.6361 2
-16.5741 4
-16.5383 4
-16.5345 2
-16.5036 2
-16.491 1
-16.4678 2
-16.4427 2
-16.4314 2
-16.413 2
-16.3821 4
-16.3174 2
-16.2989 2
-16.2567 6
-16.2209 2
-16.1959 6
-16.0705 4
-16.0396 2
-16.0283 2
-16.0038 2
-15.949 4
-15.9452 2
-15.9143 2
-15.8785 10
-15.8638 1
-15.8349 2
-15.7927 4
-15.7569 2
-15.7385 2
-15.7096 4
-15.6738 2
-15.6316 4
-15.6131 1
-15.6007 2
-15.588 4
-15.5458 2
-15.5213 4
-15.5175 4
-15.4753 2
-15.4627 2
-15.4318 2
-15.4145 2
-15.396 8
-15.3538 2
-15.3065 2
-15.2891 2
-15.2745 2
-15.2707 12
-15.2098 2
-15.1789 1
-15.1491 2
-15.1453 2
-15.1208 2
-15.0844 2
-15.0535 4
-15.0351 2
-15.0113 2
-14.9929 2
-14.932 2
-14.9282 8
-14.9135 2
-14.8924 2
-14.8739 2
-14.843 2
-14.8067 6
-14.7882 6
-14.7235 2
-14.7177 2
-14.6851 2
-14.6813 6
-14.6568 2
-14.5962 2
-14.5711 2
-14.5673 2
-14.5598 2
-14.5315 2
-14.5006 2
-14.4893 2
-14.4708 2
-14.4457 6
-14.4344 1
-14.4099 2
-14.4035 2
-14.3677 2
-14.3242 2
-14.3204 6
-14.2846 4
-14.2537 12
-14.2411 2
-14.2179 2
-14.1989 2
-14.1706 2
-14.1322 2
-14.1284 4
-14.0926 2
-14.049 2
-14.0068 8
-13.9633 2
-13.9421 2
-13.9237 2
-13.9112 2
-13.8928 2
-13.8853 2
-13.8755 2
-13.8379 4
-13.8148 2
-13.7674 2
-13.7599 4
-13.7126 1
-13.7066 2
-13.6953 2
-13.6894 2
-13.6644 4
-13.6459 4
-13.6286 2
-13.6101 2
-13.5792 1
-13.5628 2
-13.5428 4
-13.539 2
-13.5205 2
-13.4848 2
-13.4723 2
-13.4597 4
-13.4175 6
-13.3382 2
-13.3323 2
-13.3034 4
-13.2921 2
-13.2676 12
-13.2254 2
-13.2203 2
-13.2128 2
-13.1819 2
-13.1423 10
-13.1114 2
-13.0988 2
-13.0854 1
-13.0566 6
-13.0208 4
-12.9899 2
-12.9734 2
-12.935 4
-12.9252 2
-12.8954 2
-12.8645 10
-12.8519 2
-12.8097 4
-12.7852 4
-12.7814 2
-12.743 4
-12.7392 4
-12.7147 2
-12.6956 2
-12.6783 4
-12.6598 8
-12.6176 2
-12.5931 2
-12.5383 2
-12.5345 4
-12.5221 2
-12.4678 6
-12.4314 2
-12.4005 2
-12.3821 4
-12.3425 2
-12.3174 10
-12.3116 2
-12.2989 2
-12.2752 4
-12.2567 2
-12.2507 2
-12.2394 2
-12.1959 2
-12.192 6
-12.1774 2
-12.1536 2
-12.1352 2
-12.1253 4
-12.114 2
-12.1069 2
-12.0705 6
-12.0647 2
-12.052 4
-12.0038 4
-11.9912 1
-11.9452 2
-11.9207 2
-11.9143 4
-11.9068 1
-11.8785 4
-11.86 2
-11.8349 4
-11.7927 2
-11.7889 2
-11.7644 2
-11.7569 2
-11.7531 2
-11.7222 2
-11.7096 6
-11.6864 2
-11.6787 1
-11.6738 2
-11.6674 2
-11.6429 2
-11.6316 2
-11.6071 1
-11.6007 2
-11.588 4
-11.5842 2
-11.536 2
-11.5175 18
-11.5062 2
-11.4627 2
-11.4395 2
-11.4318 2
-11.4145 2
-11.396 6
-11.3922 2
-11.3538 2
-11.3255 2
-11.3129 2
-11.2891 6
-11.2707 6
-11.204 2
-11.1849 2
-11.1751 2
-11.1638 2
-11.1566 2
-11.1491 2
-11.1393 2
-11.1329 2
-11.1144 2
-11.0971 2
-11.0786 4
-11.0535 4
-11.0313 2
-10.9993 2
-10.9704 2
-10.9282 4
-10.9097 4
-10.8924 2
-10.886 2
-10.8615 2
-10.8317 2
-10.8067 10
-10.8008 1
-10.7844 2
-10.7362 10
-10.7235 2
-10.6926 2
-10.6813 4
-10.6568 2
-10.6504 2
-10.6146 4
-10.5962 2
-10.5673 6
-10.5598 2
-10.5315 10
-10.4893 12
-10.4457 4
-10.4419 2
-10.4284 1
-10.4099 2
-10.4061 4
-10.4035 2
-10.3915 1
-10.3752 4
-10.3394 2
-10.333 2
-10.3204 4
-10.2846 2
-10.2722 2
-10.2537 6
-10.1989 4
-10.189 2
-10.1468 2
-10.1284 18
-10.0735 2
-10.0675 2
-10.0617 2
-10.049 6
-10.0253 2
-10.0068 4
-10.003 2
-9.97852 2
-9.94215 4
-9.93631 2
-9.92368 4
-9.91125 2
-9.89278 2
-9.88147 4
-9.82061 2
-9.81478 2
-9.80214 2
-9.7859 6
-9.77124 2
-9.75011 4
-9.73164 4
-9.70657 2
-9.66436 6
-9.6459 8
-9.62857 2
-9.62215 1
-9.58123 4
-9.57539 2
-9.53902 10
-9.52055 2
-9.51453 2
-9.50322 2
-9.47232 4
-9.45969 2
-9.42879 2
-9.42498 2
-9.41748 2
-9.39901 2
-9.38919 4
-9.37072 2
-9.35339 2
-9.34698 4
-9.33434 2
-9.32851 2
-9.30344 4
-9.26765 6
-9.22544 4
-9.2128 2
-9.18191 4
-9.1781 4
-9.16077 2
-9.14611 2
-9.1423 4
-9.12383 2
-9.1114 2
-9.10009 2
-9.09877 2
-9.07561 2
-9.05656 4
-9.02826 4
-9.02076 8
-8.98605 2
-8.95026 6
-8.93121 2
-8.90673 4
-8.90031 1
-8.89542 2
-8.88298 2
-8.86452 8
-8.82872 2
-8.80366 2
-8.79985 2
-8.78138 12
-8.75764 2
-8.75048 2
-8.74558 2
-8.74298 2
-8.69564 2
-8.67831 4
-8.67247 2
-8.65984 4
-8.6361 2
-8.62513 2
-8.61763 6
-8.58934 2
-8.56427 2
-8.55296 4
-8.54713 2
-8.5345 2
-8.5036 2
-8.49096 1
-8.48627 2
-8.4678 4
-8.43893 2
-8.41296 2
-8.40313 4
-8.40053 2
-8.39672 2
-8.37825 2
-8.36092 2
-8.34245 4
-8.31739 6
-8.27518 4
-8.23938 2
-8.22092 2
-8.19585 4
-8.19204 4
-8.16114 2
-8.15625 2
-8.14983 2
-8.12535 12
-8.10688 2
-8.08314 2
-8.0705 10
-8.0396 2
-8.00381 2
-8 18
-7.94516 2
-7.92067 2
-7.91426 6
-7.87846 14
-7.85999 2
-7.79533 2
-7.79272 2
-7.75312 10
-7.72863 2
-7.72222 4
-7.70958 2
-7.66737 4
-7.65005 1
-7.64289 6
-7.63908 2
-7.63158 2
-7.61311 1
-7.60328 2
-7.59687 4
-7.56107 2
-7.53601 6
-7.51754 14
-7.50021 2
-7.48175 2
-7.47533 2
-7.4627 2
-7.45287 2
-7.41066 2
-7.396 6
-7.39219 10
-7.37487 2
-7.3255 4
-7.31287 2
-7.28912 4
-7.27066 6
-7.24236 2
-7.23976 4
-7.20396 2
-7.20015 2
-7.1789 1
-7.17509 6
-7.15662 2
-7.14531 2
-7.13288 2
-7.12082 2
-7.11441 2
-7.09708 4
-7.07861 4
-7.05355 4
-7.04974 6
-7.04224 2
-7.03508 2
-7.01395 2
-6.99548 2
-6.99287 2
-6.97174 4
-6.96458 2
-6.9282 12
-6.90974 4
-6.89241 4
-6.86151 2
-6.84507 2
-6.83923 2
-6.80286 4
-6.77837 6
-6.77196 2
-6.76706 2
-6.73616 4
-6.71769 2
-6.70037 2
-6.69395 2
-6.69263 2
-6.68132 2
-6.65302 4
-6.65042 2
-6.64661 2
-6.61462 8
-6.61081 4
-6.59235 2
-6.57502 2
-6.56728 4
-6.54995 2
-6.53149 8
-6.50059 2
-6.48928 6
-6.44574 4
-6.44194 2
-6.43443 1
-6.42461 2
-6.37524 12
-6.36774 2
-6.36393 2
-6.33944 4
-6.3204 2
-6.29723 2
-6.2846 2
-6.2537 6
-6.24989 4
-6.2141 6
-6.20636 1
-6.17057 2
-6.14682 4
-6.13477 1
-6.12836 14
-6.09256 2
-6.0675 2
-6.06369 2
-6.05035 1
-6.04522 2
-6.02529 2
-6.02148 2
-6.00682 4
-5.99699 2
-5.97211 2
-5.96721 2
-5.95948 2
-5.94215 6
-5.93631 6
-5.92368 2
-5.91125 2
-5.88147 4
-5.87545 2
-5.85699 4
-5.85318 2
-5.82811 2
-5.8168 2
-5.81097 2
-5.7859 4
-5.76743 2
-5.75011 12
-5.73164 4
-5.71259 1
-5.68943 2
-5.66697 2
-5.66436 10
-5.66056 2
-5.62476 4
-5.59386 4
-5.58123 4
-5.5792 1
-5.55806 2
-5.53902 6
-5.51453 2
-5.50322 2
-5.47232 2
-5.45969 2
-5.45385 4
-5.42498 2
-5.41748 4
-5.41367 2
-5.38919 18
-5.34698 12
-5.33434 4
-5.32851 2
-5.31118 2
-5.30344 4
-5.26765 6
-5.26384 10
-5.26123 2
-5.22544 2
-5.22031 2
-5.1781 4
-5.1423 14
-5.1114 4
-5.10009 2
-5.05656 4
-5.01695 2
-4.99247 2
-4.98986 2
-4.98605 12
-4.96873 2
-4.95609 1
-4.95026 4
-4.93121 2
-4.92519 2
-4.90673 8
-4.90292 2
-4.86712 2
-4.86452 6
-4.86071 2
-4.83622 2
-4.82872 2
-4.82491 2
-4.79985 10
-4.78138 6
-4.73917 4
-4.72184 2
-4.71468 2
-4.70337 2
-4.67831 4
-4.6745 2
-4.65984 4
-4.65603 2
-4.60781 2
-4.58934 10
-4.55296 4
-4.5345 2
-4.52206 2
-4.5036 6
-4.48627 2
-4.4678 2
-4.46399 2
-4.43893 4
-4.42559 2
-4.40053 2
-4.39672 6
-4.37825 2
-4.36092 10
-4.34245 6
-4.31739 4
-4.31358 2
-4.31155 2
-4.29892 2
-4.28159 4
-4.27778 2
-4.27518 4
-4.25671 2
-4.24688 2
-4.23557 2
-4.23425 1
-4.22842 2
-4.21109 2
-4.19204 6
-4.18621 2
-4.15625 2
-4.14983 2
-4.12535 8
-4.11404 2
-4.08314 2
-4.0667 2
-4.04221 2
-4.0358 2
-4.00381 2
-4 12
-3.9642 2
-3.95779 2
-3.95647 4
-3.9333 2
-3.91426 2
-3.88596 2
-3.87846 22
-3.87465 4
-3.83112 2
-3.81379 2
-3.80796 6
-3.79533 2
-3.78891 2
-3.77158 2
-3.76443 2
-3.75312 8
-3.72222 2
-3.70958 4
-3.68845 2
-3.68642 2
-3.67868 1
-3.67379 2
-3.65755 2
-3.63908 10
-3.60709 1
-3.60328 6
-3.60068 2
-3.56107 4
-3.55334 2
-3.53601 4
-3.51754 8
-3.48175 2
-3.47794 2
-3.47533 6
-3.42799 1
-3.41066 10
-3.39219 8
-3.3564 2
-3.34397 2
-3.33133 4
-3.3255 6
-3.28912 2
-3.28532 2
-3.27816 2
-3.27066 4
-3.26083 4
-3.21862 2
-3.20599 2
-3.20396 2
-3.20015 10
-3.17509 4
-3.16378 2
-3.14531 2
-3.13929 2
-3.13288 2
-3.12082 2
-3.09708 2
-3.07861 4
-3.07481 2
-3.05355 4
-3.04974 4
-3.03127 2
-3.01395 12
-3.00753 2
-2.98305 2
-2.9282 18
-2.89241 2
-2.8886 2
-2.8577 10
-2.80286 4
-2.80083 1
-2.77969 2
-2.77837 2
-2.76706 2
-2.73616 14
-2.71769 4
-2.68882 2
-2.68132 2
-2.65683 2
-2.65302 12
-2.65042 2
-2.63456 1
-2.61081 18
-2.58633 2
-2.57502 2
-2.56728 2
-2.53149 6
-2.52768 2
-2.52507 4
-2.50059 2
-2.48928 6
-2.46098 2
-2.44194 2
-2.42842 1
-2.40614 4
-2.37524 8
-2.36393 2
-2.33944 6
-2.33303 2
-2.3204 2
-2.31057 2
-2.30307 2
-2.2537 4
-2.24989 12
-2.23257 2
-2.2141 4
-2.18903 2
-2.1832 2
-2.17772 1
-2.17189 2
-2.17057 6
-2.14682 6
-2.12836 8
-2.12455 2
-2.09256 4
-2.08875 2
-2.06369 6
-2.05785 2
-2.04522 2
-2.03279 2
-2.02789 2
-2.02529 2
-2.00301 2
-1.97852 2
-1.95478 2
-1.94215 2
-1.93631 4
-1.92368 2
-1.90744 2
-1.89994 4
-1.89278 2
-1.87545 2
-1.87164 4
-1.85318 4
-1.82943 2
-1.7859 6
-1.76743 6
-1.75011 8
-1.73164 4
-1.70657 2
-1.70277 2
-1.68943 2
-1.66056 4
-1.63607 2
-1.62857 2
-1.62476 12
-1.62215 1
-1.60629 2
-1.58123 4
-1.57539 2
-1.55806 2
-1.53902 4
-1.52055 2
-1.51072 2
-1.50322 4
-1.49941 2
-1.47232 2
-1.46851 2
-1.45588 2
-1.45005 2
-1.43272 2
-1.42498 2
-1.40765 2
-1.38919 14
-1.35339 2
-1.34698 8
-1.32249 1
-1.30605 2
-1.30344 4
-1.29963 2
-1.28231 2
-1.26765 4
-1.26384 4
-1.23294 2
-1.22804 2
-1.22544 2
-1.22163 6
-1.19714 4
-1.1781 4
-1.16077 2
-1.15493 2
-1.1423 22
-1.1114 2
-1.10759 2
-1.07561 2
-1.0718 8
-1.03542 2
-1.02826 4
-1.01695 2
-1.00452 2
-0.986055 6
-0.950259 6
-0.925194 2
-0.902918 4
-0.900313 1
-0.895416 2
-0.879176 2
-0.867122 2
-0.864517 6
-0.85469 2
-0.828721 2
-0.824912 6
-0.799848 6
-0.78138 6
-0.757638 2
-0.73917 8
-0.714684 2
-0.710876 2
-0.703374 2
-0.67831 4
-0.674501 4
-0.656033 2
-0.625134 2
-0.607806 10
-0.595173 2
-0.589338 6
-0.578028 1
-0.552963 4
-0.547128 2
-0.524669 2
-0.522063 4
-0.499787 2
-0.486268 4
-0.482459 4
-0.4678 2
-0.463991 6
-0.438927 6
-0.403131 4
-0.396717 4
-0.384663 2
-0.360921 8
-0.342453 2
-0.317389 4
-0.277784 4
-0.275179 4
-0.27137 2
-0.246885 10
-0.239383 2
-0.204675 2
-0.192042 10
-0.143814 1
-0.125347 4
-0.121538 10
-0.114037 2
-0.106879 2
-0.0857421 2
-0.0548425 2
-0.0422097 2
-7.10543e-15 22
0.0184679 4
0.0422097 2
0.0793283 2
0.0831369 2
0.0857421 4
0.10307 2
0.121538 4
0.125347 12
0.143814 1
0.149832 2
0.156246 2
0.161142 2
0.168879 2
0.192042 4
0.204675 4
0.211089 2
0.235574 6
0.246885 6
0.277784 2
0.31358 4
0.317389 2
0.342453 4
0.349955 1
0.360921 8
0.378249 2
0.396717 4
0.403131 4
0.438927 6
0.463991 2
0.4678 2
0.482459 10
0.486268 2
0.503596 2
0.518255 2
0.534495 2
0.547128 2
0.552963 4
0.564273 2
0.578028 1
0.589338 6
0.607806 6
0.625134 2
0.6361 2
0.643601 2
0.656033 2
0.672475 2
0.674501 2
0.710876 2
0.745584 2
0.75048 2
0.757638 2
0.78138 12
0.794013 2
0.799848 6
0.824912 2
0.836222 2
0.84338 2
0.860708 6
0.864517 2
0.882985 2
0.88559 2
0.902918 2
0.906726 4
0.921386 4
0.931212 2
0.950259 6
0.968727 2
0.986055 6
1.00452 2
1.01695 2
1.02826 4
1.04673 4
1.0718 4
1.07561 2
1.10009 2
1.10759 2
1.1114 2
1.12383 2
1.13849 2
1.1423 4
1.16077 2
1.1781 4
1.18583 2
1.19714 4
1.22544 2
1.26384 22
1.26765 2
1.32249 1
1.32851 2
1.33434 2
1.34698 8
1.35339 2
1.37072 2
1.38919 14
1.42498 2
1.43272 2
1.45588 2
1.46851 6
1.47232 4
1.50322 2
1.51072 4
1.51453 2
1.53902 10
1.57539 2
1.58123 4
1.59386 8
1.60629 2
1.62476 4
1.66056 2
1.66436 6
1.66697 2
1.70277 2
1.73164 4
1.75011 8
1.7859 6
1.79364 1
1.81097 4
1.81478 2
1.85318 2
1.86523 1
1.87164 10
1.88147 4
1.91125 2
1.92368 2
1.93631 4
1.94215 4
1.94965 1
1.97852 2
1.99699 6
2.00301 2
2.02148 4
2.04522 2
2.05785 4
2.06166 2
2.06369 2
2.0675 2
2.12836 18
2.14682 6
2.17772 1
2.1832 2
2.18903 2
2.2141 10
2.24989 4
2.2537 2
2.26836 4
2.27217 2
2.2846 2
2.2921 4
2.3204 2
2.33303 2
2.33944 6
2.36393 2
2.37524 8
2.39371 2
2.40614 4
2.41877 4
2.42461 2
2.44194 2
2.46098 4
2.48547 2
2.48928 12
2.49678 2
2.53149 10
2.54412 2
2.56728 6
2.61081 8
2.61462 4
2.63456 1
2.65302 4
2.67149 2
2.68132 2
2.69263 2
2.72353 2
2.73616 14
2.76706 2
2.77837 2
2.78439 2
2.80286 4
2.8219 4
2.83173 2
2.83923 2
2.8577 4
2.86151 2
2.88599 2
2.8886 2
2.89241 2
2.89991 2
2.90974 4
2.9282 4
2.94725 2
2.97041 2
2.97174 4
2.98305 4
3.01395 6
3.03127 2
3.04391 1
3.04974 10
3.07861 4
3.09708 2
3.11441 2
3.13288 2
3.13929 2
3.15662 2
3.16378 2
3.17509 4
3.20015 4
3.20599 2
3.21862 4
3.24236 2
3.27066 2
3.28912 6
3.29663 2
3.31287 2
3.3255 6
3.3564 2
3.37487 2
3.39219 8
3.41066 4
3.41447 2
3.42799 1
3.43954 2
3.44704 4
3.45287 2
3.50623 2
3.51373 2
3.51754 18
3.53601 4
3.56107 2
3.57238 2
3.58424 2
3.59687 4
3.60328 2
3.62175 2
3.63158 2
3.63908 6
3.64289 2
3.65755 4
3.66737 2
3.68642 2
3.70958 2
3.72222 2
3.75312 8
3.76443 2
3.76575 1
3.78289 2
3.78891 2
3.79533 2
3.83112 2
3.84375 2
3.85017 2
3.85999 2
3.87465 4
3.87846 4
3.91426 4
3.91686 2
3.92067 2
3.94516 2
3.9642 2
4 34
4.00381 2
4.0358 2
4.06467 2
4.0705 6
4.08314 2
4.10688 2
4.11404 2
4.12535 8
4.14983 2
4.15625 2
4.16888 2
4.19204 6
4.20467 2
4.21711 2
4.23425 1
4.23938 2
4.24688 6
4.25069 2
4.27518 4
4.31155 2
4.31739 10
4.34245 6
4.36092 6
4.37825 2
4.39672 2
4.40313 4
4.42762 2
4.43143 2
4.43893 2
4.46399 2
4.4678 6
4.48627 2
4.52206 2
4.5345 4
4.54713 2
4.55296 4
4.57201 1
4.58934 4
4.59315 2
4.60781 6
4.61763 2
4.62513 2
4.6436 2
4.65984 4
4.6745 4
4.67831 4
4.69564 2
4.70337 2
4.71468 2
4.73917 4
4.75764 2
4.78138 6
4.79401 2
4.79985 4
4.82491 2
4.86452 10
4.89542 2
4.92519 2
4.95026 10
4.95609 1
4.97342 2
4.98605 6
5.01695 4
5.02076 4
5.02826 4
5.05275 2
5.05656 2
5.09877 2
5.10009 2
5.1114 4
5.1423 14
5.16077 2
5.1781 4
5.19714 4
5.22031 2
5.22163 2
5.22544 2
5.23294 2
5.26384 4
5.26765 12
5.29213 2
5.30344 4
5.32851 2
5.34698 4
5.36544 1
5.38919 8
5.41748 2
5.45588 2
5.45969 2
5.47232 2
5.48475 2
5.50322 2
5.51453 2
5.52055 2
5.53902 6
5.56276 2
5.57539 2
5.58123 4
5.60629 2
5.6101 2
5.62476 4
5.62857 2
5.63607 2
5.6459 4
5.66056 4
5.66436 4
5.68943 2
5.69526 2
5.70657 2
5.7079 4
5.73164 4
5.75011 4
5.76743 2
5.7859 10
5.81478 2
5.8168 2
5.82228 1
5.85318 4
5.87545 2
5.89278 2
5.91125 2
5.92368 2
5.93631 2
5.94215 6
5.95478 2
5.97852 4
6.00301 6
6.00682 4
6.04903 2
6.05035 1
6.06369 2
6.09256 2
6.12836 14
6.13477 1
6.14682 2
6.17057 2
6.18903 4
6.20636 1
6.21791 2
6.24989 4
6.2537 12
6.2846 4
6.29723 2
6.3204 6
6.33303 2
6.33944 2
6.37524 4
6.39371 2
6.40353 2
6.40614 8
6.40995 2
6.44574 2
6.47081 2
6.48928 6
6.50059 2
6.53149 8
6.54412 2
6.56728 4
6.59616 2
6.61081 10
6.65302 4
6.65683 2
6.67751 1
6.68132 6
6.71769 2
6.72353 2
6.73616 22
6.80286 4
6.80667 6
6.81417 2
6.84304 2
6.86151 2
6.87394 2
6.89241 4
6.9282 12
6.95327 4
6.98305 2
6.99548 2
7.01134 2
7.01395 4
7.03127 2
7.05355 4
7.07861 4
7.08445 2
7.09708 2
7.11441 2
7.12082 2
7.13929 6
7.14531 2
7.15662 2
7.16378 2
7.17509 2
7.20015 4
7.20599 2
7.2098 2
7.27066 12
7.28912 4
7.30645 2
7.3255 2
7.34397 2
7.35379 2
7.3564 2
7.39219 6
7.396 2
7.41066 4
7.41447 2
7.42197 1
7.4318 2
7.47533 2
7.48175 2
7.51754 14
7.53601 2
7.56107 4
7.60068 2
7.60328 2
7.63158 4
7.63908 6
7.65005 1
7.67379 2
7.68642 4
7.70958 4
7.72222 2
7.75312 6
7.75692 2
7.76443 6
7.78891 2
7.79272 2
7.79533 4
7.83112 2
7.83493 2
7.85619 1
7.87846 14
7.89693 2
7.91426 6
7.92067 2
7.94516 2
7.95779 2
7.98153 4
8 4
8.00381 2
8.02829 2
8.0396 2
8.04221 2
8.0705 4
8.10688 2
8.11404 2
8.12535 4
8.14381 1
8.19204 10
8.19585 2
8.22092 2
8.23938 2
8.25671 6
8.27518 4
8.29892 2
8.31739 6
8.34245 2
8.36092 6
8.38206 4
8.38466 2
8.39672 2
8.43143 2
8.43893 4
8.44274 2
8.4678 4
8.48627 4
8.5036 2
8.52206 4
8.5345 2
8.55296 4
8.57803 1
8.58934 4
8.59517 2
8.6361 2
8.65603 2
8.65984 12
8.67831 4
8.70337 2
8.71468 2
8.73917 8
8.78138 6
8.78519 4
8.79985 4
8.82872 2
8.86452 8
8.89542 2
8.90031 1
8.90673 4
8.92519 2
8.93121 2
8.97855 2
8.98605 4
8.98986 2
9.01695 2
9.05656 10
9.06297 2
9.07561 2
9.1114 2
9.12383 2
9.1423 22
9.1781 4
9.18191 2
9.20697 2
9.22544 4
9.24918 2
9.26765 6
9.30344 4
9.32249 1
9.33434 2
9.34698 4
9.38919 10
9.41748 4
9.45588 2
9.45969 6
9.47232 2
9.50322 4
9.52055 2
9.53902 4
9.54283 2
9.58123 4
9.60629 2
9.6101 2
9.62215 1
9.62857 2
9.66436 6
9.68943 2
9.70657 2
9.73164 4
9.75011 4
9.76743 6
9.78971 2
9.81478 2
9.82061 2
9.87545 2
9.88147 4
9.89278 2
9.89994 4
9.92368 4
9.93631 2
9.94215 2
10.0068 12
10.0253 2
10.0426 2
10.0452 2
10.0675 2
10.0848 2
10.0926 4
10.1284 8
10.1322 2
10.1468 4
10.168 2
10.1706 6
10.1777 1
10.1989 2
10.2537 6
10.2846 2
10.3031 2
10.3204 4
10.3394 4
10.3639 2
10.3677 2
10.3752 4
10.4099 4
10.4284 1
10.4457 10
10.4893 6
10.5006 2
10.5251 4
10.5315 6
10.5673 2
10.5711 2
10.6146 4
10.6346 1
10.6504 2
10.6568 2
10.6813 4
10.6926 2
10.7177 4
10.7235 2
10.7362 4
10.7671 2
10.7784 2
10.7882 2
10.8008 1
10.8029 4
10.8067 4
10.8317 2
10.8489 2
10.8924 2
10.9097 4
10.9282 18
10.9571 2
10.9929 2
11.0351 6
11.0535 4
11.0786 4
11.1208 2
11.1453 2
11.1491 2
11.1676 2
11.1751 2
11.204 2
11.206 2
11.2707 6
11.2891 2
11.3129 2
11.3255 4
11.3313 4
11.3564 2
11.3922 6
11.396 10
11.4145 2
11.428 1
11.4753 6
11.4817 2
11.5175 8
11.536 2
11.5458 2
11.5533 2
11.6007 2
11.6071 1
11.6316 2
11.6429 2
11.6674 2
11.6738 2
11.6787 1
11.7096 6
11.7531 6
11.7569 4
11.7927 6
11.7953 2
11.8236 2
11.8311 2
11.86 2
11.8785 22
11.9143 2
11.949 2
11.9565 4
11.9853 2
12.0038 4
12.0705 6
12.0831 2
12.1253 4
12.1498 2
12.1536 2
12.1562 2
12.1959 4
12.2343 1
12.2567 2
12.2752 4
12.2816 4
12.2989 2
12.3174 4
12.3425 4
12.3463 2
12.3782 2
12.4005 2
12.413 2
12.4256 2
12.4314 2
12.4488 2
12.4678 2
12.4863 2
12.5036 6
12.5345 2
12.553 4
12.5568 2
12.5741 2
12.5931 2
12.6176 2
12.6598 8
12.6783 4
12.6956 2
12.7034 2
12.743 2
12.7814 4
12.821 2
12.8287 2
12.8519 2
12.8645 6
12.9067 8
12.9312 2
12.9561 1
12.9772 2
12.9899 2
13.0208 4
13.0566 6
13.0988 2
13.1001 2
13.1114 2
13.1423 4
13.1461 2
13.1781 4
13.1819 4
13.2254 2
13.2612 2
13.2676 6
13.3034 4
13.3285 2
13.3343 4
13.399 2
13.4175 6
13.4539 4
13.4597 4
13.5032 2
13.5145 2
13.5244 2
13.539 4
13.5792 1
13.5812 4
13.585 2
13.6101 2
13.6459 4
13.6644 10
13.7126 1
13.729 2
13.7316 4
13.7712 2
13.8021 2
13.857 4
13.8815 4
13.9237 2
13.9275 2
13.9421 4
13.9595 2
14.0068 8
14.0253 2
14.049 2
14.0503 1
14.0675 2
14.1284 10
14.1322 4
14.1348 1
14.1989 4
14.2064 1
14.2537 6
14.2846 2
14.3204 2
14.3242 2
14.3677 2
14.4035 2
14.4099 2
14.4344 1
14.4457 6
14.4893 4
14.5289 2
14.5315 6
14.5353 2
14.5673 2
14.5962 2
14.602 2
14.6146 8
14.6504 2
14.6813 2
14.6926 2
14.8067 6
14.8615 2
14.8924 2
14.9097 4
14.9282 4
14.932 2
14.9802 2
14.9929 2
15.0351 2
15.0422 2
15.0535 4
15.0786 4
15.1144 2
15.1491 2
15.1566 2
15.1789 1
15.1849 2
15.204 2
15.2098 2
15.2271 2
15.2398 4
15.2707 6
15.2891 2
15.3129 2
15.3538 2
15.396 8
15.4318 2
15.4627 2
15.4817 2
15.5175 10
15.588 4
15.6131 1
15.6316 2
15.6429 6
15.65 1
15.6674 4
15.6712 2
15.7096 2
15.7569 2
15.7927 4
15.8349 2
15.86 2
15.8785 4
15.9143 4
15.9181 2
15.9207 2
16.0038 2
16.0396 2
16.0705 10
16.1069 2
16.1352 2
16.1774 2
16.1959 6
16.2209 2
16.2394 2
16.2605 2
16.2752 4
16.3174 4
16.3821 4
16.4005 2
16.413 2
16.4678 2
16.491 1
16.5074 2
16.5383 2
16.6176 6
16.6598 4
16.6783 4
16.6881 2
16.6956 2
16.743 2
16.7852 4
16.8037 2
16.8287 2
16.8645 6
16.8954 2
16.9003 1
16.935 4
17.0208 8
17.0566 4
17.0988 2
17.1461 2
17.1819 6
17.2128 2
17.2254 2
17.2676 4
17.2959 2
17.3034 4
17.399 2
17.4175 2
17.4288 2
17.4597 2
17.5205 2
17.5428 2
17.6222 1
17.6286 2
17.6459 8
17.7066 2
17.7164 2
17.7712 2
17.8021 2
17.8206 2
17.8853 2
17.8928 2
17.9211 2
17.9237 2
17.9633 2
18.0068 4
18.0253 2
18.049 6
18.0735 2
18.1322 2
18.168 2
18.1989 6
18.2537 4
18.3204 2
18.3242 6
18.3915 1
18.4035 2
18.4099 2
18.4284 1
18.4457 4
18.4496 2
18.5413 2
18.5598 2
18.5711 2
18.5962 2
18.6504 2
18.6568 2
18.6667 2
18.6813 2
18.7882 2
18.8008 1
18.8067 10
18.9135 2
18.9993 2
19.0535 4
19.1491 4
19.1849 2
19.204 2
19.2707 4
19.2745 2
19.3412 2
19.3538 2
19.396 6
19.4318 2
19.4627 2
19.4665 2
19.5458 2
19.588 4
19.6007 2
19.6071 1
19.6712 2
19.6738 2
19.6787 1
19.7096 4
19.7569 2
19.7927 2
19.8349 4
19.9068 1
19.949 2
19.9912 1
20.0038 2
20.052 4
20.0743 2
20.1352 2
20.1536 2
20.1774 2
20.1959 2
20.2567 2
20.2989 2
20.3272 2
20.3821 4
20.4005 2
20.4526 2
20.5383 2
20.5741 2
20.6598 4
20.6994 2
20.7303 2
20.743 4
20.7852 4
20.8097 4
20.8519 2
20.935 4
20.9772 2
20.9899 2
21.0566 4
21.0854 1
21.1819 2
21.2128 2
21.3197 2
21.3323 2
21.3382 2
21.4175 4
21.4597 2
21.5244 2
21.5428 4
21.5792 1
21.7126 1
21.7599 4
21.8379 4
21.8853 2
21.9275 2
21.9633 2
22.0068 4
22.0773 2
22.1322 2
22.1989 2
22.2411 2
22.3242 4
22.3677 2
22.4344 1
22.4457 4
22.5598 2
22.5711 2
22.6851 2
22.7882 6
22.9135 2
22.932 2
22.9802 2
22.9929 2
23.0351 2
23.0634 2
23.1056 2
23.1491 2
23.1789 1
23.2745 2
23.396 6
23.4627 2
23.4665 2
23.5213 4
23.5458 2
23.588 4
23.6131 1
23.6712 2
23.7385 2
23.7927 2
23.8638 1
23.949 4
24.0136 2
24.1959 4
24.2605 2
24.413 2
24.491 1
24.5383 4
24.5741 4
24.6572 1
24.6881 2
24.743 2
24.8135 2
24.935 4
24.9772 2
25.0604 2
25.1461 2
25.1819 4
25.2128 2
25.3382 2
25.399 2
25.4635 1
25.5244 6
25.7164 2
25.7712 2
25.8021 2
25.8417 2
25.9275 2
26.1989 4
26.2027 2
26.282 2
26.3242 2
26.3915 1
26.4496 2
26.5598 2
26.6667 2
26.6851 2
26.792 2
27.1491 2
27.1849 2
27.3103 4
27.4356 1
27.4665 2
27.588 4
27.7134 4
27.9068 1
27.9912 1
28.1352 2
28.1774 2
28.2605 2
28.4526 2
28.5383 2
28.935 4
29.0604 2
29.0854 1
29.3382 2
29.4695 1
29.7164 2
29.8853 2
29.9633 2
30.0773 2
30.3242 2
30.6667 2
30.6851 2
30.9135 2
31.2745 2
31.8638 1
32.2479 1
32.4526 2
32.6572 1
32.8557 2
33.0604 2
33.4635 1
34.9418 1
35.1887 2
35.4356 1
37.4695 1
37.5949 2
37.7202 1
40.2479 1
42.9418 1
45.7202 1
