-55.3736 0
-54.2661 0
-53.1586 0
-52.0512 0
-50.9437 0
-49.8362 0
-48.7287 0
-47.6213 1
-46.5138 4
-45.4063 7
-44.2989 16
-43.1914 9
-42.0839 22
-40.9764 14
-39.869 30
-38.7615 38
-37.654 53
-36.5466 54
-35.4391 78
-34.3316 107
-33.2241 123
-32.1167 171
-31.0092 198
-29.9017 258
-28.7943 305
-27.6868 384
-26.5793 451
-25.4718 532
-24.3644 636
-23.2569 699
-22.1494 805
-21.042 899
-19.9345 1073
-18.827 1162
-17.7195 1354
-16.6121 1457
-15.5046 1674
-14.3971 1776
-13.2897 1982
-12.1822 2068
-11.0747 2268
-9.96724 2382
-8.85977 2566
-7.7523 2619
-6.64483 2777
-5.53736 2879
-4.42989 2979
-3.32241 3004
-2.21494 3070
-1.10747 3109
7.10543e-15 3095
1.10747 3158
2.21494 3066
3.32241 3032
4.42989 2932
5.53736 2912
6.64483 2782
7.7523 2661
8.85977 2498
9.96724 2425
11.0747 2215
12.1822 2133
13.2897 1899
14.3971 1796
15.5046 1602
16.6121 1524
17.7195 1329
18.827 1214
19.9345 1050
21.042 958
22.1494 799
23.2569 729
24.3644 609
25.4718 509
26.5793 434
27.6868 368
28.7943 292
29.9017 251
31.0092 203
32.1167 162
33.2241 135
34.3316 128
35.4391 89
36.5466 78
37.654 43
38.7615 39
39.869 19
40.9764 21
42.0839 11
43.1914 12
44.2989 2
45.4063 8
46.5138 1
47.6213 3
48.7287 4
49.8362 0
50.9437 1
52.0512 0
53.1586 1
54.2661 0
55.3736 1
