-62.9487 1
-61.6897 1
-60.4307 0
-59.1718 1
-57.9128 4
-56.6538 0
-55.3948 4
-54.1359 9
-52.8769 5
-51.6179 12
-50.359 25
-49.1 23
-47.841 44
-46.582 76
-45.3231 95
-44.0641 153
-42.8051 221
-41.5461 306
-40.2872 377
-39.0282 464
-37.7692 641
-36.5102 817
-35.2513 1008
-33.9923 1297
-32.7333 1627
-31.4743 2023
-30.2154 2480
-28.9564 3019
-27.6974 3630
-26.4385 4317
-25.1795 5084
-23.9205 5918
-22.6615 6760
-21.4026 7806
-20.1436 8834
-18.8846 9947
-17.6256 11180
-16.3667 12396
-15.1077 13625
-13.8487 14965
-12.5897 16126
-11.3308 17335
-10.0718 18447
-8.81282 19538
-7.55384 20503
-6.29487 21396
-5.0359 22052
-3.77692 22708
-2.51795 23089
-1.25897 23361
0 23592
1.25897 23361
2.51795 23089
3.77692 22708
5.0359 22052
6.29487 21396
7.55384 20503
8.81282 19538
10.0718 18447
11.3308 17335
12.5897 16126
13.8487 14965
15.1077 13625
16.3667 12396
17.6256 11180
18.8846 9947
20.1436 8834
21.4026 7806
22.6615 6760
23.9205 5918
25.1795 5084
26.4385 4317
27.6974 3630
28.9564 3019
30.2154 2480
31.4743 2023
32.7333 1627
33.9923 1297
35.2513 1008
36.5102 817
37.7692 641
39.0282 464
40.2872 377
41.5461 306
42.8051 221
44.0641 153
45.3231 95
46.582 76
47.841 44
49.1 23
50.359 25
51.6179 12
52.8769 5
54.1359 9
55.3948 4
56.6538 0
57.9128 4
59.1718 1
60.4307 0
61.6897 1
62.9487 1
