-27.8206
-26.1671
-26.1671
-24.6215
-24.6215
-24.4533
-24.4533
-24.4533
-24.4533
-23.3129
-22.6851
-22.6851
-20.7846
-20.7846
-19.2389
-19.2389
-19.2389
-19.2389
-19.2389
-19.2389
-19.182
-19.182
-19.1704
-19.0376
-19.0376
-18.6851
-18.6851
-17.5251
-17.5251
-17.5112
-17.5112
-17.5112
-17.5112
-17.255
-17.255
-17.2128
-17.2128
-16.7846
-16.7846
-16.7626
-16.7626
-16.5851
-16.5851
-16.5851
-16.5851
-16.3107
-16.3107
-16.3107
-16.3107
-15.7286
-15.5133
-15.5133
-15.5133
-15.5133
-15.2389
-15.2389
-15.2389
-15.2389
-15.2389
-15.2389
-15.2389
-15.2389
-15.2169
-15.2169
-15.2169
-15.2169
-15.1956
-15.1956
-15.1744
-15.1744
-15.1744
-15.1744
-14.6626
-14.0806
-14.0806
-14.0806
-14.0806
-13.9676
-13.9676
-13.9676
-13.9676
-13.8564
-13.8564
-13.8564
-13.8564
-13.8564
-13.8564
-13.5251
-13.5251
-13.5251
-13.5251
-13.2665
-13.2128
-13.2128
-12.9146
-12.9146
-12.4005
-12.4005
-12.3107
-12.3107
-12.3107
-12.3107
-12.3107
-12.3107
-12.3107
-12.3107
-12.2437
-12.2437
-12.2399
-12.2399
-12.1094
-12.1094
-11.9835
-11.944
-11.944
-11.944
-11.944
-11.2389
-11.2389
-11.2209
-10.9502
-10.9502
-10.9282
-10.9282
-10.9282
-10.9282
-10.9282
-10.9282
-10.9282
-10.9282
-10.9282
-10.9282
-10.9282
-10.9282
-10.5969
-10.5969
-10.5969
-10.5969
-10.583
-10.583
-10.4721
-10.4721
-10.4721
-10.4721
-10.3711
-10.3711
-10.2419
-10.2419
-9.96759
-9.96759
-9.96759
-9.96759
-9.85641
-9.85641
-9.85641
-9.85641
-9.85641
-9.85641
-9.85641
-9.85641
-9.83437
-9.83437
-9.83437
-9.83437
-9.83437
-9.83437
-9.65685
-9.65685
-9.65685
-9.65685
-9.53092
-9.53092
-9.52515
-9.52515
-9.40456
-9.40456
-9.40456
-9.40456
-9.13632
-9.13632
-9.13632
-9.13632
-8.8545
-8.8545
-8.8545
-8.8545
-8.82872
-8.82872
-8.75878
-8.58506
-8.58506
-8.58506
-8.58506
-8.58506
-8.58506
-8.58506
-8.58506
-8.40053
-8.40053
-8.31073
-8.31073
-8.31073
-8.31073
-8.29986
-8.29986
-8.10936
-8.10936
-8.10936
-8.10936
-7.91857
-7.91857
-7.87846
-7.87846
-7.87846
-7.87846
-7.86829
-7.86829
-7.85044
-7.85044
-7.72385
-7.72385
-7.47575
-7.27706
-7.27706
-7.07836
-6.9282
-6.9282
-6.9282
-6.9282
-6.9282
-6.9282
-6.9282
-6.9282
-6.9282
-6.9282
-6.9282
-6.9282
-6.9282
-6.9282
-6.9282
-6.9282
-6.9282
-6.9282
-6.9282
-6.9282
-6.9282
-6.9282
-6.9282
-6.9282
-6.9282
-6.9282
-6.9282
-6.9282
-6.90617
-6.90617
-6.90617
-6.90617
-6.6727
-6.6727
-6.58301
-6.58301
-6.58301
-6.58301
-6.47214
-6.47214
-6.47214
-6.47214
-6.046
-6.046
-5.98642
-5.98642
-5.85641
-5.85641
-5.85641
-5.85641
-5.85641
-5.85641
-5.85641
-5.85641
-5.83437
-5.83437
-5.83437
-5.83437
-5.83437
-5.83437
-5.83437
-5.83437
-5.81234
-5.81234
-5.76985
-5.76985
-5.76985
-5.76985
-5.65685
-5.65685
-5.65685
-5.65685
-5.65685
-5.65685
-5.65685
-5.65685
-5.65685
-5.65685
-5.65685
-5.65685
-5.65685
-5.65685
-5.65685
-5.65685
-5.38253
-5.38253
-5.38253
-5.38253
-5.38253
-5.38253
-5.27135
-5.27135
-5.27135
-5.27135
-5.18115
-5.18115
-5.1423
-5.1423
-5.1423
-5.1423
-5.0232
-5.0232
-5.01584
-5.01584
-5.0019
-5.0019
-5.0019
-5.0019
-4.82872
-4.82872
-4.61625
-4.58506
-4.58506
-4.58506
-4.58506
-4.58506
-4.58506
-4.58506
-4.58506
-4.56302
-4.56302
-4.56302
-4.56302
-4.32513
-4.32513
-4.31073
-4.31073
-4.31073
-4.31073
-4.31073
-4.31073
-4.25549
-4.25549
-4.19955
-4.19955
-4.19955
-4.19955
-4.02203
-4.02203
-4.02203
-4.02203
-4.02203
-4.02203
-4
-4
-4
-4
-4
-4
-4
-4
-3.87846
-3.87846
-3.87846
-3.87846
-3.79214
-3.79214
-3.6548
-3.6548
-3.6548
-3.6548
-3.60845
-3.60845
-3.60845
-3.60845
-3.59344
-3.59344
-3.58315
-3.58315
-3.3564
-3.3564
-3.33321
-3.31371
-3.31371
-2.9282
-2.9282
-2.9282
-2.9282
-2.9282
-2.9282
-2.9282
-2.9282
-2.9282
-2.9282
-2.9282
-2.9282
-2.9282
-2.9282
-2.9282
-2.9282
-2.9282
-2.9282
-2.9282
-2.9282
-2.90617
-2.90617
-2.90617
-2.90617
-2.90617
-2.90617
-2.90617
-2.90617
-2.73616
-2.73616
-2.73616
-2.73616
-2.72865
-2.72865
-2.72865
-2.72865
-2.65388
-2.65388
-2.65388
-2.65388
-2.58301
-2.58301
-2.57064
-2.25386
-2.25386
-2.23015
-2.23015
-2.23015
-2.23015
-2.0381
-2.0381
-1.98642
-1.98642
-1.98642
-1.98642
-1.9263
-1.9263
-1.91236
-1.91236
-1.91236
-1.91236
-1.85641
-1.85641
-1.85641
-1.85641
-1.83437
-1.83437
-1.72087
-1.72087
-1.65685
-1.65685
-1.65685
-1.65685
-1.65685
-1.65685
-1.65685
-1.65685
-1.65685
-1.65685
-1.65685
-1.65685
-1.65685
-1.65685
-1.60092
-1.60092
-1.54567
-1.54567
-1.52786
-1.52786
-1.52786
-1.52786
-1.45588
-1.45588
-1.38253
-1.38253
-1.38253
-1.38253
-1.38253
-1.38253
-1.38253
-1.38253
-1.17451
-1.1423
-1.1423
-1.1423
-1.1423
-1.09383
-1.09383
-1.09383
-1.09383
-1.01584
-1.01584
-1.01584
-1.01584
-0.926151
-0.926151
-0.795649
-0.795649
-0.702282
-0.702282
-0.702282
-0.702282
-0.641516
-0.641516
-0.585057
-0.585057
-0.585057
-0.585057
-0.585057
-0.585057
-0.585057
-0.585057
-0.563024
-0.563024
-0.563024
-0.563024
-0.310734
-0.310734
-0.108525
-0.0220331
-0.0220331
-0.0220331
-0.0220331
-0.0220331
-0.0220331
-0.0220331
-0.0220331
0
0
0
0
0
0
0
0
0
0
0
0
0
0
0
0
0
0
0
0
0
0
0
0
0
0
0
0
0
0
0
0
0
0
0
0
0
0
0
0
0
0
0
0
0
0
0
0.108525
0.269444
0.269444
0.633538
0.633538
0.641516
0.641516
0.643601
0.643601
0.686292
0.686292
0.686292
0.686292
0.94178
0.94178
1.0718
1.0718
1.0718
1.0718
1.0718
1.0718
1.0718
1.0718
1.0718
1.0718
1.0718
1.0718
1.0718
1.0718
1.09383
1.09383
1.09383
1.09383
1.13632
1.13632
1.13632
1.13632
1.17451
1.24932
1.24932
1.24932
1.24932
1.26384
1.26384
1.26384
1.26384
1.34612
1.34612
1.34612
1.34612
1.45588
1.45588
1.54567
1.54567
1.65685
1.65685
1.65685
1.65685
1.72087
1.72087
1.86745
1.86745
1.91236
1.91236
1.91236
1.91236
1.9263
1.9263
2.0737
2.0737
2.0737
2.0737
2.25386
2.25386
2.34315
2.34315
2.34315
2.34315
2.47214
2.47214
2.47214
2.47214
2.54412
2.54412
2.57064
2.61747
2.61747
2.67271
2.67271
2.72865
2.72865
2.72865
2.72865
2.72865
2.72865
2.72865
2.72865
2.73616
2.73616
2.73616
2.73616
2.90617
2.90617
2.90617
2.90617
2.90617
2.90617
2.90617
2.90617
2.9282
2.9282
2.9282
2.9282
2.9282
2.9282
2.9282
2.9282
2.9282
2.9282
2.9282
2.9282
2.98416
2.98416
3.20435
3.20435
3.20435
3.20435
3.33321
3.3564
3.3564
3.35899
3.35899
3.59344
3.59344
3.61449
3.61449
3.6548
3.6548
3.6548
3.6548
3.79214
3.79214
3.97797
3.97797
4
4
4
4
4
4
4
4
4
4
4
4
4
4
4
4
4
4
4
4
4
4
4
4
4
4
4
4
4
4
4
4
4
4
4
4
4
4
4
4
4
4
4
4
4
4
4
4
4
4
4.02203
4.02203
4.02203
4.02203
4.02203
4.02203
4.32513
4.32513
4.61625
4.64101
4.64101
5.0019
5.0019
5.0019
5.0019
5.01584
5.01584
5.0232
5.0232
5.0718
5.0718
5.0718
5.0718
5.0718
5.0718
5.0718
5.0718
5.09383
5.09383
5.09383
5.09383
5.09383
5.09383
5.1423
5.1423
5.1423
5.1423
5.24932
5.24932
5.24932
5.24932
5.27135
5.27135
5.27135
5.27135
5.27135
5.27135
5.27135
5.27135
5.32729
5.32729
5.38253
5.38253
5.38253
5.38253
5.38253
5.38253
5.45588
5.45588
5.65685
5.65685
5.65685
5.65685
5.65685
5.65685
5.65685
5.65685
5.65685
5.65685
5.65685
5.65685
5.65685
5.65685
5.65685
5.65685
5.81234
5.81234
5.9263
5.9263
5.9263
5.9263
6.046
6.046
6.0737
6.0737
6.08059
6.08059
6.08059
6.08059
6.13255
6.13255
6.34315
6.34315
6.34315
6.34315
6.67271
6.67271
6.67271
6.67271
6.72865
6.72865
6.72865
6.72865
6.72865
6.72865
6.72865
6.72865
6.73616
6.73616
6.73616
6.73616
6.75068
6.75068
6.75068
6.75068
6.90617
6.90617
6.90617
6.90617
6.9282
6.9282
6.9282
6.9282
6.9282
6.9282
6.9282
6.9282
6.9282
6.9282
6.9282
6.9282
6.9282
6.9282
6.9282
6.9282
6.9282
6.9282
6.9282
6.9282
6.9282
6.9282
6.9282
6.9282
6.9282
6.9282
6.9282
6.9282
7.05822
7.05822
7.07836
7.17442
7.17442
7.17442
7.17442
7.27706
7.27706
7.3564
7.3564
7.36646
7.36646
7.47575
7.73056
7.73056
7.87846
7.87846
7.87846
7.87846
7.91857
7.91857
8
8
8
8
8
8
8
8
8
8
8
8
8
8
8
8
8
8
8
8
8
8
8
8
8
8
8
8
8
8
8
8
8
8
8.02203
8.02203
8.02203
8.02203
8.02203
8.02203
8.02203
8.02203
8.29986
8.29986
8.31073
8.31073
8.31073
8.31073
8.58506
8.58506
8.58506
8.58506
8.70228
8.70228
8.70228
8.70228
8.75878
8.79565
8.79565
8.82872
8.82872
8.8545
8.8545
8.8545
8.8545
8.92615
8.92615
9.01584
9.01584
9.01584
9.01584
9.0718
9.0718
9.0718
9.0718
9.0718
9.0718
9.09383
9.09383
9.1423
9.1423
9.1423
9.1423
9.27135
9.27135
9.27135
9.27135
9.27135
9.27135
9.27135
9.27135
9.32729
9.32729
9.32729
9.32729
9.38253
9.38253
9.38253
9.38253
9.38253
9.38253
9.38253
9.38253
9.40456
9.40456
9.40456
9.40456
9.53092
9.53092
9.60092
9.60092
9.65685
9.65685
9.65685
9.65685
9.65685
9.65685
9.65685
9.65685
9.65685
9.65685
9.65685
9.65685
9.65685
9.65685
9.83437
9.83437
9.83437
9.83437
9.83437
9.83437
9.9263
9.9263
10.0381
10.0381
10.3431
10.3431
10.3431
10.3431
10.3711
10.3711
10.583
10.583
10.5969
10.5969
10.5969
10.5969
10.6539
10.6539
10.6539
10.6539
10.7287
10.7287
10.7287
10.7287
10.7287
10.7287
10.7287
10.7287
10.7507
10.7507
10.7507
10.7507
10.9062
10.9062
10.9062
10.9062
10.9062
10.9062
10.9282
10.9282
10.9282
10.9282
10.9282
10.9282
10.9282
10.9282
10.9282
10.9282
10.9282
10.9282
10.9282
10.9282
10.9282
10.9282
10.9282
10.9282
10.9282
10.9282
10.9502
10.9502
11.2209
11.5832
11.5832
11.6085
11.6085
11.6085
11.6085
11.8785
11.8785
11.8785
11.8785
11.944
11.944
11.944
11.944
11.9835
12
12
12
12
12
12
12
12
12
12
12
12
12
12
12
12
12
12
12.022
12.022
12.1996
12.1996
12.1996
12.1996
12.2437
12.2437
12.2555
12.2555
12.3107
12.3107
12.3107
12.3107
12.3107
12.3107
12.3107
12.3107
12.3855
12.3855
12.4005
12.4005
12.563
12.563
12.563
12.563
12.7956
12.7956
12.7956
12.7956
12.8287
12.8287
13.0158
13.0158
13.1812
13.1812
13.2665
13.2713
13.2713
13.2713
13.2713
13.2713
13.2713
13.2713
13.2713
13.3825
13.3825
13.6569
13.6569
13.6569
13.6569
13.8344
13.8344
13.8344
13.8344
13.8344
13.8344
13.8344
13.8344
13.8564
13.8564
13.8564
13.8564
13.8564
13.8564
13.9864
13.9864
14.583
14.583
14.583
14.583
14.6539
14.6539
14.6539
14.6539
14.6626
14.6727
14.6727
14.9062
14.9062
14.9282
14.9282
14.9282
14.9282
14.9282
14.9282
14.9282
14.9282
14.9282
14.9282
14.9282
14.9282
14.9282
14.9282
15.1956
15.1956
15.2169
15.2169
15.2169
15.2169
15.7239
15.7239
15.7286
15.8504
15.8504
15.8683
15.8683
16
16
16.3107
16.3107
16.3107
16.3107
16.4005
16.4005
16.563
16.563
16.563
16.563
16.5851
16.5851
16.5851
16.5851
16.5851
16.5851
16.5851
16.5851
16.7626
16.7626
17.2128
17.2128
17.5112
17.5112
17.5112
17.5112
17.5251
17.5251
17.6569
17.6569
17.6569
17.6569
17.8344
17.8344
17.8564
17.8564
17.8564
17.8564
17.8564
17.8564
17.8564
17.8564
17.9864
17.9864
17.9864
17.9864
18.583
18.583
18.9282
18.9282
18.9282
18.9282
18.9282
18.9282
18.9282
18.9282
19.1704
19.2389
19.2389
19.2389
19.2389
19.2389
19.2389
19.3137
19.3137
20
20
20.1094
20.1094
20.2399
20.2399
20.3107
20.3107
20.3107
20.3107
20.3107
20.3107
20.5851
20.5851
20.5851
20.5851
20.5851
20.5851
20.5851
20.5851
20.7846
20.7846
20.9146
20.9146
21.2128
21.2128
21.5251
21.5251
21.5251
21.5251
21.6569
21.6569
21.6569
21.6569
21.8564
21.8564
21.8564
21.8564
21.8564
21.8564
21.8564
21.8564
21.9676
21.9676
21.9676
21.9676
22.6851
22.6851
22.9282
22.9282
22.9282
22.9282
22.9282
22.9282
23.2389
23.2389
23.2389
23.2389
23.2389
23.2389
23.2389
23.2389
23.3129
23.3137
23.3137
23.3137
23.3137
23.5133
23.5133
23.5133
23.5133
24.1094
24.1094
24.1094
24.1094
24.3107
24.3107
24.4533
24.4533
24.4533
24.4533
24.5851
24.5851
24.5851
24.5851
24.5851
24.5851
24.5851
24.5851
24.6215
24.6215
24.7846
24.7846
25.255
25.255
25.5251
25.5251
25.8564
25.8564
25.8564
25.8564
25.9676
25.9676
25.9676
25.9676
26.1671
26.1671
26.2419
26.2419
26.6851
26.6851
27.0376
27.0376
27.182
27.182
27.2389
27.2389
27.8206
