-76.0389 2
-75.8868 0
-75.7347 0
-75.5826 0
-75.4306 0
-75.2785 16
-75.1264 8
-74.9743 8
-74.8223 0
-74.6702 8
-74.5181 0
-74.366 0
-74.2139 0
-74.0619 0
-73.9098 14
-73.7577 32
-73.6056 32
-73.4536 64
-73.3015 0
-73.1494 16
-72.9973 0
-72.8452 72
-72.6932 32
-72.5411 0
-72.389 32
-72.2369 0
-72.0849 0
-71.9328 0
-71.7807 24
-71.6286 80
-71.4765 24
-71.3245 64
-71.1724 64
-71.0203 136
-70.8682 0
-70.7162 64
-70.5641 0
-70.412 192
-70.2599 32
-70.1078 144
-69.9558 32
-69.8037 64
-69.6516 8
-69.4995 42
-69.3475 34
-69.1954 32
-69.0433 0
-68.8912 96
-68.7391 32
-68.5871 64
-68.435 192
-68.2829 416
-68.1308 0
-67.9788 160
-67.8267 0
-67.6746 352
-67.5225 128
-67.3704 160
-67.2184 416
-67.0663 96
-66.9142 0
-66.7621 200
-66.6101 160
-66.458 160
-66.3059 232
-66.1538 136
-66.0017 232
-65.8497 656
-65.6976 64
-65.5455 488
-65.3934 0
-65.2414 520
-65.0893 0
-64.9372 736
-64.7851 64
-64.633 264
-64.481 192
-64.3289 200
-64.1768 232
-64.0247 480
-63.8727 392
-63.7206 8
-63.5685 112
-63.4164 672
-63.2643 208
-63.1123 290
-62.9602 1752
-62.8081 320
-62.656 464
-62.504 1248
-62.3519 640
-62.1998 440
-62.0477 864
-61.8956 432
-61.7436 1568
-61.5915 544
-61.4394 968
-61.2873 544
-61.1353 496
-60.9832 176
-60.8311 960
-60.679 800
-60.5269 1568
-60.3749 1856
-60.2228 200
-60.0707 296
-59.9186 1488
-59.7666 2792
-59.6145 416
-59.4624 896
-59.3103 472
-59.1582 2080
-59.0062 976
-58.8541 1600
-58.702 1576
-58.5499 1464
-58.3979 376
-58.2458 1584
-58.0937 656
-57.9416 3968
-57.7895 1856
-57.6375 3424
-57.4854 472
-57.3333 2178
-57.1812 7064
-57.0292 1096
-56.8771 4980
-56.725 1472
-56.5729 3552
-56.4208 3266
-56.2688 3136
-56.1167 2208
-55.9646 5608
-55.8125 4032
-55.6605 1624
-55.5084 2192
-55.3563 4008
-55.2042 3368
-55.0521 7768
-54.9001 3296
-54.748 1552
-54.5959 5176
-54.4438 10272
-54.2918 3456
-54.1397 4968
-53.9876 4016
-53.8355 7152
-53.6834 4712
-53.5314 4168
-53.3793 6704
-53.2272 3640
-53.0751 7880
-52.9231 4192
-52.771 7032
-52.6189 5696
-52.4668 11888
-52.3147 5658
-52.1627 9096
-52.0106 11176
-51.8585 4080
-51.7064 22056
-51.5544 8988
-51.4023 10472
-51.2502 12976
-51.0981 14392
-50.946 14944
-50.794 9552
-50.6419 11242
-50.4898 12104
-50.3377 9312
-50.1857 7280
-50.0336 23096
-49.8815 10752
-49.7294 14624
-49.5773 13712
-49.4253 11048
-49.2732 11512
-49.1211 42856
-48.969 13816
-48.817 17448
-48.6649 22248
-48.5128 8768
-48.3607 13042
-48.2086 21608
-48.0566 12992
-47.9045 29688
-47.7524 12568
-47.6003 13416
-47.4483 24984
-47.2962 27888
-47.1441 13712
-46.992 29892
-46.8399 12480
-46.6879 33320
-46.5358 44904
-46.3837 21772
-46.2316 23800
-46.0796 17656
-45.9275 70312
-45.7754 24232
-45.6233 33348
-45.4712 36416
-45.3192 30008
-45.1671 25144
-45.015 52780
-44.8629 38456
-44.7109 46032
-44.5588 32504
-44.4067 40672
-44.2546 23036
-44.1025 46464
-43.9505 44088
-43.7984 31712
-43.6463 107236
-43.4942 52296
-43.3422 67832
-43.1901 35832
-43.038 62296
-42.8859 50216
-42.7338 48872
-42.5818 58984
-42.4297 44140
-42.2776 39632
-42.1255 72512
-41.9735 61976
-41.8214 57210
-41.6693 43152
-41.5172 69096
-41.3651 62688
-41.2131 126472
-41.061 55736
-40.9089 52968
-40.7568 84944
-40.6048 96948
-40.4527 73512
-40.3006 83464
-40.1485 83104
-39.9964 98304
-39.8444 85244
-39.6923 72236
-39.5402 70816
-39.3881 118754
-39.2361 152240
-39.084 81042
-38.9319 72844
-38.7798 104776
-38.6277 133680
-38.4757 133140
-38.3236 74520
-38.1715 126376
-38.0194 118016
-37.8674 279472
-37.7153 123360
-37.5632 128716
-37.4111 144640
-37.259 107124
-37.107 180936
-36.9549 124684
-36.8028 139120
-36.6507 179376
-36.4987 138900
-36.3466 126628
-36.1945 94312
-36.0424 166832
-35.8903 173452
-35.7383 270624
-35.5862 173692
-35.4341 148634
-35.282 299120
-35.13 153544
-34.9779 241592
-34.8258 163888
-34.6737 117328
-34.5217 238940
-34.3696 172540
-34.2175 204568
-34.0654 195300
-33.9133 209184
-33.7613 165416
-33.6092 193484
-33.4571 309578
-33.305 156560
-33.153 377860
-33.0009 188688
-32.8488 265432
-32.6967 348644
-32.5446 186888
-32.3926 225080
-32.2405 279904
-32.0884 356008
-31.9363 356880
-31.7843 260524
-31.6322 323248
-31.4801 261288
-31.328 326474
-31.1759 453980
-31.0239 262912
-30.8718 326584
-30.7197 358244
-30.5676 354256
-30.4156 306256
-30.2635 277092
-30.1114 283536
-29.9593 301504
-29.8072 1111300
-29.6552 376002
-29.5031 409584
-29.351 272824
-29.1989 308124
-29.0469 429312
-28.8948 347704
-28.7427 469154
-28.5906 352476
-28.4385 401820
-28.2865 412476
-28.1344 414080
-27.9823 519124
-27.8302 332552
-27.6782 568536
-27.5261 522744
-27.374 763848
-27.2219 403040
-27.0698 373076
-26.9178 718620
-26.7657 369080
-26.6136 550404
-26.4615 621256
-26.3095 488768
-26.1574 522696
-26.0053 504866
-25.8532 490332
-25.7011 450880
-25.5491 705386
-25.397 800776
-25.2449 573716
-25.0928 501252
-24.9408 508380
-24.7887 713752
-24.6366 712368
-24.4845 571516
-24.3324 612896
-24.1804 769344
-24.0283 1272072
-23.8762 555364
-23.7241 665028
-23.5721 1033352
-23.42 533048
-23.2679 1196256
-23.1158 539024
-22.9637 826714
-22.8117 937596
-22.6596 603888
-22.5075 762680
-22.3554 474412
-22.2034 739236
-22.0513 696920
-21.8992 2269274
-21.7471 804644
-21.595 797432
-21.443 910864
-21.2909 648452
-21.1388 668552
-20.9867 828656
-20.8347 867912
-20.6826 955224
-20.5305 900696
-20.3784 1126476
-20.2263 674362
-20.0743 1000664
-19.9222 961720
-19.7701 864528
-19.618 782940
-19.466 1005784
-19.3139 1623288
-19.1618 729212
-19.0097 733864
-18.8576 2066714
-18.7056 708952
-18.5535 1333372
-18.4014 1118792
-18.2493 1032440
-18.0973 952860
-17.9452 963476
-17.7931 1124936
-17.641 945820
-17.4889 1331238
-17.3369 1674256
-17.1848 1045604
-17.0327 1083520
-16.8806 901888
-16.7286 1253576
-16.5765 1074264
-16.4244 827464
-16.2723 1159864
-16.1202 1028028
-15.9682 3873260
-15.8161 1476608
-15.664 1971752
-15.5119 980588
-15.3599 875280
-15.2078 1879042
-15.0557 901548
-14.9036 1615264
-14.7515 1531200
-14.5995 1390908
-14.4474 998728
-14.2953 1320624
-14.1432 1343888
-13.9912 1129112
-13.8391 3385968
-13.687 1543248
-13.5349 1093840
-13.3828 1231636
-13.2308 1070504
-13.0787 1793332
-12.9266 1176392
-12.7745 2028444
-12.6225 1139328
-12.4704 1673274
-12.3183 1860444
-12.1662 1220640
-12.0141 1798560
-11.8621 1168972
-11.71 1445032
-11.5579 1470610
-11.4058 1294644
-11.2538 2600110
-11.1017 1201560
-10.9496 3148488
-10.7975 1545340
-10.6454 1505408
-10.4934 2033976
-10.3413 1539168
-10.1892 1442608
-10.0371 1671972
-9.88505 1622460
-9.73298 1791828
-9.5809 1826200
-9.42882 2025440
-9.27674 1609708
-9.12467 1768676
-8.97259 1534248
-8.82051 1481746
-8.66843 1513540
-8.51635 1373252
-8.36428 1646312
-8.2122 1211952
-8.06012 8017664
-7.90804 1360088
-7.75597 1651316
-7.60389 2663216
-7.45181 1058110
-7.29973 1350440
-7.14765 2049036
-6.99558 2610296
-6.8435 1574324
-6.69142 1678516
-6.53934 1955076
-6.38727 1260992
-6.23519 2112852
-6.08311 2230484
-5.93103 2771136
-5.77895 1598480
-5.62688 2126608
-5.4748 1687960
-5.32272 1712292
-5.17064 1743812
-5.01857 2778212
-4.86649 1775548
-4.71441 2710496
-4.56233 1805728
-4.41025 1469608
-4.25818 2676704
-4.1061 1295012
-3.95402 2444016
-3.80194 1596040
-3.64987 2242668
-3.49779 1861266
-3.34571 2997732
-3.19363 1681416
-3.04156 1459362
-2.88948 3681628
-2.7374 1791632
-2.58532 1855892
-2.43324 1968892
-2.28117 2076914
-2.12909 2293772
-1.97701 2031948
-1.82493 2270084
-1.67286 1685146
-1.52078 1898768
-1.3687 2504304
-1.21662 1447256
-1.06454 2546880
-0.912467 1763216
-0.760389 1759060
-0.608311 1496192
-0.456233 2373836
-0.304156 1280536
-0.152078 1692332
0 10024534
0.152078 1692332
0.304156 1280536
0.456233 2373836
0.608311 1496192
0.760389 1759060
0.912467 1763216
1.06454 2546880
1.21662 1447256
1.3687 2504304
1.52078 1898768
1.67286 1685146
1.82493 2270084
1.97701 2031948
2.12909 2293772
2.28117 2076914
2.43324 1968892
2.58532 1855892
2.7374 1791632
2.88948 3681628
3.04156 1459362
3.19363 1681416
3.34571 2997732
3.49779 1861266
3.64987 2242668
3.80194 1596040
3.95402 2444016
4.1061 1295012
4.25818 2676704
4.41025 1469608
4.56233 1805728
4.71441 2710496
4.86649 1775548
5.01857 2778212
5.17064 1743812
5.32272 1712292
5.4748 1687960
5.62688 2126608
5.77895 1598480
5.93103 2771136
6.08311 2230484
6.23519 2112852
6.38727 1260992
6.53934 1955076
6.69142 1678516
6.8435 1574324
6.99558 2610296
7.14765 2049036
7.29973 1350440
7.45181 1058110
7.60389 2663216
7.75597 1651316
7.90804 1360088
8.06012 8017664
8.2122 1211952
8.36428 1646312
8.51635 1373252
8.66843 1513540
8.82051 1481746
8.97259 1534248
9.12467 1768676
9.27674 1609708
9.42882 2025440
9.5809 1826200
9.73298 1791828
9.88505 1622460
10.0371 1671972
10.1892 1442608
10.3413 1539168
10.4934 2033976
10.6454 1505408
10.7975 1545340
10.9496 3148488
11.1017 1201560
11.2538 2600110
11.4058 1294644
11.5579 1470610
11.71 1445032
11.8621 1168972
12.0141 1798560
12.1662 1220640
12.3183 1860444
12.4704 1673274
12.6225 1139328
12.7745 2028444
12.9266 1176392
13.0787 1793332
13.2308 1070504
13.3828 1231636
13.5349 1093840
13.687 1543248
13.8391 3385968
13.9912 1129112
14.1432 1343888
14.2953 1320624
14.4474 998728
14.5995 1390908
14.7515 1531200
14.9036 1615264
15.0557 901548
15.2078 1879042
15.3599 875280
15.5119 980588
15.664 1971752
15.8161 1476608
15.9682 3873260
16.1202 1028028
16.2723 1159864
16.4244 827464
16.5765 1074264
16.7286 1253576
16.8806 901888
17.0327 1083520
17.1848 1045604
17.3369 1674256
17.4889 1331238
17.641 945820
17.7931 1124936
17.9452 963476
18.0973 952860
18.2493 1032440
18.4014 1118792
18.5535 1333372
18.7056 708952
18.8576 2066714
19.0097 733864
19.1618 729212
19.3139 1623288
19.466 1005784
19.618 782940
19.7701 864528
19.9222 961720
20.0743 1000664
20.2263 674362
20.3784 1126476
20.5305 900696
20.6826 955224
20.8347 867912
20.9867 828656
21.1388 668552
21.2909 648452
21.443 910864
21.595 797432
21.7471 804644
21.8992 2269274
22.0513 696920
22.2034 739236
22.3554 474412
22.5075 762680
22.6596 603888
22.8117 937596
22.9637 826714
23.1158 539024
23.2679 1196256
23.42 533048
23.5721 1033352
23.7241 665028
23.8762 555364
24.0283 1272072
24.1804 769344
24.3324 612896
24.4845 571516
24.6366 712368
24.7887 713752
24.9408 508380
25.0928 501252
25.2449 573716
25.397 800776
25.5491 705386
25.7011 450880
25.8532 490332
26.0053 504866
26.1574 522696
26.3095 488768
26.4615 621256
26.6136 550404
26.7657 369080
26.9178 718620
27.0698 373076
27.2219 403040
27.374 763848
27.5261 522744
27.6782 568536
27.8302 332552
27.9823 519124
28.1344 414080
28.2865 412476
28.4385 401820
28.5906 352476
28.7427 469154
28.8948 347704
29.0469 429312
29.1989 308124
29.351 272824
29.5031 409584
29.6552 376002
29.8072 1111300
29.9593 301504
30.1114 283536
30.2635 277092
30.4156 306256
30.5676 354256
30.7197 358244
30.8718 326584
31.0239 262912
31.1759 453980
31.328 326474
31.4801 261288
31.6322 323248
31.7843 260524
31.9363 356880
32.0884 356008
32.2405 279904
32.3926 225080
32.5446 186888
32.6967 348644
32.8488 265432
33.0009 188688
33.153 377860
33.305 156560
33.4571 309578
33.6092 193484
33.7613 165416
33.9133 209184
34.0654 195300
34.2175 204568
34.3696 172540
34.5217 238940
34.6737 117328
34.8258 163888
34.9779 241592
35.13 153544
35.282 299120
35.4341 148634
35.5862 173692
35.7383 270624
35.8903 173452
36.0424 166832
36.1945 94312
36.3466 126628
36.4987 138900
36.6507 179376
36.8028 139120
36.9549 124684
37.107 180936
37.259 107124
37.4111 144640
37.5632 128716
37.7153 123360
37.8674 279472
38.0194 118016
38.1715 126376
38.3236 74520
38.4757 133140
38.6277 133680
38.7798 104776
38.9319 72844
39.084 81042
39.2361 152240
39.3881 118754
39.5402 70816
39.6923 72236
39.8444 85244
39.9964 98304
40.1485 83104
40.3006 83464
40.4527 73512
40.6048 96948
40.7568 84944
40.9089 52968
41.061 55736
41.2131 126472
41.3651 62688
41.5172 69096
41.6693 43152
41.8214 57210
41.9735 61976
42.1255 72512
42.2776 39632
42.4297 44140
42.5818 58984
42.7338 48872
42.8859 50216
43.038 62296
43.1901 35832
43.3422 67832
43.4942 52296
43.6463 107236
43.7984 31712
43.9505 44088
44.1025 46464
44.2546 23036
44.4067 40672
44.5588 32504
44.7109 46032
44.8629 38456
45.015 52780
45.1671 25144
45.3192 30008
45.4712 36416
45.6233 33348
45.7754 24232
45.9275 70312
46.0796 17656
46.2316 23800
46.3837 21772
46.5358 44904
46.6879 33320
46.8399 12480
46.992 29892
47.1441 13712
47.2962 27888
47.4483 24984
47.6003 13416
47.7524 12568
47.9045 29688
48.0566 12992
48.2086 21608
48.3607 13042
48.5128 8768
48.6649 22248
48.817 17448
48.969 13816
49.1211 42856
49.2732 11512
49.4253 11048
49.5773 13712
49.7294 14624
49.8815 10752
50.0336 23096
50.1857 7280
50.3377 9312
50.4898 12104
50.6419 11242
50.794 9552
50.946 14944
51.0981 14392
51.2502 12976
51.4023 10472
51.5544 8988
51.7064 22056
51.8585 4080
52.0106 11176
52.1627 9096
52.3147 5658
52.4668 11888
52.6189 5696
52.771 7032
52.9231 4192
53.0751 7880
53.2272 3640
53.3793 6704
53.5314 4168
53.6834 4712
53.8355 7152
53.9876 4016
54.1397 4968
54.2918 3456
54.4438 10272
54.5959 5176
54.748 1552
54.9001 3296
55.0521 7768
55.2042 3368
55.3563 4008
55.5084 2192
55.6605 1624
55.8125 4032
55.9646 5608
56.1167 2208
56.2688 3136
56.4208 3266
56.5729 3552
56.725 1472
56.8771 4980
57.0292 1096
57.1812 7064
57.3333 2178
57.4854 472
57.6375 3424
57.7895 1856
57.9416 3968
58.0937 656
58.2458 1584
58.3979 376
58.5499 1464
58.702 1576
58.8541 1600
59.0062 976
59.1582 2080
59.3103 472
59.4624 896
59.6145 416
59.7666 2792
59.9186 1488
60.0707 296
60.2228 200
60.3749 1856
60.5269 1568
60.679 800
60.8311 960
60.9832 176
61.1353 496
61.2873 544
61.4394 968
61.5915 544
61.7436 1568
61.8956 432
62.0477 864
62.1998 440
62.3519 640
62.504 1248
62.656 464
62.8081 320
62.9602 1752
63.1123 290
63.2643 208
63.4164 672
63.5685 112
63.7206 8
63.8727 392
64.0247 480
64.1768 232
64.3289 200
64.481 192
64.633 264
64.7851 64
64.9372 736
65.0893 0
65.2414 520
65.3934 0
65.5455 488
65.6976 64
65.8497 656
66.0017 232
66.1538 136
66.3059 232
66.458 160
66.6101 160
66.7621 200
66.9142 0
67.0663 96
67.2184 416
67.3704 160
67.5225 128
67.6746 352
67.8267 0
67.9788 160
68.1308 0
68.2829 416
68.435 192
68.5871 64
68.7391 32
68.8912 96
69.0433 0
69.1954 32
69.3475 34
69.4995 42
69.6516 8
69.8037 64
69.9558 32
70.1078 144
70.2599 32
70.412 192
70.5641 0
70.7162 64
70.8682 0
71.0203 136
71.1724 64
71.3245 64
71.4765 24
71.6286 80
71.7807 24
71.9328 0
72.0849 0
72.2369 0
72.389 32
72.5411 0
72.6932 32
72.8452 72
72.9973 0
73.1494 16
73.3015 0
73.4536 64
73.6056 32
73.7577 32
73.9098 14
74.0619 0
74.2139 0
74.366 0
74.5181 0
74.6702 8
74.8223 0
74.9743 8
75.1264 8
75.2785 16
75.4306 0
75.5826 0
75.7347 0
75.8868 0
76.0389 2
