-73.0452 45
-71.5843 71
-70.1234 153
-68.6625 124
-67.2016 184
-65.7407 323
-64.2798 805
-62.8189 1389
-61.358 2088
-59.8971 3233
-58.4362 4618
-56.9753 7003
-55.5144 10842
-54.0535 16132
-52.5925 23326
-51.1316 34526
-49.6707 46866
-48.2098 66051
-46.7489 91230
-45.288 125195
-43.8271 167501
-42.3662 225283
-40.9053 292325
-39.4444 382088
-37.9835 494084
-36.5226 629334
-35.0617 795072
-33.6008 990640
-32.1399 1225551
-30.679 1498424
-29.2181 1820605
-27.7572 2191406
-26.2963 2595883
-24.8354 3072908
-23.3745 3578519
-21.9136 4143654
-20.4527 4780674
-18.9918 5402020
-17.5308 6137595
-16.0699 6835085
-14.609 7596877
-13.1481 8370729
-11.6872 9089555
-10.2263 9909477
-8.76542 10534162
-7.30452 11303321
-5.84362 11866250
-4.38271 12451538
-2.92181 12940542
-1.4609 13308429
0 13629797
1.4609 13820461
2.92181 13880648
4.38271 13947068
5.84362 13707258
7.30452 13620657
8.76542 13125124
10.2263 12821161
11.6872 12236737
13.1481 11638673
14.609 11037499
16.0699 10323157
17.5308 9621313
18.9918 8866028
20.4527 8159344
21.9136 7385140
23.3745 6659193
24.8354 5958714
26.2963 5264149
27.7572 4630264
29.2181 4045723
30.679 3496494
32.1399 3008361
33.6008 2575624
35.0617 2164228
36.5226 1820110
37.9835 1501746
39.4444 1225502
40.9053 997633
42.3662 799527
43.8271 638679
45.288 508915
46.7489 403416
48.2098 321351
49.6707 249132
51.1316 196232
52.5925 144572
54.0535 105830
55.5144 76226
56.9753 53359
58.4362 37340
59.8971 26909
61.358 19390
62.8189 13963
64.2798 10865
65.7407 8117
67.2016 6126
68.6625 4882
70.1234 3041
71.5843 1651
73.0452 445
