-38.0575 1
-34.7309 1
-31.5497 1
-28.6529 1
-28.438 2
-28.2231 1
-26.1671 1
-25.7467 2
-25.3263 1
-24.2011 1
-23.5208 2
-23.1731 2
-22.8406 2
-22.4928 2
-22.1451 2
-21.8575 2
-21.25 2
-20.8745 1
-20.8295 4
-20.2669 2
-19.9192 2
-19.8465 2
-19.6594 1
-19.514 1
-19.4538 2
-19.2389 6
-18.8185 2
-18.6036 2
-18.4708 2
-18.2559 2
-18.1383 2
-17.9234 2
-17.7905 2
-17.6933 1
-17.5756 4
-17.2279 2
-17.1552 2
-17.013 2
-16.8075 2
-16.7626 1
-16.5926 2
-16.5477 4
-16.3328 2
-16.1273 4
-15.9124 2
-15.6373 1
-15.5646 6
-15.3497 2
-15.1442 2
-14.8844 2
-14.7965 1
-14.5816 2
-14.5367 4
-14.3667 1
-14.3218 2
-14.2491 2
-14.1162 2
-13.974 2
-13.9013 4
-13.5536 2
-13.436 2
-13.2938 2
-13.2211 4
-13.0062 1
-12.9461 2
-12.8734 4
-12.7405 1
-12.6585 2
-12.5256 2
-12.4529 2
-12.3107 4
-12.238 2
-11.963 2
-11.8903 2
-11.8454 4
-11.6305 4
-11.4699 1
-11.425 2
-11.2828 4
-11.2101 2
-11.0679 2
-10.9502 1
-10.8623 6
-10.6474 6
-10.5298 2
-10.5146 2
-10.2997 2
-10.2548 2
-10.1821 2
-10.1094 1
-9.96719 4
-9.83437 6
-9.61947 8
-9.54677 2
-9.41396 1
-9.27175 2
-9.19905 4
-9.05684 2
-8.98415 2
-8.93922 4
-8.85133 2
-8.63642 4
-8.5915 2
-8.5188 4
-8.3039 2
-8.2887 2
-8.17108 4
-8.02887 2
-7.95618 10
-7.74127 2
-7.62365 1
-7.60845 8
-7.53576 2
-7.39355 2
-7.34862 2
-7.27593 2
-7.26073 2
-7.18804 2
-6.97313 4
-6.9282 8
-6.7133 2
-6.58048 4
-6.50779 2
-6.36558 6
-6.29288 4
-6.23276 1
-6.16006 2
-5.94516 10
-5.80295 1
-5.68533 2
-5.65756 1
-5.59744 2
-5.38253 6
-5.3376 4
-5.26491 4
-5.05001 2
-4.96211 2
-4.91719 8
-4.84449 2
-4.70228 8
-4.62959 2
-4.56946 2
-4.44245 1
-4.35456 6
-4.28187 2
-4.23694 4
-4.06696 2
-4.02203 6
-3.93414 4
-3.88921 2
-3.747 1
-3.71924 2
-3.67431 4
-3.60162 2
-3.45941 2
-3.32659 2
-3.25389 10
-3.11168 2
-3.03899 6
-2.90617 4
-2.69127 8
-2.64634 2
-2.57364 2
-2.47636 2
-2.43143 2
-2.27085 4
-2.22592 4
-2.05594 2
-2.01102 8
-1.79611 2
-1.78091 1
-1.66329 10
-1.5906 4
-1.54567 1
-1.44839 2
-1.37569 2
-1.33077 2
-1.31557 2
-1.24288 6
-1.11586 1
-1.10067 2
-1.02797 4
-0.983045 2
-0.910351 2
-0.850226 1
-0.680249 4
-0.635322 4
-0.562628 4
-0.465344 2
-0.420417 2
-0.347723 6
-0.214905 2
-0.0726939 2
0 8
0.0726939 2
0.214905 2
0.347723 6
0.420417 2
0.465344 2
0.562628 4
0.635322 4
0.680249 4
0.850226 1
0.910351 2
0.983045 2
1.02797 4
1.10067 2
1.11586 1
1.24288 6
1.31557 2
1.33077 2
1.37569 2
1.44839 2
1.54567 1
1.5906 4
1.66329 10
1.78091 1
1.79611 2
2.01102 8
2.05594 2
2.22592 4
2.27085 4
2.43143 2
2.47636 2
2.57364 2
2.64634 2
2.69127 8
2.90617 4
3.03899 6
3.11168 2
3.25389 10
3.32659 2
3.45941 2
3.60162 2
3.67431 4
3.71924 2
3.747 1
3.88921 2
3.93414 4
4.02203 6
4.06696 2
4.23694 4
4.28187 2
4.35456 6
4.44245 1
4.56946 2
4.62959 2
4.70228 8
4.84449 2
4.91719 8
4.96211 2
5.05001 2
5.26491 4
5.3376 4
5.38253 6
5.59744 2
5.65756 1
5.68533 2
5.80295 1
5.94516 10
6.16006 2
6.23276 1
6.29288 4
6.36558 6
6.50779 2
6.58048 4
6.7133 2
6.9282 8
6.97313 4
7.18804 2
7.26073 2
7.27593 2
7.34862 2
7.39355 2
7.53576 2
7.60845 8
7.62365 1
7.74127 2
7.95618 10
8.02887 2
8.17108 4
8.2887 2
8.3039 2
8.5188 4
8.5915 2
8.63642 4
8.85133 2
8.93922 4
8.98415 2
9.05684 2
9.19905 4
9.27175 2
9.41396 1
9.54677 2
9.61947 8
9.83437 6
9.96719 4
10.1094 1
10.1821 2
10.2548 2
10.2997 2
10.5146 2
10.5298 2
10.6474 6
10.8623 6
10.9502 1
11.0679 2
11.2101 2
11.2828 4
11.425 2
11.4699 1
11.6305 4
11.8454 4
11.8903 2
11.963 2
12.238 2
12.3107 4
12.4529 2
12.5256 2
12.6585 2
12.7405 1
12.8734 4
12.9461 2
13.0062 1
13.2211 4
13.2938 2
13.436 2
13.5536 2
13.9013 4
13.974 2
14.1162 2
14.2491 2
14.3218 2
14.3667 1
14.5367 4
14.5816 2
14.7965 1
14.8844 2
15.1442 2
15.3497 2
15.5646 6
15.6373 1
15.9124 2
16.1273 4
16.3328 2
16.5477 4
16.5926 2
16.7626 1
16.8075 2
17.013 2
17.1552 2
17.2279 2
17.5756 4
17.6933 1
17.7905 2
17.9234 2
18.1383 2
18.2559 2
18.4708 2
18.6036 2
18.8185 2
19.2389 6
19.4538 2
19.514 1
19.6594 1
19.8465 2
19.9192 2
20.2669 2
20.8295 4
20.8745 1
21.25 2
21.8575 2
22.1451 2
22.4928 2
22.8406 2
23.1731 2
23.5208 2
24.2011 1
25.3263 1
25.7467 2
26.1671 1
28.2231 1
28.438 2
28.6529 1
31.5497 1
34.7309 1
38.0575 1
