-32.555
-31.4968
-31.3646
-31.1486
-30.8371
-29.8047
-29.7155
-29.6859
-29.6036
-29.4753
-29.3456
-29.1547
-29.0748
-28.7757
-27.5193
-27.4298
-27.4231
-27.2525
-25.9497
-25.915
-25.849
-25.7381
-25.6394
-24.8123
-24.6199
-24.5274
-24.5198
-24.4662
-24.3958
-24.3887
-24.3814
-24.3012
-24.2814
-24.2252
-24.1928
-24.1792
-24.142
-24.0662
-24.0541
-23.9723
-23.9516
-23.8699
-23.8462
-23.4366
-23.4308
-23.3551
-23.2685
-23.2311
-23.113
-23.0456
-22.9971
-22.9048
-22.869
-22.8065
-22.7533
-22.6963
-22.5342
-22.4383
-22.4266
-22.3329
-22.293
-22.2598
-22.2144
-22.2099
-22.1387
-22.1166
-22.0493
-22.04
-22.0374
-21.9544
-21.9214
-21.8783
-21.7838
-21.7005
-21.6444
-21.6034
-21.5774
-21.5151
-21.3435
-21.3264
-21.2427
-21.2044
-21.1852
-21.0935
-21.0601
-21.0083
-20.9956
-20.8711
-20.8582
-20.8446
-20.825
-20.8047
-20.7623
-20.7177
-20.6754
-20.6448
-20.6283
-20.6048
-20.5936
-20.5472
-20.5434
-20.5152
-20.5028
-20.4068
-20.4
-20.3842
-20.3699
-20.3596
-20.3132
-20.3014
-20.2969
-20.2622
-20.2526
-20.1641
-20.1334
-20.0098
-19.9791
-19.9473
-19.9065
-19.8049
-19.7137
-19.6339
-19.6036
-19.5917
-19.5549
-19.5331
-19.5087
-19.4263
-19.3348
-19.3112
-19.2967
-19.2598
-19.228
-19.2071
-19.1667
-19.1346
-19.1155
-19.1099
-18.9748
-18.958
-18.9434
-18.922
-18.897
-18.8875
-18.8483
-18.8271
-18.8238
-18.783
-18.7777
-18.7562
-18.7438
-18.7415
-18.711
-18.6999
-18.6893
-18.6539
-18.6423
-18.6382
-18.633
-18.5784
-18.5507
-18.5159
-18.435
-18.4025
-18.3369
-18.3312
-18.3187
-18.2566
-18.2314
-18.1839
-18.1519
-18.0981
-18.0816
-18.0595
-17.9408
-17.9013
-17.8738
-17.8543
-17.8321
-17.8171
-17.7583
-17.7283
-17.7187
-17.6915
-17.6536
-17.6353
-17.5464
-17.5423
-17.4685
-17.4275
-17.3924
-17.3771
-17.36
-17.3385
-17.3317
-17.2781
-17.2188
-17.1868
-17.1622
-17.1485
-17.1437
-17.1228
-17.1071
-17.0959
-17.0894
-17.074
-17.0617
-16.9992
-16.9729
-16.9496
-16.9373
-16.9212
-16.8818
-16.8625
-16.8313
-16.7776
-16.771
-16.7479
-16.7214
-16.7164
-16.6965
-16.6921
-16.669
-16.6525
-16.6433
-16.6264
-16.6133
-16.6024
-16.5799
-16.5749
-16.5501
-16.5084
-16.4577
-16.4343
-16.4002
-16.3869
-16.3674
-16.3502
-16.3333
-16.3257
-16.3094
-16.2803
-16.2739
-16.2482
-16.2428
-16.2292
-16.1677
-16.1601
-16.1417
-16.1277
-16.0807
-16.0689
-16.0515
-16.0237
-15.9918
-15.9246
-15.9138
-15.8998
-15.8846
-15.8436
-15.8254
-15.8048
-15.7966
-15.776
-15.7223
-15.6931
-15.6822
-15.6586
-15.5981
-15.5884
-15.5742
-15.5508
-15.5483
-15.5327
-15.5227
-15.4905
-15.4743
-15.4591
-15.4364
-15.4224
-15.4161
-15.4102
-15.3958
-15.38
-15.3723
-15.357
-15.3373
-15.3116
-15.3034
-15.2838
-15.2546
-15.2381
-15.2072
-15.1993
-15.1954
-15.1874
-15.1755
-15.1712
-15.1611
-15.126
-15.1176
-15.0988
-15.0924
-15.0809
-15.0684
-15.0512
-15.04
-15.0336
-15.0253
-15.0076
-15.0064
-14.9906
-14.9791
-14.9684
-14.9509
-14.943
-14.9364
-14.9145
-14.9122
-14.8818
-14.859
-14.8431
-14.8407
-14.8284
-14.8252
-14.7999
-14.797
-14.7806
-14.759
-14.7383
-14.7292
-14.7165
-14.7145
-14.6679
-14.6586
-14.6578
-14.6512
-14.6329
-14.6008
-14.5753
-14.5609
-14.5403
-14.5359
-14.5241
-14.5231
-14.506
-14.4864
-14.4741
-14.4678
-14.4375
-14.4181
-14.3908
-14.3652
-14.3279
-14.3221
-14.2949
-14.2815
-14.265
-14.2566
-14.2455
-14.2293
-14.2189
-14.1991
-14.1733
-14.1639
-14.1337
-14.1139
-14.0698
-14.0576
-14.0278
-14.0061
-13.9951
-13.984
-13.9529
-13.9337
-13.908
-13.9029
-13.8847
-13.8798
-13.8604
-13.8522
-13.8471
-13.8337
-13.8196
-13.787
-13.7678
-13.7588
-13.7544
-13.747
-13.7264
-13.7245
-13.7195
-13.7048
-13.703
-13.697
-13.6757
-13.6669
-13.6463
-13.642
-13.6294
-13.6245
-13.6105
-13.6088
-13.5938
-13.5807
-13.5567
-13.5399
-13.5312
-13.528
-13.521
-13.4931
-13.4773
-13.4707
-13.461
-13.4484
-13.4453
-13.4224
-13.4155
-13.4001
-13.3864
-13.3796
-13.3588
-13.34
-13.333
-13.3308
-13.325
-13.3077
-13.2926
-13.2843
-13.2607
-13.2549
-13.2371
-13.2207
-13.1989
-13.1909
-13.1878
-13.1671
-13.1629
-13.1485
-13.1374
-13.1214
-13.1141
-13.1087
-13.0978
-13.0782
-13.0735
-13.0539
-13.0491
-13.0369
-12.9983
-12.9927
-12.9709
-12.9685
-12.9518
-12.9498
-12.9426
-12.9279
-12.9258
-12.9004
-12.8936
-12.8793
-12.8656
-12.8588
-12.8366
-12.8251
-12.8121
-12.7982
-12.779
-12.769
-12.7537
-12.7268
-12.7084
-12.6853
-12.683
-12.6713
-12.6596
-12.6465
-12.6444
-12.6265
-12.6036
-12.6009
-12.5936
-12.5828
-12.5709
-12.5616
-12.5562
-12.5323
-12.5126
-12.4997
-12.4898
-12.4801
-12.4696
-12.4532
-12.4504
-12.4434
-12.4418
-12.4256
-12.4223
-12.4135
-12.4031
-12.4012
-12.3826
-12.3632
-12.3527
-12.3442
-12.3357
-12.3278
-12.312
-12.298
-12.2943
-12.2892
-12.282
-12.2717
-12.2473
-12.2309
-12.2267
-12.2135
-12.2008
-12.1965
-12.1796
-12.1642
-12.1592
-12.1498
-12.1388
-12.1299
-12.1254
-12.101
-12.0963
-12.0918
-12.0787
-12.0616
-12.0521
-12.0365
-12.0323
-12.0273
-12.019
-12.0043
-11.9931
-11.9901
-11.9822
-11.9795
-11.9632
-11.9604
-11.9473
-11.93
-11.9261
-11.9056
-11.9043
-11.8963
-11.8698
-11.8675
-11.8567
-11.855
-11.8476
-11.8378
-11.8251
-11.824
-11.8205
-11.8036
-11.782
-11.7789
-11.7635
-11.7406
-11.7272
-11.7035
-11.6893
-11.6789
-11.664
-11.6557
-11.6355
-11.6197
-11.589
-11.5785
-11.5679
-11.5654
-11.5424
-11.5226
-11.5175
-11.5011
-11.4906
-11.4744
-11.4661
-11.4583
-11.4544
-11.4377
-11.4213
-11.4055
-11.3967
-11.3543
-11.3513
-11.3407
-11.3331
-11.3205
-11.3162
-11.3028
-11.2916
-11.2781
-11.2671
-11.2604
-11.2555
-11.246
-11.2383
-11.2326
-11.2206
-11.2123
-11.1995
-11.1929
-11.1866
-11.1752
-11.1677
-11.1569
-11.1441
-11.1393
-11.1325
-11.1181
-11.1143
-11.1049
-11.0881
-11.0871
-11.0724
-11.0685
-11.0581
-11.0542
-11.0426
-11.0318
-11.0247
-11.0159
-11.0059
-10.993
-10.985
-10.9795
-10.972
-10.9656
-10.9604
-10.9509
-10.9437
-10.9251
-10.9169
-10.9123
-10.9105
-10.8969
-10.8915
-10.8827
-10.874
-10.8556
-10.8327
-10.8302
-10.8215
-10.8193
-10.8061
-10.7857
-10.7805
-10.7709
-10.7634
-10.7607
-10.7512
-10.735
-10.7286
-10.7179
-10.7021
-10.6925
-10.6831
-10.6709
-10.6612
-10.6501
-10.6414
-10.6347
-10.6286
-10.6173
-10.6105
-10.608
-10.5978
-10.5836
-10.5731
-10.5643
-10.5592
-10.5462
-10.5406
-10.5211
-10.513
-10.4966
-10.4811
-10.4788
-10.4621
-10.4522
-10.4363
-10.4316
-10.4215
-10.4061
-10.3988
-10.392
-10.3872
-10.3764
-10.3694
-10.3655
-10.3536
-10.3372
-10.3313
-10.3278
-10.3142
-10.3027
-10.2955
-10.2874
-10.2755
-10.2721
-10.2677
-10.2592
-10.2443
-10.2382
-10.2331
-10.2251
-10.2196
-10.2085
-10.2046
-10.1857
-10.1739
-10.1633
-10.158
-10.1477
-10.1388
-10.119
-10.1093
-10.0999
-10.0872
-10.0775
-10.0666
-10.0483
-10.0362
-10.0338
-10.021
-10.02
-9.99826
-9.98938
-9.97565
-9.96754
-9.95875
-9.93897
-9.93678
-9.92246
-9.90366
-9.8982
-9.89119
-9.88065
-9.87731
-9.85834
-9.85279
-9.83452
-9.82738
-9.82183
-9.81627
-9.80783
-9.79735
-9.79396
-9.78643
-9.77822
-9.76279
-9.75528
-9.75308
-9.73946
-9.73197
-9.7259
-9.72154
-9.70804
-9.70349
-9.69161
-9.6856
-9.68232
-9.66854
-9.6636
-9.65929
-9.64875
-9.64694
-9.64384
-9.63057
-9.62644
-9.62149
-9.61197
-9.60817
-9.59256
-9.588
-9.57774
-9.56487
-9.55486
-9.54978
-9.54108
-9.53313
-9.52198
-9.51152
-9.50286
-9.49914
-9.49254
-9.48528
-9.46992
-9.45337
-9.44577
-9.43561
-9.42861
-9.40718
-9.39441
-9.39131
-9.38847
-9.37583
-9.35991
-9.34703
-9.34264
-9.33236
-9.32311
-9.31623
-9.30655
-9.30494
-9.29592
-9.29305
-9.2854
-9.27838
-9.26638
-9.25839
-9.2559
-9.23334
-9.22919
-9.2135
-9.20464
-9.19897
-9.18809
-9.18385
-9.17983
-9.15936
-9.15223
-9.14212
-9.13537
-9.12593
-9.11682
-9.11307
-9.10357
-9.08926
-9.08635
-9.07635
-9.06592
-9.0569
-9.04053
-9.01942
-9.01577
-9.00343
-9.00103
-8.99063
-8.97225
-8.96625
-8.96096
-8.95127
-8.94427
-8.93381
-8.92954
-8.92186
-8.91521
-8.90754
-8.89833
-8.8885
-8.86999
-8.8573
-8.85049
-8.84191
-8.8387
-8.82756
-8.82161
-8.80882
-8.80167
-8.78995
-8.77943
-8.75891
-8.75451
-8.74551
-8.73781
-8.72838
-8.71059
-8.70533
-8.69517
-8.69028
-8.67614
-8.67121
-8.6582
-8.64573
-8.63821
-8.63423
-8.62162
-8.61539
-8.59366
-8.58214
-8.57594
-8.56529
-8.5599
-8.55248
-8.54679
-8.52679
-8.51957
-8.51485
-8.50909
-8.49844
-8.49362
-8.48326
-8.47401
-8.46706
-8.46322
-8.44445
-8.43455
-8.43028
-8.42088
-8.4143
-8.41049
-8.40416
-8.40111
-8.39151
-8.37807
-8.37575
-8.36022
-8.35577
-8.34864
-8.34417
-8.34214
-8.32993
-8.32762
-8.32539
-8.31354
-8.30571
-8.2981
-8.2938
-8.29009
-8.28233
-8.28138
-8.27225
-8.26393
-8.25182
-8.24107
-8.22876
-8.22319
-8.20905
-8.19962
-8.19363
-8.18603
-8.1821
-8.15613
-8.15212
-8.14658
-8.14114
-8.13407
-8.12644
-8.11493
-8.10396
-8.09723
-8.08974
-8.08565
-8.07605
-8.06765
-8.05586
-8.04732
-8.04285
-8.04113
-8.03425
-8.03341
-8.02507
-8.01552
-8.01301
-8.01002
-7.99659
-7.99348
-7.98593
-7.98185
-7.97078
-7.96559
-7.96297
-7.95568
-7.94162
-7.93897
-7.93161
-7.92879
-7.91501
-7.91008
-7.90633
-7.89676
-7.88754
-7.87769
-7.87309
-7.8601
-7.85511
-7.84982
-7.84546
-7.83681
-7.82966
-7.81481
-7.80891
-7.80568
-7.79677
-7.79071
-7.78688
-7.78413
-7.76889
-7.75928
-7.75277
-7.74413
-7.72941
-7.72538
-7.71426
-7.70851
-7.70414
-7.69524
-7.68554
-7.67918
-7.67242
-7.66705
-7.65489
-7.64244
-7.63942
-7.63916
-7.62902
-7.62506
-7.62204
-7.61192
-7.60307
-7.59923
-7.59508
-7.58977
-7.57819
-7.5734
-7.5684
-7.56047
-7.55085
-7.54393
-7.54065
-7.5231
-7.51587
-7.51275
-7.50407
-7.49461
-7.48607
-7.47866
-7.4695
-7.4665
-7.46111
-7.44934
-7.43561
-7.4331
-7.42006
-7.41904
-7.40988
-7.3953
-7.38386
-7.37232
-7.37129
-7.36093
-7.35847
-7.35664
-7.3502
-7.33867
-7.33233
-7.31565
-7.31482
-7.30538
-7.30119
-7.29698
-7.28406
-7.27363
-7.2634
-7.25878
-7.2443
-7.2295
-7.22177
-7.22004
-7.21736
-7.20953
-7.20271
-7.19735
-7.18953
-7.17965
-7.17478
-7.16261
-7.15427
-7.15128
-7.15018
-7.13198
-7.12991
-7.12029
-7.11471
-7.10588
-7.10232
-7.08521
-7.08418
-7.07726
-7.07284
-7.06178
-7.05807
-7.05621
-7.0469
-7.04416
-7.03648
-7.02301
-7.02241
-7.01592
-7.00752
-7.00279
-6.99624
-6.99178
-6.98642
-6.9795
-6.97187
-6.96378
-6.95923
-6.9512
-6.95073
-6.9469
-6.94549
-6.93949
-6.93358
-6.92689
-6.92551
-6.92183
-6.89937
-6.89176
-6.8908
-6.88653
-6.88386
-6.8768
-6.87214
-6.87121
-6.85465
-6.84906
-6.84674
-6.83347
-6.82999
-6.82752
-6.81991
-6.81017
-6.80295
-6.80085
-6.79441
-6.78893
-6.78025
-6.77905
-6.77127
-6.7605
-6.75777
-6.75129
-6.73947
-6.73618
-6.72507
-6.72121
-6.71705
-6.71207
-6.70741
-6.69916
-6.69669
-6.69618
-6.68688
-6.6842
-6.67905
-6.67025
-6.66065
-6.65396
-6.65299
-6.64478
-6.6401
-6.62479
-6.62114
-6.6116
-6.59843
-6.5955
-6.58986
-6.58332
-6.58102
-6.5699
-6.56198
-6.55611
-6.5441
-6.5431
-6.5389
-6.53152
-6.52647
-6.5252
-6.51851
-6.5053
-6.50363
-6.49841
-6.49576
-6.4832
-6.47792
-6.47245
-6.45702
-6.44828
-6.44533
-6.43426
-6.42428
-6.41654
-6.41602
-6.40738
-6.39945
-6.39358
-6.38662
-6.37453
-6.36759
-6.36628
-6.35035
-6.34619
-6.33933
-6.33651
-6.32514
-6.31509
-6.30782
-6.29913
-6.29596
-6.28852
-6.28326
-6.27457
-6.26647
-6.26108
-6.25693
-6.24223
-6.2393
-6.23428
-6.22872
-6.21695
-6.20568
-6.19594
-6.19511
-6.17945
-6.17503
-6.15789
-6.1487
-6.14413
-6.13772
-6.11911
-6.10935
-6.10482
-6.09401
-6.09201
-6.074
-6.06749
-6.05304
-6.04208
-6.04026
-6.02897
-6.02516
-6.02013
-6.01205
-6.00867
-6.00023
-5.98912
-5.98066
-5.97365
-5.96724
-5.95912
-5.95329
-5.94132
-5.93811
-5.9346
-5.92347
-5.91985
-5.91257
-5.90651
-5.89467
-5.88864
-5.88367
-5.87728
-5.87459
-5.86923
-5.85176
-5.84784
-5.8421
-5.83544
-5.81983
-5.8167
-5.81202
-5.81025
-5.80283
-5.7999
-5.7925
-5.78713
-5.78245
-5.76806
-5.75931
-5.7516
-5.74288
-5.74228
-5.73532
-5.72357
-5.72018
-5.71519
-5.69916
-5.69233
-5.68741
-5.68164
-5.68154
-5.6749
-5.66851
-5.66239
-5.65382
-5.64623
-5.6444
-5.63637
-5.62711
-5.6184
-5.60939
-5.6068
-5.59788
-5.5945
-5.58648
-5.57679
-5.57123
-5.56671
-5.56198
-5.55118
-5.54391
-5.53988
-5.53387
-5.52896
-5.52802
-5.51829
-5.51543
-5.50901
-5.50328
-5.49251
-5.49179
-5.48717
-5.48284
-5.47599
-5.47155
-5.46047
-5.45488
-5.45228
-5.45086
-5.43343
-5.42917
-5.42217
-5.40909
-5.40591
-5.40001
-5.38926
-5.37777
-5.37481
-5.37243
-5.36173
-5.35422
-5.34626
-5.33959
-5.33633
-5.33302
-5.32474
-5.32227
-5.31532
-5.31001
-5.30152
-5.29571
-5.28692
-5.28252
-5.27839
-5.27584
-5.26921
-5.26377
-5.25611
-5.25138
-5.24854
-5.24307
-5.23523
-5.23004
-5.22031
-5.21628
-5.20676
-5.19945
-5.1975
-5.18904
-5.18421
-5.18324
-5.17659
-5.16868
-5.16553
-5.15982
-5.15725
-5.14536
-5.14189
-5.1352
-5.1308
-5.11995
-5.10877
-5.10385
-5.10059
-5.09134
-5.08649
-5.08562
-5.07579
-5.06776
-5.05839
-5.05137
-5.04378
-5.03706
-5.02952
-5.02435
-5.01956
-5.0161
-5.00898
-5.00191
-4.98618
-4.98363
-4.97136
-4.95886
-4.95167
-4.94645
-4.93181
-4.91731
-4.91309
-4.90637
-4.89384
-4.89286
-4.88627
-4.87707
-4.86917
-4.86398
-4.85649
-4.84682
-4.84272
-4.83749
-4.82547
-4.82218
-4.80943
-4.80477
-4.8013
-4.79528
-4.79289
-4.78532
-4.77005
-4.76913
-4.76292
-4.75527
-4.75262
-4.7442
-4.73444
-4.72933
-4.72732
-4.71901
-4.70703
-4.70071
-4.69317
-4.68863
-4.67753
-4.67382
-4.66733
-4.66509
-4.65935
-4.65525
-4.64832
-4.63626
-4.63454
-4.63005
-4.62522
-4.61713
-4.60948
-4.60613
-4.60451
-4.59991
-4.58984
-4.58179
-4.57609
-4.57332
-4.56666
-4.56081
-4.55445
-4.54699
-4.54565
-4.53993
-4.53945
-4.52829
-4.52355
-4.51711
-4.49982
-4.49889
-4.4936
-4.49102
-4.48619
-4.48162
-4.47589
-4.47281
-4.46416
-4.45972
-4.45063
-4.44692
-4.44118
-4.43499
-4.43082
-4.43063
-4.41787
-4.41505
-4.4116
-4.40792
-4.39935
-4.3932
-4.38905
-4.37818
-4.37486
-4.37102
-4.36382
-4.36096
-4.35166
-4.34577
-4.34484
-4.33714
-4.33427
-4.32881
-4.32375
-4.31748
-4.31581
-4.30431
-4.29681
-4.29543
-4.28985
-4.28693
-4.28164
-4.27972
-4.26811
-4.26429
-4.26152
-4.25743
-4.25391
-4.24614
-4.24147
-4.23977
-4.2285
-4.22402
-4.21776
-4.2117
-4.20877
-4.20569
-4.19686
-4.19642
-4.19114
-4.18677
-4.17586
-4.17226
-4.16161
-4.15913
-4.15444
-4.15178
-4.14645
-4.14174
-4.13638
-4.12929
-4.12441
-4.12193
-4.11392
-4.10964
-4.10556
-4.10535
-4.09913
-4.09318
-4.08529
-4.08068
-4.07236
-4.06538
-4.06099
-4.05383
-4.05316
-4.04442
-4.03995
-4.03558
-4.03093
-4.02933
-4.02582
-4.02109
-4.01314
-4.01188
-4.00259
-3.99199
-3.98418
-3.97423
-3.9732
-3.96985
-3.96299
-3.95713
-3.95367
-3.94214
-3.94198
-3.93348
-3.93098
-3.92467
-3.91704
-3.9143
-3.90791
-3.9061
-3.89943
-3.89208
-3.88803
-3.88191
-3.87399
-3.8642
-3.85977
-3.85592
-3.84964
-3.84876
-3.84578
-3.84547
-3.83671
-3.83042
-3.82124
-3.81771
-3.8101
-3.80725
-3.80168
-3.7999
-3.79035
-3.78679
-3.7791
-3.7725
-3.77188
-3.7611
-3.75367
-3.74793
-3.74633
-3.74536
-3.7418
-3.73156
-3.72915
-3.72215
-3.71853
-3.70981
-3.70684
-3.70189
-3.69781
-3.68837
-3.68436
-3.67652
-3.67514
-3.67009
-3.66538
-3.65944
-3.65155
-3.64789
-3.64478
-3.63752
-3.63548
-3.62568
-3.6216
-3.60774
-3.60459
-3.60106
-3.60002
-3.58595
-3.58258
-3.57611
-3.57463
-3.56847
-3.55805
-3.55655
-3.55452
-3.55343
-3.54244
-3.5411
-3.53779
-3.52964
-3.52193
-3.51265
-3.50696
-3.50443
-3.50337
-3.49178
-3.48945
-3.47996
-3.47651
-3.4724
-3.46092
-3.45806
-3.44998
-3.44726
-3.44334
-3.43494
-3.432
-3.42911
-3.42494
-3.4229
-3.41317
-3.4088
-3.40436
-3.39906
-3.39449
-3.38917
-3.38719
-3.3817
-3.37369
-3.37267
-3.36703
-3.36071
-3.34978
-3.34257
-3.33809
-3.33337
-3.32666
-3.31939
-3.31498
-3.30699
-3.29743
-3.29181
-3.28625
-3.28446
-3.2837
-3.27009
-3.26597
-3.25822
-3.25258
-3.24999
-3.24753
-3.24398
-3.23677
-3.23573
-3.22277
-3.21674
-3.21118
-3.20245
-3.19311
-3.19029
-3.1852
-3.17894
-3.17582
-3.16872
-3.16278
-3.16229
-3.15696
-3.152
-3.14906
-3.14145
-3.13933
-3.13398
-3.13165
-3.12665
-3.12473
-3.12312
-3.11207
-3.10756
-3.10606
-3.09935
-3.0908
-3.08591
-3.08095
-3.07093
-3.06622
-3.06115
-3.05914
-3.0525
-3.047
-3.04217
-3.03559
-3.03087
-3.02262
-3.0198
-3.01467
-3.01129
-3.00886
-2.99646
-2.98967
-2.98637
-2.97854
-2.96743
-2.9646
-2.95723
-2.95408
-2.95216
-2.93583
-2.93174
-2.92485
-2.9181
-2.91392
-2.9014
-2.89854
-2.89398
-2.88944
-2.87286
-2.87026
-2.86318
-2.86092
-2.85578
-2.85116
-2.84755
-2.83713
-2.83343
-2.82947
-2.82398
-2.81552
-2.80791
-2.80079
-2.7954
-2.78733
-2.78357
-2.77593
-2.77475
-2.76583
-2.7563
-2.74705
-2.74035
-2.73551
-2.73245
-2.72786
-2.72469
-2.71647
-2.7093
-2.70509
-2.70142
-2.69006
-2.68551
-2.67741
-2.6739
-2.66847
-2.6522
-2.64928
-2.64242
-2.63798
-2.62888
-2.62115
-2.61464
-2.61179
-2.60607
-2.59933
-2.5945
-2.58748
-2.57739
-2.57155
-2.56199
-2.5589
-2.55372
-2.54031
-2.53351
-2.52861
-2.52054
-2.51601
-2.51308
-2.50207
-2.4991
-2.49137
-2.48537
-2.4818
-2.47791
-2.46721
-2.46113
-2.4594
-2.45329
-2.44915
-2.43922
-2.43491
-2.42914
-2.42451
-2.42141
-2.41378
-2.40198
-2.39552
-2.39347
-2.39086
-2.38692
-2.37717
-2.3747
-2.37082
-2.36244
-2.35633
-2.35454
-2.34612
-2.34194
-2.33423
-2.32289
-2.32056
-2.31469
-2.31342
-2.30911
-2.301
-2.29911
-2.28656
-2.27985
-2.27616
-2.2718
-2.26817
-2.26221
-2.25782
-2.25417
-2.2428
-2.23917
-2.2312
-2.22743
-2.22351
-2.21425
-2.21036
-2.20758
-2.20231
-2.18903
-2.1825
-2.17778
-2.17701
-2.16972
-2.16789
-2.16574
-2.1574
-2.15153
-2.14471
-2.14047
-2.13687
-2.13427
-2.12646
-2.1194
-2.10927
-2.10864
-2.10657
-2.09814
-2.09337
-2.08889
-2.08542
-2.07521
-2.07075
-2.0655
-2.06044
-2.05505
-2.05248
-2.04323
-2.03513
-2.02687
-2.02512
-2.01738
-2.01315
-2.0078
-2.00551
-1.9988
-1.99214
-1.98618
-1.98161
-1.97595
-1.97109
-1.96601
-1.96186
-1.94734
-1.94628
-1.93935
-1.93847
-1.93161
-1.9303
-1.92792
-1.91391
-1.91081
-1.90291
-1.90095
-1.88998
-1.88627
-1.88258
-1.87243
-1.86893
-1.86626
-1.86501
-1.86383
-1.85435
-1.84893
-1.8414
-1.84048
-1.83446
-1.82879
-1.82693
-1.82087
-1.81849
-1.80987
-1.80583
-1.79757
-1.79194
-1.78888
-1.78246
-1.78154
-1.77501
-1.77217
-1.76644
-1.75701
-1.75479
-1.75195
-1.74678
-1.74492
-1.73528
-1.73272
-1.7227
-1.71673
-1.70961
-1.70702
-1.69938
-1.69592
-1.69415
-1.68778
-1.67986
-1.67897
-1.66959
-1.66504
-1.66291
-1.65326
-1.64942
-1.64464
-1.64159
-1.63701
-1.62893
-1.62489
-1.61897
-1.61265
-1.60925
-1.60728
-1.59486
-1.593
-1.58323
-1.58003
-1.57492
-1.57243
-1.56677
-1.56567
-1.55883
-1.55013
-1.54764
-1.54275
-1.53903
-1.53361
-1.52878
-1.52248
-1.52105
-1.51178
-1.50279
-1.50009
-1.49752
-1.49275
-1.48459
-1.47541
-1.47374
-1.46958
-1.46295
-1.45805
-1.4556
-1.45291
-1.44697
-1.44203
-1.43549
-1.43086
-1.42309
-1.4185
-1.4175
-1.41223
-1.40861
-1.40178
-1.39937
-1.39841
-1.38524
-1.38397
-1.37949
-1.37612
-1.37129
-1.36302
-1.35663
-1.35414
-1.34934
-1.34695
-1.34455
-1.3363
-1.33183
-1.32881
-1.32665
-1.31992
-1.31312
-1.30701
-1.3029
-1.2986
-1.29745
-1.29287
-1.28985
-1.28098
-1.27595
-1.27178
-1.26392
-1.25614
-1.25289
-1.25039
-1.24482
-1.24026
-1.23647
-1.23371
-1.22557
-1.22164
-1.22042
-1.21407
-1.21202
-1.20904
-1.20409
-1.19994
-1.19909
-1.18555
-1.18385
-1.18143
-1.17646
-1.17322
-1.16481
-1.163
-1.16022
-1.1526
-1.14259
-1.14025
-1.13214
-1.12648
-1.12161
-1.11922
-1.11686
-1.11392
-1.10874
-1.10302
-1.09737
-1.09264
-1.08656
-1.08034
-1.0756
-1.07265
-1.06806
-1.06195
-1.06043
-1.05204
-1.05175
-1.04534
-1.03831
-1.02931
-1.02624
-1.02325
-1.01948
-1.01621
-1.01298
-1.01233
-1.00637
-1.00189
-0.999437
-0.994406
-0.989488
-0.987366
-0.977555
-0.974029
-0.970712
-0.964612
-0.957893
-0.957103
-0.950039
-0.947925
-0.944559
-0.934672
-0.930223
-0.926536
-0.919945
-0.916797
-0.91115
-0.910542
-0.903338
-0.900093
-0.897229
-0.891625
-0.887625
-0.880419
-0.878658
-0.865673
-0.861837
-0.856741
-0.854041
-0.847576
-0.845633
-0.841631
-0.832244
-0.828592
-0.825553
-0.822551
-0.810764
-0.803425
-0.797202
-0.794369
-0.79102
-0.783376
-0.773479
-0.772163
-0.768963
-0.76317
-0.760295
-0.755739
-0.749273
-0.742678
-0.734302
-0.72604
-0.718333
-0.717587
-0.714559
-0.707761
-0.701756
-0.697705
-0.694194
-0.689626
-0.684525
-0.681133
-0.669479
-0.663091
-0.661308
-0.66101
-0.651744
-0.649216
-0.636191
-0.634587
-0.627147
-0.618226
-0.611116
-0.607262
-0.602432
-0.596859
-0.593779
-0.590226
-0.586782
-0.577946
-0.572446
-0.57026
-0.568848
-0.563764
-0.557439
-0.545746
-0.53864
-0.536953
-0.530506
-0.522675
-0.517823
-0.515114
-0.51079
-0.506409
-0.494663
-0.491595
-0.487035
-0.484608
-0.481526
-0.478451
-0.471402
-0.466309
-0.454922
-0.447174
-0.446116
-0.436486
-0.432861
-0.427421
-0.42271
-0.416688
-0.410532
-0.408384
-0.402467
-0.396744
-0.389289
-0.387535
-0.38478
-0.378809
-0.374208
-0.368938
-0.363195
-0.357629
-0.356677
-0.350415
-0.343052
-0.341291
-0.338077
-0.333012
-0.330987
-0.323072
-0.316932
-0.314654
-0.306098
-0.301328
-0.296332
-0.294485
-0.287217
-0.280652
-0.278683
-0.271633
-0.268621
-0.267086
-0.262606
-0.257379
-0.252663
-0.251248
-0.250154
-0.239267
-0.237587
-0.232623
-0.230672
-0.225509
-0.220943
-0.218097
-0.213526
-0.209907
-0.208002
-0.204809
-0.200704
-0.198773
-0.191746
-0.18618
-0.180703
-0.174859
-0.169149
-0.166173
-0.164405
-0.16173
-0.156401
-0.14975
-0.146258
-0.139663
-0.136187
-0.129235
-0.124168
-0.121686
-0.116462
-0.111841
-0.106966
-0.10044
-0.0972567
-0.0922085
-0.0885781
-0.0809319
-0.0778111
-0.0720877
-0.0655234
-0.0609723
-0.0580102
-0.053966
-0.0493392
-0.04168
-0.0349346
-0.0306533
-0.0258474
-0.0210405
-0.0169671
-0.0132736
-0.0100988
-0.00526418
-0.00239164
0
0.00299145
0.0122081
0.0159672
0.0171621
0.0183249
0.0226964
0.0251998
0.0308947
0.0374634
0.0408144
0.0505737
0.0566468
0.0613132
0.0646527
0.0682712
0.0743118
0.0748754
0.081568
0.0829315
0.0913796
0.094711
0.102042
0.109684
0.113314
0.116989
0.120708
0.124388
0.130284
0.131784
0.135577
0.141197
0.146195
0.153069
0.155161
0.159043
0.165743
0.17113
0.177565
0.180896
0.184049
0.191465
0.19602
0.201172
0.206795
0.211183
0.216923
0.221833
0.224846
0.225526
0.233911
0.240263
0.243911
0.250056
0.251216
0.252577
0.265586
0.27181
0.276135
0.2791
0.284287
0.289604
0.293351
0.298462
0.304384
0.309819
0.313732
0.317633
0.323588
0.325172
0.333598
0.338917
0.341487
0.346544
0.349376
0.353811
0.365989
0.366767
0.372574
0.379147
0.387136
0.392321
0.394206
0.401955
0.407097
0.414132
0.418468
0.426015
0.432264
0.43751
0.443111
0.443784
0.445184
0.453672
0.461006
0.464466
0.469234
0.476911
0.483049
0.486495
0.490413
0.494855
0.499539
0.501329
0.505964
0.510781
0.515419
0.523082
0.525846
0.534125
0.540745
0.549713
0.553661
0.556545
0.565175
0.571654
0.576286
0.581299
0.588404
0.591172
0.602789
0.606819
0.610899
0.613533
0.615029
0.631624
0.632275
0.636713
0.644854
0.649929
0.653507
0.656557
0.661142
0.667708
0.672771
0.67638
0.684138
0.690661
0.693556
0.703344
0.705435
0.711424
0.715287
0.72265
0.726805
0.729465
0.73559
0.738041
0.743755
0.750324
0.751695
0.75609
0.762189
0.772843
0.783192
0.788603
0.794507
0.797439
0.803429
0.80504
0.807857
0.812291
0.828363
0.830428
0.832603
0.839616
0.84633
0.848857
0.851921
0.85676
0.859725
0.868593
0.87137
0.87524
0.882075
0.887507
0.892398
0.895356
0.904635
0.912473
0.91515
0.921271
0.928559
0.933072
0.939483
0.946939
0.952563
0.958654
0.962491
0.96862
0.974039
0.980607
0.985565
0.989944
1.00091
1.00417
1.01098
1.01934
1.0212
1.02693
1.03214
1.04096
1.04314
1.04488
1.0488
1.05797
1.06311
1.0657
1.07171
1.07355
1.08181
1.08313
1.09296
1.09591
1.10096
1.10632
1.11047
1.11257
1.11907
1.1222
1.1315
1.13709
1.14359
1.14976
1.15225
1.16438
1.16742
1.17093
1.17916
1.18081
1.18529
1.18875
1.20037
1.20647
1.21146
1.21617
1.22214
1.22544
1.23115
1.23139
1.23889
1.24352
1.24635
1.25085
1.25583
1.25933
1.26806
1.27369
1.27679
1.27991
1.28684
1.2961
1.29657
1.30547
1.30628
1.31617
1.32136
1.3236
1.32597
1.32858
1.334
1.33578
1.34667
1.35206
1.35368
1.35693
1.36142
1.36808
1.37151
1.37824
1.37995
1.3838
1.39183
1.39624
1.39876
1.39975
1.4087
1.41301
1.41687
1.42208
1.42526
1.43193
1.43562
1.43998
1.44847
1.45243
1.45936
1.46329
1.46876
1.47282
1.47606
1.47973
1.49052
1.4943
1.49844
1.50544
1.50959
1.51042
1.51535
1.52521
1.52654
1.52858
1.5336
1.53441
1.54473
1.54713
1.54999
1.55252
1.55657
1.56304
1.56802
1.57193
1.58052
1.58768
1.59031
1.59387
1.59942
1.60413
1.60632
1.61055
1.61485
1.62033
1.63322
1.63833
1.64494
1.6516
1.65631
1.65826
1.66495
1.67067
1.67339
1.67809
1.68474
1.68539
1.69141
1.69925
1.70029
1.70849
1.71465
1.71847
1.72331
1.72715
1.73937
1.74181
1.74571
1.74893
1.75405
1.75933
1.76458
1.7726
1.77937
1.78571
1.78958
1.79023
1.79444
1.79781
1.80198
1.81033
1.81252
1.82152
1.82417
1.82676
1.83343
1.83686
1.84068
1.849
1.85049
1.85658
1.85914
1.86753
1.86906
1.87341
1.88177
1.88546
1.88894
1.89137
1.89616
1.89987
1.90438
1.91493
1.9202
1.92399
1.92676
1.93093
1.93509
1.94077
1.94608
1.94897
1.95513
1.95872
1.96328
1.96763
1.97067
1.97355
1.98356
1.98956
1.9937
1.99885
2.00252
2.00797
2.00873
2.01206
2.02093
2.03013
2.03157
2.03351
2.04312
2.04465
2.04974
2.05504
2.05648
2.06269
2.0655
2.07354
2.07991
2.08266
2.09253
2.09531
2.1004
2.10371
2.10739
2.11269
2.1157
2.12509
2.12904
2.13175
2.13315
2.13868
2.14959
2.15157
2.15609
2.15871
2.16288
2.16641
2.17217
2.17387
2.18084
2.18682
2.19117
2.19491
2.19732
2.20649
2.20893
2.21377
2.22458
2.2276
2.23327
2.23433
2.24107
2.24229
2.24764
2.25499
2.26207
2.26332
2.26698
2.27091
2.28377
2.28546
2.29074
2.29148
2.29919
2.30416
2.30987
2.32019
2.322
2.32864
2.33301
2.34005
2.34582
2.34856
2.35291
2.35923
2.36589
2.36794
2.36917
2.37747
2.3824
2.3888
2.39741
2.4064
2.40902
2.41002
2.41575
2.41851
2.42384
2.42791
2.43462
2.43663
2.4435
2.44737
2.45644
2.45873
2.46139
2.4652
2.47193
2.474
2.47942
2.48458
2.48698
2.49457
2.49921
2.50376
2.50702
2.51217
2.51366
2.51635
2.52249
2.52936
2.53034
2.53268
2.53721
2.54442
2.54729
2.54918
2.5597
2.56726
2.57058
2.57582
2.57818
2.58712
2.59038
2.59295
2.59301
2.60501
2.60853
2.61043
2.6181
2.62076
2.62441
2.62879
2.63689
2.64343
2.64762
2.64885
2.65482
2.66135
2.66434
2.66637
2.67
2.67917
2.68595
2.69204
2.6926
2.70053
2.70521
2.7081
2.7107
2.71698
2.72028
2.72642
2.73083
2.73748
2.74046
2.74213
2.75119
2.75559
2.75923
2.7644
2.7676
2.77431
2.77552
2.78448
2.78733
2.79592
2.80054
2.80414
2.80895
2.81205
2.81827
2.82769
2.83141
2.83866
2.84289
2.84475
2.84815
2.85428
2.85706
2.86375
2.86671
2.87203
2.87876
2.88343
2.89045
2.89541
2.89972
2.90377
2.90787
2.91034
2.91153
2.91938
2.92211
2.93087
2.9332
2.93836
2.94317
2.94677
2.94849
2.95151
2.95353
2.95947
2.96865
2.97757
2.9821
2.99295
2.99882
3.00207
3.0075
3.01165
3.01576
3.02167
3.02552
3.02813
3.03263
3.04383
3.04665
3.05151
3.05762
3.05977
3.06615
3.07141
3.07645
3.08147
3.08538
3.08965
3.09539
3.0962
3.10094
3.10386
3.11057
3.11583
3.11783
3.11914
3.12095
3.13604
3.13699
3.1475
3.14947
3.15027
3.15664
3.16385
3.16497
3.17157
3.17717
3.18303
3.18596
3.19215
3.19616
3.19964
3.2065
3.21009
3.21372
3.21691
3.2207
3.22653
3.23367
3.24018
3.24078
3.24478
3.24879
3.25432
3.25743
3.2584
3.2635
3.26598
3.27046
3.276
3.27735
3.28213
3.29084
3.29593
3.29815
3.30238
3.30625
3.31032
3.31482
3.3187
3.32417
3.32699
3.33006
3.33412
3.34011
3.34652
3.34971
3.35648
3.36126
3.36257
3.36696
3.3712
3.37969
3.38198
3.38788
3.39241
3.39517
3.40161
3.4041
3.41262
3.41392
3.41684
3.41963
3.42954
3.43204
3.43496
3.43598
3.44328
3.44884
3.45003
3.45551
3.46087
3.46711
3.46881
3.47297
3.47851
3.49274
3.49582
3.50165
3.50592
3.51296
3.51669
3.52094
3.52545
3.52926
3.53032
3.53575
3.54107
3.54356
3.54878
3.551
3.55933
3.56545
3.57059
3.57455
3.58019
3.58616
3.5939
3.5967
3.60423
3.60866
3.612
3.61662
3.62431
3.62529
3.62797
3.63501
3.6402
3.64463
3.64863
3.6539
3.65966
3.66626
3.66933
3.67777
3.68115
3.68534
3.69259
3.6989
3.7014
3.70665
3.70943
3.7192
3.72876
3.73211
3.73598
3.73729
3.7463
3.75126
3.7602
3.76815
3.76967
3.77502
3.77862
3.78193
3.78519
3.78858
3.79423
3.80199
3.80356
3.81125
3.8181
3.81993
3.82367
3.82682
3.82721
3.84535
3.85026
3.85256
3.86054
3.86396
3.86902
3.87559
3.88255
3.88692
3.88814
3.89825
3.90438
3.90962
3.91443
3.91926
3.92432
3.92946
3.93556
3.94041
3.95163
3.9536
3.96215
3.96447
3.96898
3.9791
3.98869
3.99628
3.99735
4.00339
4.00767
4.01005
4.01486
4.02456
4.02913
4.03519
4.03766
4.04057
4.04796
4.05018
4.05854
4.0609
4.06485
4.07095
4.07454
4.08516
4.08572
4.09233
4.09498
4.1033
4.10577
4.11379
4.11771
4.12537
4.12724
4.12772
4.13325
4.14087
4.14788
4.1555
4.15927
4.16545
4.17116
4.18121
4.19029
4.19601
4.19814
4.20158
4.21053
4.21459
4.21892
4.2237
4.23037
4.23388
4.23852
4.24184
4.25304
4.25712
4.26195
4.26535
4.27498
4.27692
4.27993
4.28593
4.29405
4.3013
4.30348
4.30866
4.31277
4.32298
4.32662
4.33301
4.33375
4.34084
4.34248
4.35163
4.35505
4.35955
4.36388
4.36932
4.38184
4.38572
4.39571
4.39889
4.40395
4.40857
4.4139
4.41646
4.4248
4.42884
4.42957
4.43409
4.44235
4.44447
4.45349
4.45678
4.46681
4.46792
4.47035
4.47743
4.48414
4.48981
4.49423
4.49834
4.50421
4.50599
4.51659
4.52379
4.52708
4.53279
4.53419
4.54034
4.54901
4.5527
4.56379
4.56418
4.57119
4.57749
4.5808
4.58386
4.59281
4.5965
4.60406
4.60889
4.61767
4.61951
4.62333
4.63343
4.63762
4.64211
4.64735
4.65353
4.65963
4.6733
4.67486
4.68071
4.68155
4.69226
4.69436
4.70199
4.70455
4.70597
4.71353
4.71968
4.72842
4.73502
4.73777
4.74594
4.74732
4.75509
4.76191
4.7633
4.77233
4.77515
4.77843
4.78538
4.78933
4.79198
4.8011
4.80747
4.81071
4.81722
4.82128
4.82997
4.8336
4.83905
4.84141
4.84361
4.84571
4.85696
4.86171
4.8689
4.87505
4.87936
4.88176
4.88892
4.89896
4.90415
4.91036
4.91491
4.91665
4.92606
4.92841
4.93514
4.93842
4.94504
4.95042
4.95138
4.96246
4.96859
4.97434
4.98141
4.98466
4.98777
4.9896
4.99473
4.99712
4.99904
5.00854
5.01651
5.01948
5.02553
5.03587
5.04127
5.04569
5.04734
5.05292
5.05819
5.06769
5.07284
5.07997
5.08469
5.08918
5.09755
5.09934
5.10335
5.10729
5.11564
5.11732
5.12025
5.12145
5.12975
5.1348
5.13938
5.14269
5.15627
5.16224
5.16875
5.16957
5.17281
5.17908
5.18598
5.19171
5.19463
5.20242
5.20471
5.20556
5.21898
5.22685
5.22918
5.23119
5.23665
5.24297
5.25066
5.25355
5.25997
5.26514
5.27271
5.2772
5.28689
5.28887
5.29153
5.29686
5.29747
5.30587
5.31235
5.32374
5.32491
5.32867
5.33054
5.33601
5.34561
5.3482
5.35848
5.36701
5.37358
5.37852
5.38203
5.38592
5.39598
5.39706
5.40816
5.41317
5.41599
5.4205
5.42732
5.4364
5.4387
5.44139
5.45179
5.45287
5.45723
5.46146
5.46629
5.46984
5.47333
5.47698
5.48339
5.48983
5.50372
5.50851
5.51137
5.51468
5.51563
5.52501
5.52994
5.53606
5.54062
5.5451
5.55145
5.55325
5.556
5.56416
5.56895
5.57314
5.57363
5.58251
5.58433
5.58917
5.59716
5.6036
5.60921
5.61535
5.62285
5.63104
5.6355
5.63707
5.63985
5.64496
5.65096
5.65886
5.6594
5.67057
5.67122
5.67709
5.67932
5.68906
5.69243
5.7033
5.70747
5.70993
5.71451
5.71953
5.72492
5.72987
5.73441
5.74762
5.75507
5.76422
5.76859
5.77262
5.78337
5.7855
5.78894
5.7931
5.79768
5.80434
5.80715
5.81622
5.82022
5.82809
5.83211
5.83627
5.83855
5.84278
5.84442
5.85146
5.85376
5.86068
5.87417
5.87768
5.8844
5.88843
5.89201
5.8989
5.90636
5.90716
5.91335
5.91637
5.91799
5.9242
5.93165
5.93515
5.94607
5.9492
5.95504
5.96406
5.975
5.97698
5.98172
5.98586
5.99262
5.99607
6.00435
6.01113
6.01679
6.01974
6.0248
6.03051
6.03731
6.04153
6.04435
6.0477
6.05392
6.05576
6.05861
6.07082
6.07515
6.07899
6.08351
6.08793
6.09377
6.09574
6.10461
6.10844
6.1121
6.11865
6.12439
6.13109
6.13314
6.13872
6.14258
6.14704
6.15013
6.15545
6.15946
6.16399
6.16625
6.17729
6.17803
6.18982
6.19017
6.19501
6.20285
6.20634
6.21268
6.21798
6.22481
6.23224
6.23672
6.24268
6.24479
6.24884
6.25502
6.2585
6.26311
6.26972
6.27493
6.2793
6.28435
6.29074
6.29631
6.2994
6.30922
6.31423
6.3183
6.32184
6.3302
6.33372
6.3399
6.34238
6.34611
6.35438
6.3588
6.36306
6.36926
6.37539
6.37915
6.38445
6.39048
6.39654
6.4009
6.40427
6.41338
6.41566
6.41625
6.42558
6.43656
6.43998
6.44327
6.44716
6.45106
6.45495
6.45951
6.46761
6.4719
6.47247
6.47811
6.48571
6.4946
6.49573
6.49876
6.50572
6.51097
6.514
6.52351
6.52776
6.53147
6.54177
6.54559
6.54998
6.553
6.55703
6.56272
6.57384
6.58444
6.58657
6.59106
6.59171
6.59869
6.60595
6.60727
6.6128
6.61616
6.62102
6.62699
6.62976
6.63839
6.64054
6.64709
6.65042
6.66104
6.66707
6.67238
6.67539
6.68105
6.68832
6.69179
6.70146
6.70343
6.70606
6.71307
6.71871
6.7231
6.726
6.73016
6.73418
6.73892
6.74331
6.75012
6.75343
6.76175
6.76235
6.76731
6.77391
6.77827
6.78037
6.78627
6.78845
6.78913
6.79647
6.80295
6.8088
6.81909
6.82438
6.8269
6.83436
6.83829
6.84036
6.84217
6.84573
6.86154
6.86717
6.86817
6.87167
6.87802
6.87904
6.88649
6.89141
6.89536
6.90174
6.90242
6.90819
6.91085
6.91652
6.92394
6.92604
6.93705
6.93818
6.94595
6.95092
6.958
6.95964
6.96523
6.97579
6.97997
6.9859
6.98998
6.99668
7.00009
7.00322
7.00732
7.01391
7.01981
7.02517
7.02777
7.0327
7.03868
7.03993
7.04559
7.05518
7.05956
7.0651
7.06992
7.07992
7.0853
7.08738
7.09195
7.09909
7.1037
7.10723
7.11006
7.114
7.12817
7.13317
7.13896
7.14115
7.14927
7.15327
7.16038
7.16884
7.17143
7.175
7.17802
7.18533
7.18906
7.19246
7.20401
7.21095
7.21204
7.21984
7.22149
7.22952
7.23009
7.23589
7.2422
7.2461
7.24758
7.25318
7.25548
7.2565
7.26677
7.27391
7.2793
7.28573
7.28811
7.29102
7.29835
7.29997
7.30595
7.31183
7.31669
7.32619
7.32813
7.33258
7.33747
7.34794
7.35405
7.35715
7.36162
7.36659
7.37109
7.37541
7.38489
7.38996
7.39825
7.40412
7.41309
7.41363
7.41844
7.41933
7.42543
7.43228
7.43303
7.44392
7.44591
7.45442
7.46021
7.46676
7.47722
7.48026
7.48697
7.49516
7.4991
7.50252
7.50568
7.50696
7.51595
7.51818
7.5238
7.52716
7.53437
7.54542
7.54633
7.55331
7.55939
7.56631
7.57462
7.57686
7.58216
7.58747
7.58987
7.60444
7.60706
7.61345
7.61926
7.62656
7.63671
7.63975
7.64038
7.65057
7.65364
7.65896
7.66237
7.67021
7.6806
7.68301
7.68618
7.69741
7.70609
7.71364
7.71627
7.7239
7.72647
7.73079
7.73612
7.74237
7.7441
7.75201
7.75637
7.76835
7.77051
7.77511
7.7825
7.78813
7.79134
7.80012
7.80734
7.81976
7.82472
7.82762
7.8301
7.83516
7.84158
7.84448
7.85419
7.8583
7.86375
7.86981
7.87932
7.88048
7.88498
7.88949
7.89992
7.90416
7.91115
7.91616
7.92009
7.92932
7.93518
7.93806
7.94687
7.95659
7.95735
7.9597
7.96814
7.97554
7.98264
7.98742
7.99079
7.9926
8.00442
8.01304
8.02412
8.02902
8.03521
8.03775
8.04504
8.04882
8.05312
8.05976
8.06755
8.06908
8.07437
8.07994
8.08757
8.0914
8.1009
8.11202
8.11464
8.11725
8.12841
8.13577
8.14259
8.14496
8.15154
8.15775
8.16644
8.17308
8.17788
8.18893
8.19512
8.20356
8.20428
8.21156
8.2138
8.21766
8.22015
8.22566
8.23281
8.24287
8.24865
8.25238
8.26488
8.26815
8.27527
8.28218
8.29408
8.3041
8.30802
8.31427
8.31637
8.32553
8.33392
8.33898
8.34676
8.3525
8.3571
8.36117
8.3664
8.3737
8.37582
8.38523
8.38599
8.39568
8.40107
8.414
8.41915
8.4245
8.42941
8.43416
8.44039
8.44787
8.44901
8.45335
8.46036
8.46672
8.47504
8.47748
8.48215
8.48269
8.49234
8.49799
8.50741
8.51226
8.51432
8.51831
8.52664
8.53345
8.53757
8.54476
8.54979
8.55578
8.56269
8.56472
8.5728
8.57646
8.58733
8.58917
8.59063
8.59641
8.60138
8.6106
8.62441
8.62907
8.63081
8.63921
8.64838
8.65002
8.65936
8.66218
8.66972
8.681
8.68567
8.68856
8.69361
8.6998
8.70135
8.70709
8.71283
8.71653
8.71908
8.72576
8.73281
8.73837
8.74246
8.7483
8.75125
8.76066
8.76166
8.77093
8.77224
8.78125
8.78976
8.79259
8.79776
8.80125
8.80382
8.80997
8.81693
8.81905
8.82778
8.83181
8.83841
8.83919
8.84632
8.84835
8.8575
8.86179
8.86694
8.87085
8.87461
8.88476
8.89022
8.89576
8.89873
8.89935
8.91263
8.91681
8.92238
8.92669
8.92978
8.93287
8.93898
8.94323
8.95302
8.95649
8.95984
8.96169
8.96958
8.97223
8.97463
8.98485
8.9879
8.99177
8.99649
9.00718
9.01131
9.0159
9.01867
9.02252
9.02388
9.02752
9.03474
9.0469
9.04901
9.05003
9.05314
9.06488
9.06889
9.07554
9.07828
9.08433
9.09128
9.09532
9.10502
9.10829
9.11579
9.11976
9.12288
9.12858
9.13687
9.14347
9.15188
9.15385
9.15703
9.16331
9.16395
9.17482
9.18123
9.18525
9.18848
9.19936
9.20008
9.20679
9.20795
9.21697
9.22196
9.22825
9.23197
9.24288
9.24771
9.25032
9.25484
9.26223
9.26693
9.27894
9.28068
9.28506
9.2892
9.29269
9.29889
9.30607
9.30804
9.31338
9.32089
9.32321
9.32818
9.3339
9.33665
9.34582
9.35051
9.35885
9.36191
9.37026
9.37067
9.38218
9.38593
9.38804
9.39337
9.40296
9.40865
9.41349
9.41522
9.4239
9.43208
9.44103
9.44729
9.4493
9.45204
9.45862
9.46438
9.46774
9.4778
9.47924
9.48756
9.48877
9.49325
9.50039
9.5081
9.51014
9.51853
9.52004
9.52321
9.53109
9.53323
9.53749
9.54229
9.55162
9.56262
9.57057
9.57409
9.57494
9.58474
9.59084
9.59502
9.60147
9.60555
9.61103
9.61508
9.61931
9.6231
9.62947
9.63093
9.63554
9.64476
9.65006
9.6553
9.6614
9.66198
9.66773
9.6694
9.67609
9.68024
9.68243
9.69243
9.69973
9.70338
9.7143
9.71965
9.72234
9.72961
9.73481
9.73954
9.74066
9.74507
9.75108
9.75184
9.75417
9.76508
9.77111
9.77814
9.78278
9.79111
9.80239
9.80338
9.81098
9.81233
9.81974
9.82609
9.82962
9.83577
9.83953
9.84627
9.8518
9.86265
9.86412
9.87
9.87972
9.88364
9.88987
9.89838
9.90402
9.90621
9.91048
9.91192
9.91688
9.92453
9.927
9.93279
9.93746
9.94119
9.95388
9.95842
9.96426
9.97109
9.97204
9.97559
9.98235
9.99038
9.99492
9.99869
10.0058
10.0087
10.0116
10.0141
10.0273
10.0345
10.04
10.0434
10.0444
10.0491
10.0539
10.0603
10.0619
10.0713
10.078
10.0818
10.0843
10.0888
10.098
10.1028
10.109
10.1172
10.1229
10.1272
10.1312
10.1377
10.1412
10.1469
10.1589
10.1596
10.1648
10.1669
10.1761
10.182
10.1855
10.1915
10.1963
10.204
10.2054
10.214
10.2164
10.224
10.2308
10.2339
10.2396
10.2438
10.2483
10.2538
10.2664
10.267
10.2759
10.2788
10.2877
10.2886
10.2966
10.3035
10.3066
10.3118
10.3189
10.3217
10.331
10.3361
10.3479
10.3484
10.3575
10.3617
10.3635
10.3671
10.37
10.3776
10.3895
10.3921
10.3966
10.3984
10.4075
10.4119
10.4169
10.4188
10.4293
10.4344
10.4423
10.4476
10.4505
10.4585
10.4671
10.4702
10.4837
10.489
10.4977
10.5021
10.5082
10.5133
10.517
10.5198
10.5279
10.5444
10.5452
10.5498
10.5542
10.5575
10.5648
10.5688
10.5805
10.5877
10.5933
10.6034
10.6083
10.6164
10.6199
10.6236
10.6315
10.6356
10.6407
10.6509
10.6528
10.6573
10.6701
10.6733
10.6775
10.6866
10.6926
10.7018
10.7073
10.7114
10.7255
10.7341
10.7402
10.7453
10.7526
10.757
10.7648
10.7715
10.7758
10.7807
10.7844
10.7912
10.8006
10.8084
10.813
10.8145
10.8222
10.8394
10.8429
10.8488
10.8551
10.8624
10.8675
10.8704
10.8835
10.8899
10.8947
10.8991
10.904
10.9123
10.9185
10.9232
10.935
10.944
10.947
10.9534
10.9675
10.9704
10.976
10.9798
10.9857
10.9991
11.0004
11.0105
11.018
11.0217
11.0304
11.035
11.0466
11.0484
11.0542
11.0644
11.0729
11.0793
11.0841
11.0887
11.0941
11.1072
11.1108
11.1256
11.1273
11.1293
11.1368
11.144
11.147
11.1656
11.1696
11.1787
11.1816
11.1932
11.1958
11.2063
11.2117
11.2168
11.2263
11.2354
11.2443
11.249
11.2534
11.2603
11.2746
11.2797
11.2885
11.2903
11.3011
11.3104
11.3138
11.3185
11.3245
11.332
11.3393
11.3413
11.35
11.3534
11.358
11.3677
11.3754
11.381
11.383
11.3946
11.4065
11.4195
11.4242
11.4342
11.439
11.452
11.4586
11.4649
11.4735
11.4764
11.4826
11.489
11.4973
11.5034
11.5108
11.5189
11.5268
11.5353
11.5463
11.551
11.5566
11.564
11.5718
11.5826
11.5915
11.5943
11.6044
11.6097
11.616
11.6201
11.6332
11.6365
11.6458
11.6515
11.6534
11.6653
11.6729
11.6744
11.6862
11.6917
11.7004
11.7051
11.7084
11.72
11.7273
11.7306
11.7355
11.7379
11.755
11.7601
11.7672
11.7751
11.7775
11.7847
11.7918
11.7979
11.8074
11.8126
11.821
11.8286
11.834
11.8369
11.8458
11.8498
11.8567
11.8664
11.874
11.8855
11.8882
11.8903
11.9016
11.9052
11.9094
11.9169
11.9228
11.9313
11.9343
11.9354
11.944
11.948
11.9532
11.9572
11.9634
11.9732
11.9775
11.9824
11.9858
11.993
12.003
12.0111
12.0179
12.0257
12.0265
12.0368
12.0396
12.0491
12.0526
12.0608
12.0706
12.0773
12.0796
12.0805
12.0927
12.0986
12.1064
12.1149
12.1214
12.1302
12.1314
12.1405
12.1511
12.1536
12.1605
12.1615
12.1706
12.1776
12.1871
12.1945
12.1978
12.2104
12.2167
12.2206
12.2253
12.228
12.2302
12.2417
12.2573
12.2643
12.2655
12.2707
12.2739
12.2812
12.2879
12.2921
12.2949
12.3066
12.3104
12.3166
12.3269
12.3414
12.3445
12.3552
12.3574
12.3677
12.3793
12.3819
12.3891
12.3896
12.3974
12.4077
12.4103
12.418
12.425
12.4357
12.4406
12.4436
12.4557
12.4653
12.4718
12.4722
12.4768
12.4803
12.485
12.4981
12.506
12.5085
12.5135
12.5187
12.5298
12.5346
12.5399
12.5599
12.563
12.5681
12.57
12.5746
12.5812
12.5904
12.5978
12.605
12.609
12.6109
12.6176
12.6213
12.631
12.6372
12.6379
12.6515
12.6536
12.6623
12.6693
12.6723
12.6763
12.6825
12.6875
12.6948
12.6973
12.7155
12.72
12.7239
12.7275
12.7346
12.741
12.7417
12.7473
12.7528
12.7593
12.7637
12.7705
12.7759
12.7837
12.7895
12.7907
12.8004
12.8076
12.8119
12.8196
12.8213
12.8317
12.8399
12.8401
12.8436
12.8526
12.862
12.8698
12.8733
12.8761
12.8834
12.8916
12.8993
12.9138
12.9175
12.9242
12.9258
12.9361
12.9429
12.9486
12.9565
12.9684
12.9753
12.983
12.9855
12.9919
12.9974
13.0122
13.0184
13.0217
13.0236
13.0358
13.0453
13.049
13.0516
13.0547
13.0623
13.0658
13.077
13.0841
13.0908
13.0934
13.1022
13.1083
13.1174
13.121
13.1248
13.129
13.1342
13.1402
13.1486
13.1537
13.1602
13.1657
13.1751
13.1795
13.1915
13.1974
13.205
13.2188
13.2229
13.2255
13.2295
13.2402
13.2445
13.2605
13.2665
13.2717
13.2738
13.2871
13.2901
13.2939
13.2983
13.3022
13.3068
13.3107
13.3187
13.3278
13.3404
13.3458
13.3532
13.3662
13.3731
13.3757
13.3865
13.3945
13.4037
13.4042
13.4098
13.4185
13.4199
13.4315
13.4375
13.4446
13.4491
13.4531
13.458
13.4608
13.4679
13.4746
13.4839
13.4915
13.4942
13.5058
13.5112
13.5163
13.5195
13.5271
13.5346
13.5411
13.5449
13.5493
13.5565
13.5698
13.5744
13.5869
13.5925
13.5996
13.6105
13.6136
13.618
13.6271
13.6342
13.644
13.6535
13.657
13.6611
13.669
13.6712
13.6793
13.6832
13.6903
13.6952
13.7053
13.7112
13.7198
13.7212
13.7273
13.7333
13.7396
13.7474
13.7499
13.7556
13.7677
13.7771
13.7792
13.7796
13.7885
13.7975
13.8072
13.8143
13.8208
13.8216
13.8327
13.842
13.8424
13.8507
13.8554
13.8678
13.8708
13.8755
13.887
13.8889
13.8942
13.9019
13.9099
13.9211
13.9268
13.9282
13.9297
13.937
13.9455
13.9505
13.9552
13.9639
13.9648
13.9814
13.9833
13.9856
13.9981
14.0004
14.0094
14.0143
14.0166
14.0274
14.0348
14.0429
14.0488
14.0529
14.0635
14.0757
14.0838
14.0861
14.1004
14.1015
14.113
14.1195
14.1298
14.1325
14.1382
14.1425
14.1553
14.1627
14.1706
14.1791
14.182
14.1872
14.2085
14.214
14.222
14.2256
14.2316
14.2387
14.2394
14.2573
14.2655
14.2706
14.2787
14.2817
14.2862
14.2932
14.2984
14.3056
14.315
14.3346
14.3394
14.3426
14.3519
14.3568
14.3687
14.3725
14.3829
14.3854
14.3941
14.4019
14.406
14.4217
14.4268
14.4292
14.4349
14.4479
14.4707
14.478
14.4843
14.4898
14.4925
14.5011
14.5152
14.5211
14.5296
14.5406
14.556
14.5636
14.565
14.5725
14.5818
14.5898
14.5998
14.6061
14.6193
14.6277
14.634
14.6385
14.6453
14.6513
14.667
14.6697
14.6777
14.6898
14.6949
14.7066
14.7129
14.7165
14.7267
14.7332
14.7523
14.7654
14.7706
14.7766
14.7875
14.7954
14.8064
14.8067
14.8265
14.8309
14.8473
14.8493
14.8561
14.867
14.8708
14.8841
14.8871
14.9018
14.9169
14.9203
14.9213
14.9298
14.939
14.9442
14.9568
14.9586
14.9637
14.9758
14.9888
14.9926
15.0009
15.0122
15.016
15.0264
15.0387
15.0423
15.0462
15.0529
15.0647
15.072
15.0856
15.0897
15.0986
15.1026
15.1186
15.1275
15.1338
15.1479
15.1658
15.172
15.1912
15.195
15.2017
15.2122
15.2171
15.2243
15.2302
15.2405
15.2499
15.2619
15.2697
15.2955
15.3032
15.3037
15.3157
15.332
15.3416
15.3457
15.3556
15.3617
15.3661
15.3747
15.3906
15.4014
15.4033
15.4101
15.4345
15.435
15.4484
15.4607
15.4626
15.4739
15.4931
15.4996
15.5104
15.5188
15.5227
15.5277
15.5443
15.55
15.5523
15.5639
15.5774
15.588
15.5902
15.6167
15.6318
15.6359
15.6482
15.6528
15.6563
15.664
15.6676
15.6788
15.6998
15.7023
15.7041
15.723
15.7289
15.738
15.7421
15.7518
15.7638
15.7685
15.7835
15.7948
15.8005
15.8116
15.8185
15.8244
15.8357
15.8437
15.854
15.8639
15.8673
15.8834
15.8886
15.8912
15.8998
15.9065
15.9211
15.9298
15.9407
15.9498
15.9567
15.9621
15.9652
15.9799
15.9898
15.9976
16.0017
16.0232
16.034
16.0376
16.049
16.0524
16.0579
16.0767
16.0875
16.094
16.1085
16.1138
16.1247
16.1378
16.1445
16.158
16.1638
16.1715
16.1956
16.2034
16.2095
16.2167
16.2302
16.2342
16.2371
16.2552
16.2654
16.2796
16.2813
16.2971
16.307
16.3167
16.3252
16.3381
16.3499
16.3539
16.3726
16.3789
16.3852
16.4077
16.4118
16.4179
16.4395
16.4478
16.4538
16.4623
16.4725
16.4789
16.4901
16.5059
16.5131
16.5333
16.5453
16.5487
16.5569
16.5629
16.5718
16.5873
16.5936
16.6008
16.6028
16.6142
16.6231
16.6277
16.6377
16.6468
16.6553
16.6746
16.682
16.6838
16.6943
16.7059
16.7147
16.72
16.7318
16.7434
16.7533
16.7587
16.7675
16.7778
16.7936
16.8032
16.816
16.8175
16.8312
16.8396
16.8541
16.8558
16.8612
16.8851
16.8905
16.8985
16.9105
16.9251
16.9354
16.95
16.9577
16.9638
16.9974
16.9999
17.0096
17.0135
17.0294
17.0418
17.0604
17.0778
17.0886
17.0991
17.1074
17.1136
17.1207
17.1312
17.14
17.1429
17.1511
17.1641
17.1808
17.1876
17.1966
17.2057
17.2139
17.2243
17.2262
17.2396
17.246
17.2559
17.2907
17.2998
17.3025
17.3233
17.342
17.347
17.3527
17.3722
17.3774
17.3953
17.4007
17.4086
17.4138
17.4269
17.4412
17.4463
17.4699
17.4728
17.4963
17.5005
17.5158
17.5266
17.5314
17.5385
17.5598
17.5635
17.5769
17.5961
17.6065
17.6153
17.6267
17.6316
17.6326
17.6448
17.6497
17.6582
17.6691
17.6859
17.7008
17.706
17.7118
17.7207
17.729
17.7353
17.7423
17.7562
17.7693
17.7833
17.7916
17.8026
17.809
17.8184
17.8289
17.8391
17.8525
17.8661
17.8757
17.883
17.8941
17.9042
17.9077
17.9224
17.9305
17.9426
17.9507
17.9682
17.9781
17.9982
17.9996
18.0115
18.0148
18.0308
18.0351
18.0451
18.06
18.0784
18.0842
18.0948
18.1209
18.1265
18.1328
18.1531
18.1583
18.1665
18.1779
18.1918
18.1937
18.2186
18.2383
18.2471
18.2606
18.2655
18.2806
18.2838
18.2966
18.3115
18.3191
18.326
18.3415
18.3515
18.3528
18.3672
18.3764
18.3875
18.4042
18.4082
18.4226
18.4271
18.4329
18.4443
18.4619
18.4686
18.4815
18.4924
18.4967
18.5027
18.5139
18.523
18.5309
18.5428
18.561
18.5647
18.5693
18.5869
18.599
18.6117
18.6235
18.6281
18.6647
18.679
18.6848
18.7107
18.7114
18.7209
18.7263
18.7415
18.768
18.7758
18.7805
18.7909
18.8138
18.8237
18.8332
18.8405
18.8597
18.8721
18.8926
18.9071
18.9343
18.9358
18.9886
19.0168
19.0211
19.0461
19.0701
19.0924
19.0961
19.1173
19.1355
19.1447
19.1581
19.1622
19.1843
19.1998
19.2159
19.2366
19.2434
19.2612
19.2671
19.2801
19.2928
19.3033
19.3255
19.3416
19.348
19.3701
19.3887
19.4001
19.4038
19.4203
19.4273
19.4407
19.448
19.4632
19.4684
19.478
19.491
19.4975
19.5023
19.5359
19.5494
19.5633
19.5663
19.5774
19.5948
19.619
19.6533
19.6636
19.6768
19.6781
19.6874
19.7014
19.7086
19.7324
19.7367
19.746
19.7545
19.7711
19.7829
19.7972
19.7993
19.8068
19.8173
19.8509
19.8729
19.8794
19.9107
19.9242
19.9345
19.9534
19.9696
19.9894
19.9922
19.9987
20.0182
20.0308
20.0498
20.0597
20.078
20.0975
20.1119
20.1211
20.1479
20.1549
20.1565
20.1735
20.2084
20.2152
20.2227
20.2501
20.2502
20.2703
20.284
20.286
20.3095
20.3261
20.3505
20.3627
20.3933
20.4112
20.4203
20.4561
20.4802
20.4947
20.5135
20.5157
20.5397
20.5592
20.5794
20.6099
20.626
20.6376
20.648
20.6698
20.6969
20.7005
20.7117
20.7201
20.7549
20.7698
20.7753
20.7784
20.7837
20.812
20.8206
20.8529
20.8638
20.8711
20.8853
20.9077
20.9219
20.9409
20.9649
20.9824
20.9994
21.0541
21.0883
21.0913
21.112
21.1194
21.1448
21.1762
21.1882
21.2178
21.2267
21.2481
21.2698
21.2913
21.3368
21.3516
21.3948
21.4011
21.4108
21.4263
21.464
21.489
21.5201
21.5544
21.5698
21.6063
21.6209
21.6406
21.646
21.6654
21.6846
21.6945
21.7531
21.7598
21.7865
21.8145
21.8236
21.8462
21.8555
21.8664
21.8801
21.9025
21.9079
21.9411
21.952
21.9801
21.9972
22.0247
22.0266
22.043
22.0897
22.0997
22.104
22.1267
22.141
22.1587
22.1794
22.1953
22.2076
22.2371
22.2454
22.2778
22.2849
22.2938
22.3071
22.3227
22.3251
22.3492
22.3586
22.3764
22.3829
22.3928
22.4385
22.4981
22.5007
22.5186
22.5297
22.5398
22.5563
22.5564
22.5854
22.6212
22.6334
22.6549
22.6781
22.6936
22.7005
22.7112
22.7286
22.7519
22.7612
22.8187
22.8402
22.851
22.8811
22.897
22.9207
22.9555
22.9624
22.9957
23.0086
23.022
23.0605
23.0658
23.084
23.0925
23.0958
23.1101
23.152
23.1929
23.2018
23.2252
23.2418
23.258
23.2662
23.3407
23.3423
23.3454
23.3567
23.375
23.3914
23.4506
23.4839
23.5269
23.5402
23.5825
23.6041
23.6276
23.6377
23.6826
23.7328
23.7619
23.7788
23.7876
23.8227
23.8379
23.8391
23.8623
23.8768
23.9012
23.9181
23.9262
23.9434
23.9597
23.976
23.9951
24.0164
24.063
24.0644
24.0847
24.1014
24.113
24.1151
24.123
24.179
24.1846
24.2036
24.2167
24.2257
24.2483
24.2838
24.3035
24.325
24.369
24.3808
24.4172
24.4509
24.4541
24.4946
24.5097
24.5438
24.5913
24.6952
24.7168
24.7525
24.8014
24.8089
24.9238
24.9922
25.0377
25.0642
25.1091
25.114
25.1454
25.1959
25.211
25.227
25.2368
25.2782
25.3179
25.354
25.3655
25.4002
25.4263
25.4557
25.4904
25.4965
25.5194
25.555
25.594
25.6082
25.6543
25.6905
25.7158
25.7436
25.7507
25.7726
25.7882
25.8375
25.85
25.9202
25.9344
25.9388
25.9509
25.9819
25.9948
26.0432
26.0795
26.1504
26.1548
26.2209
26.2235
26.2534
26.2947
26.3379
26.3575
26.3671
26.4845
26.528
26.5537
26.5602
26.6213
26.6429
26.6478
26.6675
26.6837
26.6967
26.7419
26.795
26.8084
26.818
26.8373
26.8839
26.9603
26.9841
26.9984
27.005
27.0533
27.1015
27.1199
27.1327
27.1589
27.1922
27.3057
27.3404
27.4176
27.4423
27.5073
27.5634
27.5821
27.6024
27.6199
27.6938
27.7546
27.7702
27.7921
27.8154
27.8683
27.8972
27.9544
27.9717
28.0161
28.0393
28.1799
28.207
28.3109
28.3253
28.3458
28.3656
28.4157
28.4794
28.487
28.5075
28.5116
28.5726
28.5822
28.6156
28.6539
28.7164
28.7336
28.7571
28.775
28.8436
28.8677
28.8985
29.0002
29.0141
29.1017
29.1146
29.1372
29.1957
29.2635
29.2857
29.3412
29.3894
29.4167
29.5486
29.5692
29.5785
29.6109
29.6246
29.6689
29.6841
29.6925
29.8114
29.9475
29.9543
29.9693
29.9794
30.087
30.1266
30.1956
30.2215
30.248
30.3335
30.3454
30.3993
30.4984
30.5029
30.5423
30.5807
30.7186
30.7213
30.8098
30.9428
31.0576
31.0748
31.1297
31.199
31.2028
31.257
31.2876
31.2975
31.319
31.3485
31.4911
31.5417
31.5681
31.925
31.9365
32.0401
32.1831
32.2541
32.2631
32.3985
32.4288
32.5425
32.6136
32.786
32.848
32.9855
33.0758
33.1229
33.1304
33.1841
33.2261
33.2791
33.3154
33.4197
33.4875
33.5256
33.8156
33.8911
34.0949
34.1111
34.163
34.1704
34.3254
34.3621
34.513
34.5914
34.7368
34.8114
34.8814
34.9061
35.2866
35.3463
35.452
36.0238
36.0923
36.2693
36.3303
36.829
36.9593
37.1146
37.4785
38.1375
38.2302
38.2771
38.3142
38.4018
38.4184
39.292
39.3639
39.7272
39.801
41.1358
41.1886
43.4619
43.5643
45.2441
45.3134
51.059
