-24.6202
-24.4071
-24.1367
-22.5369
-22.4047
-20.669
-20.587
-19.148
-19.0496
-18.9749
-18.8801
-17.9342
-17.6796
-17.3668
-17.2839
-17.2611
-17.2475
-17.0845
-16.0386
-15.611
-15.5546
-15.4467
-15.1643
-15.1384
-15.0957
-14.9953
-14.7991
-14.6982
-14.4231
-14.1582
-14.006
-13.992
-13.9456
-13.8093
-13.775
-13.767
-13.7461
-13.6916
-13.6029
-13.5048
-13.4293
-13.3904
-13.3712
-13.3231
-12.5869
-12.5664
-12.4273
-12.0689
-12.0471
-12.0186
-11.9536
-11.9057
-11.8804
-11.4071
-11.3279
-11.1968
-11.0857
-11.0721
-11.0195
-10.9889
-10.8531
-10.8301
-10.772
-10.6828
-10.4789
-10.4419
-10.3765
-10.3088
-10.2891
-10.1806
-10.1615
-9.85484
-9.78888
-9.68299
-9.65647
-9.61185
-9.56304
-9.47401
-9.39972
-9.3842
-9.32861
-9.26227
-9.24196
-8.99065
-8.9217
-8.60485
-8.56352
-8.50632
-8.42893
-8.3725
-8.32733
-8.2742
-8.26547
-8.22252
-8.21016
-8.17544
-8.13951
-8.10642
-8.10272
-8.01998
-7.83424
-7.8072
-7.7763
-7.74852
-7.67032
-7.65647
-7.56605
-7.45111
-7.29549
-7.24758
-7.09358
-7.08095
-7.03933
-6.95893
-6.94777
-6.93521
-6.89625
-6.86148
-6.85458
-6.83532
-6.80429
-6.79471
-6.75716
-6.74978
-6.63974
-6.62447
-6.60339
-6.50329
-6.40178
-6.35722
-6.3271
-6.22656
-6.17911
-6.17485
-6.13612
-6.04766
-6.02945
-5.91495
-5.86951
-5.7866
-5.76137
-5.69345
-5.65005
-5.60486
-5.54787
-5.48718
-5.45402
-5.4185
-5.39988
-5.36831
-5.34502
-5.32783
-5.26644
-5.24034
-5.20758
-5.15009
-5.12446
-5.04246
-4.98372
-4.96979
-4.92812
-4.91329
-4.88842
-4.79022
-4.68006
-4.5835
-4.55601
-4.52566
-4.49615
-4.46295
-4.44257
-4.42403
-4.39083
-4.35686
-4.34677
-4.29326
-4.25941
-4.23513
-4.1948
-4.15891
-4.13425
-4.10898
-4.10019
-4.06942
-4.04721
-3.99533
-3.90686
-3.87848
-3.85691
-3.78961
-3.69954
-3.6807
-3.62802
-3.57334
-3.5493
-3.52983
-3.47294
-3.41545
-3.32754
-3.26086
-3.23833
-3.19593
-3.18585
-3.15243
-3.09276
-3.03844
-3.01127
-2.96144
-2.81402
-2.7654
-2.76147
-2.71449
-2.69431
-2.63468
-2.5435
-2.49434
-2.4679
-2.4271
-2.3449
-2.3413
-2.29113
-2.18778
-2.16111
-2.14527
-2.13363
-2.10257
-2.06362
-1.91552
-1.89471
-1.83263
-1.80172
-1.73114
-1.67076
-1.62611
-1.52385
-1.4829
-1.46025
-1.43529
-1.4118
-1.36693
-1.32098
-1.25194
-1.20264
-1.18837
-1.16495
-1.11831
-1.11301
-1.0796
-1.00582
-0.963735
-0.94445
-0.856821
-0.830971
-0.754717
-0.663941
-0.618678
-0.594563
-0.558137
-0.539194
-0.505662
-0.481444
-0.442435
-0.415903
-0.377969
-0.349564
-0.340834
-0.330033
-0.270636
-0.256995
-0.217398
-0.188869
-0.178989
-0.145231
-0.123807
-0.0821039
-0.0539068
-0.0176427
0
0.00318557
0.0400003
0.0579157
0.0786091
0.0802309
0.140009
0.158252
0.178723
0.199248
0.217566
0.269398
0.304464
0.332507
0.384241
0.40421
0.459281
0.508549
0.556079
0.596367
0.683611
0.714345
0.798699
0.847301
0.867699
0.927039
1.04418
1.1097
1.17222
1.18738
1.2213
1.23588
1.27599
1.3495
1.38588
1.40476
1.44209
1.46336
1.49804
1.52381
1.53796
1.57409
1.63152
1.66269
1.7297
1.75618
1.87088
1.91882
1.96239
2.04614
2.06603
2.1453
2.17417
2.20772
2.22179
2.26127
2.28752
2.32064
2.34021
2.34542
2.37679
2.40543
2.4472
2.47239
2.49763
2.50804
2.52833
2.56011
2.59515
2.61853
2.67944
2.69106
2.74393
2.75185
2.7752
2.79046
2.9017
3.00691
3.01855
3.03416
3.04968
3.08134
3.10166
3.14479
3.15595
3.16573
3.17162
3.19013
3.20925
3.23721
3.28179
3.32109
3.3375
3.37848
3.41312
3.43117
3.45996
3.48235
3.49284
3.51477
3.53524
3.58648
3.62514
3.66724
3.71002
3.72061
3.74997
3.77762
3.79583
3.87648
3.8828
3.91446
3.94699
3.98262
4.01609
4.04087
4.05167
4.06065
4.09566
4.14383
4.16195
4.21736
4.27737
4.34661
4.39054
4.42517
4.523
4.5378
4.57438
4.65634
4.6902
4.73348
4.74142
4.80784
4.89619
4.92672
4.99608
5.01672
5.0481
5.08498
5.113
5.1697
5.19483
5.26582
5.28014
5.29787
5.32053
5.35196
5.37126
5.40958
5.46516
5.54173
5.56775
5.59824
5.62871
5.68508
5.7022
5.75647
5.78612
5.80347
5.81108
5.85192
5.86418
5.92125
5.97193
5.98808
6.00121
6.01376
6.06721
6.09594
6.11786
6.1338
6.15808
6.18507
6.22071
6.24477
6.28924
6.38642
6.42314
6.43281
6.46691
6.49076
6.53949
6.56072
6.56582
6.60536
6.60963
6.62104
6.65043
6.68859
6.69796
6.70495
6.74007
6.75342
6.77588
6.84957
6.87017
6.88251
6.90975
6.92526
6.94777
6.96458
6.99022
7.04564
7.08466
7.09582
7.10399
7.12938
7.16146
7.17879
7.20225
7.22615
7.25991
7.29462
7.33083
7.34923
7.40396
7.48758
7.56038
7.60438
7.64137
7.69322
7.73311
7.7776
7.80706
7.82914
7.86107
7.88412
7.99007
8.01618
8.08262
8.12509
8.1354
8.20025
8.26006
8.28765
8.32903
8.37936
8.40702
8.43158
8.52555
8.6134
8.64938
8.67024
8.7859
8.79674
8.84122
8.86871
8.88864
8.9659
9.03608
9.06434
9.11763
9.23875
9.30115
9.33388
9.37642
9.4063
9.42466
9.49149
9.50777
9.5789
9.64048
9.69859
9.73776
9.74518
9.77691
9.81261
9.84045
9.86863
9.92055
9.94419
9.97277
10.0381
10.094
10.1063
10.1298
10.1665
10.1916
10.2695
10.336
10.3955
10.4028
10.4349
10.4622
10.5139
10.5427
10.5631
10.5797
10.6056
10.6576
10.7135
10.7378
10.7591
10.7699
10.7906
10.8621
10.8661
10.9106
10.9339
11.0343
11.0626
11.198
11.2398
11.2842
11.3495
11.3887
11.5767
11.6669
11.7627
11.7916
11.9582
11.9947
12.0441
12.0837
12.1245
12.2307
12.2791
12.4006
12.4213
12.4903
12.5483
12.6992
12.7363
12.8088
12.8226
12.8765
12.9975
13.0521
13.1441
13.1658
13.2855
13.3015
13.433
13.4996
13.5025
13.5617
13.5809
13.7228
13.7421
13.8755
13.9585
14.0002
14.0255
14.1126
14.1501
14.1641
14.2889
14.3414
14.4096
14.4679
14.4923
14.5106
14.566
14.7238
14.7503
14.7571
14.8517
14.9377
15.1272
15.2926
15.4668
15.6208
15.7496
15.8326
15.851
15.8711
15.9578
16.0976
16.1562
16.2422
16.3479
16.4585
16.5946
16.6104
16.7037
16.8415
16.849
16.9198
16.9872
17.0507
17.1231
17.1527
17.2237
17.2741
17.334
17.4028
17.4118
17.7582
17.7901
18.0896
18.282
18.5667
18.5996
18.6453
18.7778
18.8941
19.1018
19.1794
19.2005
19.2358
19.2986
19.4641
19.4877
19.6141
19.6333
19.8471
19.9394
20.0179
20.2178
20.2507
20.2968
20.4178
20.5874
20.6272
20.656
20.6659
20.7418
20.7738
20.8542
20.9585
21.3355
21.3949
21.6369
21.6917
21.9514
22.3997
22.4633
22.6938
22.8544
23.1343
23.3769
23.429
23.5406
23.6236
23.6724
23.6793
23.9301
23.9413
24.2741
24.4813
24.8341
24.9488
25.0268
25.1368
25.4612
25.7423
25.7986
26.591
27.0908
27.9107
27.9345
29.4131
29.5317
30.5138
30.5695
35.6281
