-29.8124
-29.7338
-29.4473
-28.939
-27.5131
-27.4954
-27.2706
-26.0163
-25.8955
-25.7469
-25.6313
-24.4782
-24.4519
-24.3331
-24.2454
-24.2208
-24.0803
-23.9262
-23.8208
-23.3741
-23.3038
-23.145
-22.9263
-22.3303
-22.1867
-21.9547
-21.4363
-21.0637
-21.0163
-20.8633
-20.8445
-20.7822
-20.6585
-20.6111
-20.5574
-20.4289
-20.3924
-20.3915
-20.291
-20.2705
-20.2671
-20.1982
-20.0288
-19.9749
-19.8548
-19.7901
-19.602
-19.5458
-19.4031
-19.328
-19.2606
-19.2439
-19.2202
-19.1075
-18.9403
-18.935
-18.9009
-18.8753
-18.8549
-18.8429
-18.818
-18.7904
-18.7542
-18.7459
-18.7008
-18.6706
-18.6049
-18.5613
-18.5299
-18.4435
-18.3943
-18.3455
-18.2551
-18.1511
-18.0767
-17.9887
-17.9836
-17.9429
-17.8634
-17.7729
-17.6426
-17.4555
-17.4125
-17.3895
-17.3626
-17.2806
-17.2121
-17.1852
-17.1373
-17.0897
-17.0635
-17.0224
-16.9657
-16.9573
-16.8966
-16.83
-16.7975
-16.7644
-16.7174
-16.7028
-16.6746
-16.6709
-16.6589
-16.6314
-16.6157
-16.4852
-16.4489
-16.3827
-16.3069
-16.2947
-16.2685
-16.2058
-16.1656
-16.1527
-16.099
-16.0364
-16.0177
-15.9997
-15.944
-15.7933
-15.7163
-15.6135
-15.5775
-15.5463
-15.459
-15.4395
-15.4292
-15.3239
-15.2944
-15.2676
-15.2267
-15.2195
-15.1975
-15.1595
-15.1374
-15.1193
-15.103
-15.0838
-15.0712
-15.0456
-15.0346
-15.0083
-14.9647
-14.9456
-14.9245
-14.8983
-14.8638
-14.8076
-14.7601
-14.7435
-14.7177
-14.6861
-14.6538
-14.6317
-14.5773
-14.555
-14.5318
-14.479
-14.4394
-14.4079
-14.3479
-14.3317
-14.2513
-14.1879
-14.1497
-14.0825
-14.0568
-14.0044
-13.9917
-13.9154
-13.8949
-13.8717
-13.8313
-13.7896
-13.7688
-13.7363
-13.7097
-13.6929
-13.6527
-13.6464
-13.6163
-13.6064
-13.5862
-13.5492
-13.5262
-13.5065
-13.4855
-13.4685
-13.4608
-13.3904
-13.3821
-13.3786
-13.3536
-13.3209
-13.3188
-13.26
-13.2359
-13.2233
-13.2066
-13.1841
-13.1751
-13.142
-13.1182
-13.0998
-13.0792
-13.0439
-13.0205
-12.974
-12.9367
-12.9114
-12.8797
-12.8645
-12.7023
-12.6883
-12.6432
-12.6362
-12.5978
-12.5611
-12.5404
-12.5351
-12.4893
-12.461
-12.4288
-12.3925
-12.3828
-12.3739
-12.349
-12.3408
-12.3204
-12.2947
-12.2336
-12.2141
-12.2073
-12.1814
-12.1587
-12.1478
-12.1355
-12.1135
-12.1002
-12.0829
-12.0619
-12.0403
-12.0208
-12.0047
-11.9998
-11.9532
-11.9446
-11.9131
-11.9009
-11.8973
-11.8902
-11.8259
-11.798
-11.7875
-11.7586
-11.7301
-11.7063
-11.6851
-11.6542
-11.6201
-11.6106
-11.604
-11.5844
-11.5517
-11.5184
-11.5041
-11.4652
-11.4547
-11.397
-11.3787
-11.3648
-11.3513
-11.3309
-11.3277
-11.267
-11.2482
-11.2458
-11.2074
-11.1886
-11.1794
-11.1634
-11.152
-11.1392
-11.1127
-11.0847
-11.0651
-11.0552
-11.0374
-11.0194
-10.9986
-10.9714
-10.9568
-10.9503
-10.9337
-10.9073
-10.8999
-10.8847
-10.8733
-10.8491
-10.807
-10.7854
-10.7823
-10.7671
-10.7524
-10.7427
-10.7286
-10.7161
-10.6889
-10.6792
-10.6453
-10.6245
-10.6097
-10.5995
-10.5759
-10.5488
-10.5316
-10.4838
-10.4746
-10.4468
-10.418
-10.4123
-10.406
-10.3926
-10.3707
-10.3475
-10.3401
-10.3211
-10.2917
-10.2878
-10.2692
-10.2652
-10.2533
-10.2319
-10.2123
-10.2011
-10.1694
-10.1416
-10.1229
-10.1157
-10.1017
-10.0778
-10.0566
-10.0425
-10.018
-9.98593
-9.93964
-9.93671
-9.90796
-9.89911
-9.88615
-9.85662
-9.82658
-9.82462
-9.81721
-9.80297
-9.77594
-9.77272
-9.76757
-9.75803
-9.73338
-9.72769
-9.69416
-9.68848
-9.67624
-9.65605
-9.62877
-9.62455
-9.62284
-9.60232
-9.58564
-9.56648
-9.56131
-9.55053
-9.53171
-9.52883
-9.51272
-9.49726
-9.47881
-9.46172
-9.45108
-9.43798
-9.39623
-9.37597
-9.35213
-9.33936
-9.30635
-9.2987
-9.28786
-9.27307
-9.25887
-9.21662
-9.20385
-9.19152
-9.15059
-9.13831
-9.12175
-9.08833
-9.05634
-9.02701
-8.97746
-8.95741
-8.9449
-8.92536
-8.91447
-8.89636
-8.86618
-8.85796
-8.83059
-8.82837
-8.78726
-8.77557
-8.7415
-8.7192
-8.70792
-8.66858
-8.6452
-8.61844
-8.59844
-8.57221
-8.56255
-8.5459
-8.51526
-8.51051
-8.48771
-8.47615
-8.47159
-8.45042
-8.42692
-8.41711
-8.37768
-8.36609
-8.33508
-8.31589
-8.31062
-8.2765
-8.27074
-8.26889
-8.2402
-8.22504
-8.21561
-8.19905
-8.17841
-8.1616
-8.15259
-8.14269
-8.12837
-8.12598
-8.09872
-8.08925
-8.08432
-8.06442
-8.04949
-8.03806
-8.02072
-8.00193
-7.97066
-7.95857
-7.947
-7.94322
-7.92453
-7.91357
-7.91016
-7.8969
-7.87419
-7.86835
-7.85659
-7.85109
-7.84256
-7.83295
-7.82095
-7.80965
-7.79945
-7.78278
-7.76742
-7.74538
-7.74121
-7.71504
-7.69802
-7.68795
-7.67814
-7.65996
-7.6391
-7.63326
-7.61798
-7.597
-7.58903
-7.5802
-7.56818
-7.53743
-7.52393
-7.50381
-7.48732
-7.48157
-7.4576
-7.44407
-7.41937
-7.40397
-7.38088
-7.37546
-7.3563
-7.35174
-7.31153
-7.30056
-7.27524
-7.26166
-7.25092
-7.22802
-7.21513
-7.191
-7.18308
-7.16579
-7.15429
-7.14231
-7.13647
-7.12325
-7.11831
-7.10849
-7.09386
-7.07154
-7.05602
-7.03688
-7.02708
-7.02049
-7.01108
-7.00921
-6.9828
-6.97395
-6.96937
-6.96311
-6.94781
-6.93619
-6.92149
-6.90874
-6.90314
-6.891
-6.871
-6.86485
-6.84525
-6.83633
-6.81565
-6.80821
-6.78749
-6.77199
-6.76674
-6.7618
-6.74655
-6.72369
-6.71481
-6.70164
-6.67836
-6.67452
-6.65197
-6.64641
-6.6402
-6.63541
-6.61638
-6.60699
-6.58876
-6.58119
-6.55627
-6.54764
-6.52688
-6.52476
-6.50813
-6.5029
-6.48743
-6.47939
-6.46025
-6.44778
-6.44453
-6.42668
-6.41535
-6.39568
-6.37233
-6.36601
-6.35015
-6.32945
-6.3207
-6.30861
-6.27955
-6.27068
-6.2517
-6.24752
-6.23471
-6.22168
-6.20426
-6.18434
-6.15482
-6.1395
-6.11758
-6.10729
-6.08848
-6.0733
-6.054
-6.03911
-6.02036
-6.01151
-6.00244
-5.97418
-5.96317
-5.9545
-5.95102
-5.93541
-5.91817
-5.89431
-5.88208
-5.87048
-5.8629
-5.82899
-5.80802
-5.80789
-5.79727
-5.78973
-5.78202
-5.75956
-5.73817
-5.71599
-5.71066
-5.69981
-5.66737
-5.66094
-5.64491
-5.63545
-5.62804
-5.61911
-5.60156
-5.58368
-5.56902
-5.54623
-5.54318
-5.52789
-5.52009
-5.51583
-5.4918
-5.47174
-5.46751
-5.45791
-5.43714
-5.42198
-5.41529
-5.39095
-5.37088
-5.36945
-5.35896
-5.34996
-5.3336
-5.3234
-5.31771
-5.29435
-5.29383
-5.28123
-5.27514
-5.26926
-5.24723
-5.2436
-5.23129
-5.22784
-5.21886
-5.20567
-5.20215
-5.17973
-5.17742
-5.16769
-5.16016
-5.14095
-5.12993
-5.11828
-5.09842
-5.08461
-5.06629
-5.06199
-5.05272
-5.04279
-5.02591
-5.02172
-4.99263
-4.97936
-4.96574
-4.94856
-4.94062
-4.93113
-4.91927
-4.91025
-4.89956
-4.87979
-4.86385
-4.85835
-4.83552
-4.82596
-4.8187
-4.8104
-4.78492
-4.77034
-4.76025
-4.74502
-4.72801
-4.71509
-4.70618
-4.70251
-4.68687
-4.67126
-4.66575
-4.64665
-4.63895
-4.63361
-4.61699
-4.60421
-4.58896
-4.57653
-4.57079
-4.54938
-4.54371
-4.53369
-4.5287
-4.52212
-4.51295
-4.49329
-4.48026
-4.47549
-4.45466
-4.45384
-4.44468
-4.42887
-4.42031
-4.41865
-4.40065
-4.39377
-4.38964
-4.38882
-4.3713
-4.36938
-4.3615
-4.34124
-4.33108
-4.32496
-4.30642
-4.30001
-4.2957
-4.2795
-4.26783
-4.26509
-4.25379
-4.24496
-4.23876
-4.22235
-4.21951
-4.21393
-4.20341
-4.19255
-4.18471
-4.17718
-4.1735
-4.1565
-4.14028
-4.1355
-4.12718
-4.11639
-4.11204
-4.10127
-4.08768
-4.08401
-4.06636
-4.05747
-4.0478
-4.02994
-4.02204
-4.01341
-4.00591
-3.99306
-3.9845
-3.96558
-3.94721
-3.94387
-3.93952
-3.93315
-3.90788
-3.89682
-3.87846
-3.87664
-3.86143
-3.85565
-3.84818
-3.82895
-3.81755
-3.80464
-3.79385
-3.77881
-3.75994
-3.75051
-3.74332
-3.73315
-3.71979
-3.71228
-3.69888
-3.69182
-3.68599
-3.66399
-3.65981
-3.65312
-3.63723
-3.63609
-3.63038
-3.62111
-3.6003
-3.59502
-3.58171
-3.56864
-3.55522
-3.55081
-3.54196
-3.53711
-3.51161
-3.50424
-3.4959
-3.4832
-3.46981
-3.46333
-3.45544
-3.43763
-3.42771
-3.42359
-3.41513
-3.40318
-3.40022
-3.38262
-3.37838
-3.36708
-3.35409
-3.33944
-3.33232
-3.32622
-3.31943
-3.31337
-3.29534
-3.29144
-3.28361
-3.26469
-3.25729
-3.24764
-3.23647
-3.22864
-3.20888
-3.19728
-3.18371
-3.17647
-3.16608
-3.15752
-3.15522
-3.14805
-3.14136
-3.13821
-3.12723
-3.11174
-3.10019
-3.09188
-3.07848
-3.06415
-3.04498
-3.03917
-3.03114
-3.01179
-3.00847
-3.0047
-2.99251
-2.97649
-2.96632
-2.9521
-2.94403
-2.92582
-2.91372
-2.90283
-2.88902
-2.87692
-2.8663
-2.85485
-2.84073
-2.82916
-2.81511
-2.80984
-2.80292
-2.801
-2.79212
-2.76933
-2.76368
-2.75485
-2.74728
-2.74329
-2.73304
-2.71163
-2.69136
-2.68291
-2.65951
-2.64657
-2.63502
-2.62581
-2.62152
-2.60502
-2.59954
-2.57983
-2.57571
-2.55704
-2.53916
-2.52175
-2.51187
-2.49697
-2.49199
-2.48204
-2.47541
-2.46518
-2.45702
-2.44913
-2.44141
-2.43311
-2.41575
-2.39961
-2.38861
-2.38176
-2.37364
-2.34737
-2.34417
-2.33411
-2.31477
-2.3014
-2.29269
-2.28237
-2.27675
-2.26293
-2.25496
-2.24484
-2.22515
-2.21822
-2.20867
-2.19956
-2.1789
-2.17241
-2.16555
-2.1531
-2.13642
-2.13177
-2.12562
-2.11258
-2.10348
-2.0928
-2.08089
-2.07398
-2.06681
-2.0484
-2.03941
-2.02936
-2.01935
-2.00732
-1.99497
-1.98702
-1.97657
-1.97566
-1.95969
-1.95076
-1.93406
-1.91887
-1.91407
-1.90576
-1.89125
-1.87798
-1.87244
-1.85607
-1.84792
-1.84451
-1.83352
-1.82377
-1.81719
-1.80293
-1.79128
-1.78187
-1.7753
-1.75757
-1.74464
-1.72941
-1.72529
-1.71273
-1.70885
-1.70056
-1.68413
-1.67753
-1.66836
-1.66393
-1.6539
-1.64067
-1.62456
-1.61714
-1.60106
-1.5986
-1.59113
-1.58
-1.57578
-1.56712
-1.56605
-1.54847
-1.53552
-1.52899
-1.51778
-1.51028
-1.50199
-1.48719
-1.47903
-1.47398
-1.46078
-1.4412
-1.43122
-1.42258
-1.41837
-1.41353
-1.40296
-1.39523
-1.37779
-1.36907
-1.36717
-1.35651
-1.34227
-1.32958
-1.32747
-1.31553
-1.31268
-1.30017
-1.28277
-1.28157
-1.27425
-1.25898
-1.25219
-1.24973
-1.2349
-1.22712
-1.21517
-1.20948
-1.20042
-1.18902
-1.18308
-1.1745
-1.16228
-1.1427
-1.13531
-1.13364
-1.13054
-1.12555
-1.11528
-1.09988
-1.09281
-1.0881
-1.08346
-1.07668
-1.07365
-1.06215
-1.05004
-1.03984
-1.02477
-1.02337
-1.01607
-1.00566
-0.994482
-0.984803
-0.971182
-0.947341
-0.941408
-0.938026
-0.931669
-0.923148
-0.909869
-0.900495
-0.89264
-0.888973
-0.874176
-0.865278
-0.859878
-0.849507
-0.842426
-0.836325
-0.818625
-0.809153
-0.805457
-0.80405
-0.787705
-0.785973
-0.768804
-0.760758
-0.745174
-0.740823
-0.734969
-0.717829
-0.704555
-0.695502
-0.681784
-0.677325
-0.66902
-0.662174
-0.657394
-0.645003
-0.638086
-0.629645
-0.619396
-0.604335
-0.598224
-0.592831
-0.576155
-0.555239
-0.544605
-0.529315
-0.517286
-0.511744
-0.496581
-0.487168
-0.480909
-0.460802
-0.459008
-0.448547
-0.425661
-0.420645
-0.41155
-0.399159
-0.385818
-0.373499
-0.370897
-0.359848
-0.347259
-0.333547
-0.331666
-0.320437
-0.313876
-0.305567
-0.304631
-0.279814
-0.275508
-0.267267
-0.255192
-0.246528
-0.239164
-0.23233
-0.224499
-0.203013
-0.191916
-0.18544
-0.180054
-0.177464
-0.156906
-0.148358
-0.132193
-0.124399
-0.11067
-0.103627
-0.0923418
-0.0835828
-0.074904
-0.0672039
-0.0640453
-0.0493143
-0.0456736
-0.0381174
-0.033104
-0.0259813
-0.0153614
0
0.00416152
0.0122091
0.0247484
0.025004
0.0312466
0.0427544
0.0458272
0.0548922
0.06835
0.0698627
0.0825471
0.0882698
0.0967057
0.110964
0.115535
0.123878
0.125906
0.139668
0.145185
0.159507
0.169553
0.171244
0.183825
0.185913
0.199281
0.204567
0.222735
0.228537
0.238335
0.248382
0.250134
0.267985
0.277807
0.293206
0.303808
0.318244
0.334495
0.335923
0.348382
0.363223
0.379385
0.385617
0.393124
0.401873
0.413394
0.421919
0.427054
0.440642
0.445747
0.459554
0.472157
0.477671
0.483488
0.492244
0.504303
0.522296
0.535669
0.538089
0.551286
0.575098
0.580035
0.590272
0.602269
0.604833
0.611416
0.630003
0.636061
0.659487
0.669997
0.688117
0.699774
0.704033
0.718543
0.729238
0.735663
0.769249
0.778701
0.785564
0.79823
0.80767
0.822925
0.830263
0.841295
0.847956
0.858962
0.873642
0.877935
0.899059
0.905709
0.913622
0.922006
0.933352
0.939643
0.952656
0.973029
0.980313
0.994911
1.01061
1.02795
1.041
1.05724
1.06427
1.07395
1.08061
1.08906
1.1038
1.11195
1.13036
1.14568
1.15274
1.16691
1.17822
1.18708
1.19532
1.19945
1.22336
1.2351
1.24514
1.24959
1.25661
1.2635
1.29203
1.29423
1.3066
1.31107
1.32412
1.33041
1.34933
1.35084
1.36627
1.38374
1.39262
1.39971
1.40637
1.41671
1.43229
1.44612
1.45066
1.45576
1.46181
1.49068
1.49274
1.49932
1.50354
1.51997
1.52132
1.5296
1.54441
1.55819
1.56246
1.57104
1.5731
1.58685
1.59135
1.60237
1.60675
1.63028
1.63505
1.64009
1.65742
1.66758
1.67191
1.68965
1.70371
1.71126
1.71819
1.72381
1.72947
1.74297
1.757
1.76043
1.76454
1.77948
1.78236
1.79299
1.80455
1.80487
1.81172
1.82941
1.83309
1.84795
1.86285
1.87227
1.87812
1.88757
1.89089
1.89831
1.89931
1.91955
1.92604
1.93602
1.9471
1.96145
1.96399
1.97053
1.98252
1.98979
2.00377
2.01303
2.02059
2.02369
2.0299
2.04347
2.05626
2.05877
2.07205
2.07507
2.0789
2.09407
2.09955
2.10766
2.11199
2.1219
2.13477
2.14183
2.14344
2.16199
2.16968
2.1766
2.19145
2.20077
2.20934
2.21907
2.23162
2.24382
2.25295
2.25748
2.26605
2.27746
2.29566
2.29815
2.3048
2.30977
2.31699
2.32058
2.33913
2.34884
2.36346
2.36995
2.38199
2.39694
2.40386
2.41132
2.42327
2.42831
2.43506
2.4381
2.45692
2.4598
2.46597
2.48202
2.4957
2.50106
2.50837
2.51982
2.53644
2.54397
2.54931
2.56057
2.56758
2.58247
2.58821
2.60166
2.60554
2.61614
2.63523
2.6402
2.64766
2.65547
2.6701
2.67141
2.68241
2.69848
2.70485
2.707
2.72361
2.73684
2.74226
2.7452
2.76026
2.77014
2.7767
2.7876
2.79591
2.80772
2.82084
2.83657
2.84605
2.85018
2.85918
2.87225
2.88142
2.89154
2.9
2.90584
2.90966
2.91989
2.93326
2.94903
2.9553
2.96974
2.99256
2.99882
3.00897
3.01161
3.03206
3.04055
3.04444
3.04891
3.05283
3.06148
3.07274
3.07732
3.08269
3.10449
3.10573
3.12616
3.1356
3.14102
3.14684
3.16064
3.16637
3.18352
3.19752
3.20502
3.21746
3.22406
3.2301
3.23655
3.24711
3.25001
3.25898
3.26589
3.28416
3.29596
3.30007
3.31234
3.31954
3.32305
3.32803
3.33444
3.3451
3.35334
3.364
3.38104
3.38858
3.39778
3.40076
3.41129
3.42396
3.42804
3.44056
3.44566
3.4584
3.46293
3.47981
3.48657
3.49385
3.49594
3.50707
3.50811
3.52569
3.53405
3.53587
3.54104
3.55699
3.56333
3.57471
3.57943
3.58513
3.59402
3.60295
3.61564
3.62973
3.63156
3.64817
3.65401
3.67079
3.67356
3.68739
3.69986
3.72349
3.72633
3.73396
3.73645
3.75114
3.76298
3.77561
3.77965
3.79633
3.79856
3.81096
3.82174
3.84198
3.8479
3.85807
3.85985
3.86665
3.8834
3.88843
3.90943
3.91295
3.93367
3.94175
3.94666
3.94945
3.96843
3.97549
3.98169
3.98881
4.00161
4.01056
4.01677
4.0291
4.03741
4.04136
4.05531
4.06372
4.0724
4.07971
4.1021
4.10546
4.11865
4.13055
4.14101
4.14957
4.15575
4.16643
4.16876
4.18923
4.19423
4.20421
4.20976
4.22333
4.23547
4.24803
4.2627
4.26791
4.27412
4.28554
4.298
4.31145
4.33789
4.34472
4.34637
4.35344
4.36809
4.37872
4.39692
4.40055
4.41529
4.42125
4.4402
4.45457
4.46393
4.46636
4.49018
4.49156
4.50643
4.51792
4.52831
4.53652
4.55095
4.56154
4.56368
4.57838
4.5935
4.59602
4.60603
4.63068
4.63925
4.64249
4.64896
4.65637
4.66857
4.68232
4.69231
4.71571
4.72231
4.72966
4.73898
4.75035
4.76596
4.7817
4.80225
4.80982
4.81932
4.82868
4.8386
4.85527
4.85947
4.87804
4.88371
4.89783
4.90355
4.92126
4.93093
4.94525
4.94915
4.95719
4.96199
4.98364
4.99324
4.99921
5.01067
5.03487
5.03921
5.04476
5.05228
5.0728
5.07945
5.09181
5.10365
5.11429
5.12055
5.14162
5.15317
5.15476
5.1656
5.18579
5.19457
5.2024
5.20527
5.215
5.22923
5.2489
5.26027
5.26788
5.27599
5.27985
5.29149
5.30188
5.31573
5.32394
5.33408
5.34772
5.35339
5.37638
5.38171
5.39324
5.39978
5.40622
5.41795
5.42408
5.43467
5.44918
5.45889
5.4646
5.47604
5.48555
5.4908
5.50502
5.51532
5.52491
5.52742
5.54555
5.5561
5.55999
5.57448
5.57874
5.5815
5.60127
5.60874
5.61244
5.61967
5.62922
5.64807
5.64903
5.65982
5.67346
5.68343
5.69773
5.70153
5.71201
5.72319
5.72447
5.72967
5.74815
5.75518
5.76204
5.77735
5.7819
5.78544
5.80411
5.81812
5.82134
5.83014
5.84314
5.84985
5.86319
5.86669
5.87865
5.895
5.90058
5.90791
5.91412
5.92851
5.93181
5.93593
5.95599
5.96183
5.97334
5.9805
5.9976
6.00204
6.02078
6.03878
6.03957
6.05642
6.0655
6.07474
6.08536
6.08662
6.0954
6.10573
6.11743
6.12778
6.13037
6.14322
6.15556
6.1604
6.17586
6.18191
6.18895
6.19302
6.21218
6.21466
6.22204
6.24451
6.25412
6.25836
6.26844
6.27069
6.29051
6.29619
6.30098
6.32614
6.33604
6.34691
6.34895
6.3603
6.3638
6.37754
6.38668
6.39529
6.40526
6.41085
6.41929
6.43012
6.43302
6.4519
6.47093
6.47258
6.47602
6.48353
6.48418
6.50725
6.51066
6.52186
6.53004
6.53482
6.54406
6.54772
6.55912
6.56485
6.56686
6.57873
6.59078
6.60245
6.62018
6.62688
6.6385
6.64829
6.66137
6.66725
6.682
6.6845
6.71514
6.71948
6.72487
6.73221
6.73657
6.75359
6.76273
6.76891
6.77834
6.78524
6.79378
6.79709
6.81047
6.82913
6.8378
6.84347
6.84665
6.8601
6.86391
6.87619
6.88543
6.90539
6.90646
6.9155
6.91883
6.92744
6.9444
6.94693
6.97037
6.97929
6.99365
6.99932
7.01839
7.02136
7.03217
7.04102
7.04437
7.06209
7.07666
7.08526
7.10093
7.1172
7.12294
7.13001
7.13542
7.14044
7.15405
7.16181
7.17086
7.18152
7.1904
7.19744
7.20777
7.22503
7.22979
7.24052
7.24404
7.25883
7.26009
7.2726
7.285
7.29322
7.30184
7.30728
7.32226
7.33196
7.34999
7.35286
7.36421
7.37904
7.38927
7.39827
7.40096
7.42298
7.43231
7.44009
7.44319
7.46642
7.47271
7.5006
7.50658
7.51527
7.52912
7.53243
7.54275
7.55993
7.56805
7.57497
7.59832
7.60306
7.61352
7.6254
7.64445
7.64797
7.66011
7.67294
7.67379
7.6885
7.69777
7.70487
7.72189
7.72872
7.74765
7.76701
7.7742
7.79746
7.79983
7.80647
7.82248
7.83275
7.84284
7.86521
7.876
7.88973
7.90463
7.91162
7.92454
7.93928
7.94041
7.9586
7.96466
7.9724
7.98259
8.00033
8.00888
8.01948
8.02764
8.05827
8.06712
8.0689
8.08225
8.08647
8.10179
8.11116
8.12403
8.1391
8.15744
8.164
8.1769
8.18035
8.19401
8.20456
8.21438
8.23345
8.24108
8.2691
8.27716
8.29781
8.30464
8.32241
8.34616
8.3538
8.35995
8.37063
8.38491
8.39244
8.40589
8.41079
8.42474
8.44262
8.46119
8.46591
8.46759
8.48818
8.49565
8.50414
8.51601
8.52887
8.53633
8.54286
8.56359
8.57037
8.57645
8.58562
8.59544
8.61223
8.6199
8.63622
8.64338
8.65176
8.66544
8.67186
8.68195
8.68687
8.6973
8.71867
8.71972
8.74222
8.74618
8.75679
8.77625
8.78236
8.78954
8.80164
8.81226
8.82697
8.83376
8.84344
8.84978
8.85976
8.89467
8.89713
8.89984
8.91178
8.9296
8.93398
8.94358
8.95466
8.96604
8.96955
8.98512
8.99853
8.99995
9.0065
9.0238
9.03551
9.03761
9.04959
9.07599
9.08055
9.09149
9.1059
9.113
9.12148
9.12668
9.14422
9.15463
9.16077
9.17629
9.18408
9.19443
9.20245
9.21631
9.22698
9.23095
9.24227
9.24862
9.26412
9.26655
9.27982
9.28054
9.294
9.30381
9.32263
9.32592
9.33475
9.35069
9.35425
9.36499
9.3711
9.38817
9.40634
9.41508
9.42294
9.43058
9.44156
9.44926
9.4693
9.47848
9.48475
9.49346
9.49707
9.5038
9.50922
9.52108
9.53026
9.53767
9.54953
9.55763
9.56607
9.57673
9.58336
9.59413
9.61019
9.62324
9.63336
9.63703
9.65076
9.65963
9.67236
9.67614
9.68379
9.69566
9.69826
9.71299
9.72086
9.72711
9.73782
9.7468
9.75104
9.75453
9.76379
9.77077
9.77975
9.78152
9.791
9.80635
9.8222
9.83432
9.84387
9.85981
9.86124
9.87335
9.88555
9.89402
9.90278
9.92914
9.93693
9.94162
9.95247
9.96267
9.96549
9.97409
9.98713
10.0028
10.0111
10.0247
10.027
10.0428
10.0544
10.0764
10.0858
10.0933
10.1057
10.1106
10.1158
10.1273
10.1336
10.1523
10.1562
10.17
10.1725
10.1855
10.2081
10.2126
10.2249
10.2292
10.2373
10.2491
10.2571
10.2702
10.276
10.285
10.3027
10.3087
10.3128
10.327
10.3348
10.3465
10.3474
10.3715
10.3836
10.3882
10.3969
10.4062
10.4138
10.4341
10.4396
10.4559
10.4632
10.4708
10.4973
10.504
10.5123
10.5146
10.5219
10.5339
10.5487
10.5619
10.5725
10.5769
10.5928
10.5955
10.6094
10.6283
10.6327
10.637
10.6477
10.6669
10.6774
10.6876
10.7028
10.706
10.714
10.7164
10.731
10.755
10.7648
10.7691
10.7774
10.7883
10.7937
10.8114
10.8241
10.8281
10.8468
10.8617
10.8674
10.8891
10.8985
10.9117
10.9211
10.9304
10.9366
10.9552
10.9804
11.0037
11.0138
11.0371
11.0451
11.0486
11.0746
11.0848
11.0897
11.1169
11.1378
11.1446
11.1707
11.1817
11.1973
11.209
11.2205
11.2258
11.2292
11.2397
11.2613
11.2677
11.2889
11.2995
11.3101
11.3309
11.3362
11.3445
11.3713
11.3891
11.3918
11.435
11.44
11.4486
11.471
11.4944
11.5089
11.5142
11.5298
11.5472
11.5537
11.6011
11.6147
11.6308
11.6396
11.6547
11.6679
11.6786
11.6978
11.7115
11.7289
11.7301
11.7366
11.7466
11.7624
11.7821
11.808
11.8157
11.8182
11.8344
11.8476
11.8701
11.8806
11.8944
11.9001
11.9225
11.9306
11.9416
11.9522
11.9661
11.9806
12.0051
12.0067
12.025
12.0483
12.0663
12.0706
12.0835
12.0979
12.1184
12.1232
12.1313
12.1417
12.1483
12.1685
12.1792
12.1971
12.1983
12.2374
12.254
12.2588
12.2669
12.2818
12.2836
12.2934
12.3228
12.3428
12.3535
12.3653
12.3833
12.3935
12.4109
12.4189
12.438
12.4456
12.4618
12.4698
12.4816
12.4857
12.5118
12.5213
12.5335
12.5581
12.5699
12.5714
12.5906
12.6099
12.6314
12.6369
12.6446
12.6584
12.6619
12.6889
12.7024
12.7368
12.7469
12.7657
12.7682
12.7791
12.7875
12.8003
12.8234
12.8429
12.8455
12.8563
12.871
12.8952
12.9071
12.9143
12.9236
12.9422
12.9456
12.9532
12.9689
12.9874
13.0004
13.0196
13.0486
13.0623
13.0735
13.0856
13.098
13.1027
13.1143
13.1313
13.1407
13.1437
13.1587
13.1811
13.2011
13.2276
13.2446
13.2594
13.2639
13.2776
13.2925
13.3015
13.3276
13.3422
13.3652
13.3671
13.3764
13.3784
13.4375
13.4571
13.4735
13.4742
13.4892
13.5207
13.5327
13.5492
13.5585
13.5741
13.5873
13.6093
13.6173
13.6222
13.6445
13.6645
13.6862
13.6949
13.7006
13.7224
13.7263
13.751
13.7567
13.7908
13.8023
13.8116
13.8199
13.8422
13.8626
13.8804
13.8873
13.9102
13.9193
13.9344
13.9412
13.9546
13.9763
13.9851
13.9929
14.0021
14.0138
14.0311
14.0424
14.0593
14.0696
14.0828
14.0897
14.1045
14.1212
14.1437
14.1479
14.1649
14.1682
14.198
14.215
14.2187
14.2459
14.2463
14.2641
14.2788
14.2894
14.3042
14.3213
14.3342
14.3459
14.3543
14.3665
14.3775
14.3925
14.4089
14.4335
14.4442
14.45
14.4649
14.4762
14.4938
14.5175
14.5287
14.5507
14.5588
14.5798
14.5887
14.6043
14.621
14.6364
14.6521
14.6656
14.6698
14.6859
14.7042
14.7197
14.7296
14.7508
14.7736
14.7829
14.8013
14.8072
14.8443
14.8583
14.8674
14.8896
14.8991
14.9034
14.932
14.9385
14.9676
14.9797
14.9941
15.0162
15.0351
15.0556
15.0783
15.1053
15.1287
15.1499
15.1543
15.1774
15.1901
15.2065
15.2315
15.2488
15.2635
15.2705
15.2909
15.3047
15.3207
15.3317
15.3461
15.3681
15.385
15.4076
15.4225
15.4334
15.4416
15.464
15.5003
15.5158
15.5539
15.5887
15.6083
15.6185
15.691
15.7126
15.7285
15.7437
15.7568
15.7635
15.7965
15.8147
15.8247
15.8401
15.8706
15.9091
15.9212
15.9567
15.9966
16.0196
16.0434
16.0566
16.0742
16.1012
16.1166
16.1381
16.155
16.1712
16.1781
16.211
16.225
16.2384
16.2557
16.2668
16.2842
16.314
16.3199
16.3422
16.3615
16.3814
16.4075
16.4163
16.4262
16.4323
16.4514
16.4893
16.515
16.5332
16.5643
16.5819
16.6245
16.6364
16.641
16.6621
16.6693
16.6906
16.6943
16.723
16.7652
16.7839
16.8295
16.8595
16.8851
16.9226
16.9544
16.9742
17.0037
17.0202
17.0246
17.0597
17.067
17.0878
17.0975
17.1363
17.1657
17.2084
17.2353
17.2643
17.2762
17.3005
17.3125
17.3326
17.3706
17.3785
17.3798
17.4117
17.423
17.4421
17.5145
17.5209
17.5468
17.5593
17.6018
17.616
17.6417
17.6429
17.6705
17.7501
17.8052
17.8112
17.8609
17.8717
17.9068
17.9378
17.9537
17.9615
18.0062
18.0357
18.0753
18.1139
18.1541
18.1607
18.1958
18.2263
18.2699
18.2835
18.2962
18.3368
18.3555
18.3814
18.4018
18.4211
18.4486
18.4668
18.5035
18.5349
18.5478
18.5758
18.5924
18.6142
18.6669
18.6877
18.7047
18.7084
18.7333
18.7746
18.7844
18.8097
18.8306
18.8629
18.8782
18.9046
18.9189
18.9427
18.9466
18.9743
19.0082
19.02
19.0783
19.0894
19.1053
19.1203
19.1448
19.1627
19.1869
19.2057
19.3178
19.345
19.3653
19.4037
19.4777
19.5286
19.5401
19.5671
19.587
19.5966
19.6191
19.6356
19.6724
19.6766
19.722
19.7719
19.7851
19.8201
19.8512
19.8903
19.9
19.9122
19.9491
20.0094
20.0497
20.0991
20.1091
20.1471
20.1806
20.204
20.2353
20.2875
20.3371
20.3418
20.3839
20.4298
20.4403
20.4468
20.475
20.4914
20.5063
20.5322
20.5494
20.5921
20.5961
20.6111
20.6474
20.6598
20.6731
20.6837
20.7289
20.7506
20.7715
20.804
20.877
20.9168
20.9271
20.9912
21.0705
21.1259
21.1971
21.2927
21.3256
21.4197
21.4287
21.4533
21.4788
21.5009
21.5548
21.5693
21.5835
21.6394
21.6764
21.7851
21.8464
21.9721
22.0062
22.04
22.0614
22.1128
22.1385
22.1991
22.259
22.3038
22.3409
22.3558
22.3871
22.3898
22.4465
22.515
22.5406
22.5694
22.5796
22.6494
22.6892
22.7527
22.796
22.8685
22.9061
22.9118
22.9383
22.9979
23.0025
23.0551
23.0679
23.1008
23.1633
23.1762
23.2111
23.281
23.3804
23.4322
23.4718
23.485
23.4907
23.5606
23.6012
23.6897
23.7312
23.7675
23.9006
23.921
23.9317
23.9679
24.0105
24.1559
24.162
24.3057
24.3472
24.38
24.406
24.4596
24.4753
24.5026
24.523
24.6486
24.6986
24.7543
24.7671
24.7982
24.8529
24.9419
24.9761
25.0834
25.0964
25.1449
25.2343
25.2838
25.4239
25.4563
25.481
25.6446
25.6765
25.7023
25.7085
25.7568
25.8483
25.8603
25.8955
25.964
25.9766
26.0229
26.0434
26.0606
26.1511
26.198
26.3778
26.3987
26.4884
26.6829
26.7419
26.8425
26.8688
26.904
26.9612
27.0882
27.1036
27.1086
27.258
27.2987
27.3145
27.3877
27.4817
27.5216
27.5417
27.5726
27.7154
27.8395
27.8552
27.8955
27.9248
27.9884
28.0999
28.3596
28.4962
28.5304
28.5884
28.6042
28.7611
29.1146
29.1615
29.2532
29.3469
29.4211
29.5555
29.6515
29.6984
29.777
29.807
29.8284
30.1179
30.2523
30.4649
30.4817
30.5192
30.7004
30.7887
30.8299
31.0243
31.1219
31.1781
31.2496
31.4367
31.4648
31.7233
31.8411
32.1158
32.3728
32.4494
32.7104
32.7797
33.1728
33.3222
34.2038
34.3807
34.5791
34.7011
34.805
34.9251
35.1882
35.8373
35.9775
36.3671
36.4563
37.6371
37.6956
40.064
40.181
42.0608
42.1428
48.1015
