-61.5537 16
-52.1491 400
-46.641 2560
-46.3368 400
-44.5407 1600
-42.7445 1600
-41.6345 1600
-40.2843 2560
-39.8384 1600
-38.0423 32
-36.9706 10240
-36.9322 10000
-35.1361 8000
-34.641 8192
-34.026 1600
-33.34 1600
-32.7846 64000
-32.2299 16000
-31.1199 1600
-30.641 5120
-30.4338 4000
-29.3238 16000
-28.9706 64000
-27.5276 41600
-26.4176 8000
-25.8564 51200
-25.7315 8000
-25.6569 51200
-24.6215 32000
-24.2843 5120
-24 204800
-23.9354 400
-23.5114 32
-22.8254 32800
-21.7153 41600
-21.0292 1600
-20.9706 102400
-20.7846 204800
-19.9192 81600
-18.9282 256000
-18.8091 4000
-18.1231 41600
-17.6569 281600
-17.013 81600
-16.7846 128000
-16.327 1600
-15.903 1600
-15.2169 72000
-14.641 512
-14.5309 16
-14.3431 51200
-14.1068 32800
-13.8564 163840
-13.4208 16000
-12.9706 128000
-12.3107 176000
-12 565760
-11.2007 8000
-10.5146 81600
-9.85641 102400
-9.65685 512000
-9.40456 72000
-8.71851 10000
-8.28427 512
-8 819200
-7.60845 167200
-6.9282 819200
-6.49839 41600
-6.34315 281600
-5.81234 32000
-5.0718 256000
-4.97056 51200
-4.70228 167200
-4.01623 1600
-3.59222 1600
-3.02944 10240
-2.9282 512000
-2.90617 176000
-1.79611 81600
-1.65685 563200
-1.11006 16000
-0.78461 12800
-0.686054 400
0 712208
0.686054 400
1.11006 16000
1.65685 512000
1.79611 81600
1.85641 51200
2.90617 176000
3.02944 12800
3.59222 1600
4 1131520
4.01623 1600
4.70228 167200
4.97056 64000
5.81234 32000
6.14359 10240
6.34315 256000
6.49839 41600
6.9282 819200
7.60845 167200
8 901120
8.71851 10000
8.78461 64000
9.40456 72000
9.65685 563200
10.5146 81600
10.9282 512000
11.2007 8000
12.3107 176000
12.9706 102400
13.0718 51200
13.4208 16000
13.8564 163840
14.1068 32800
14.3431 56320
14.5309 16
15.2169 72000
15.903 1600
16.2843 2560
16.327 1600
17.013 81600
17.6569 256000
17.8564 102400
18.1231 41600
18.8091 4000
19.9192 81600
20 113152
20.7846 204800
20.9706 128000
21.0292 1600
21.7153 41600
22.641 2560
22.8254 32800
23.5114 32
23.9354 400
24 163840
24.6215 32000
24.7846 128000
25.6569 56320
25.7315 8000
26.4176 8000
26.9282 51200
27.5276 41600
28.9706 51200
29.3238 16000
30.4338 4000
31.1199 1600
32.2299 16000
32.2843 5120
33.34 1600
33.8564 10240
34.026 1600
34.641 8192
35.1361 8000
36.9322 10000
36.9706 12800
38.0423 32
38.641 5120
39.8384 1600
40 8192
40.7846 12800
41.6345 1600
42.7445 1600
44.5407 1600
46.3368 400
48.2843 512
52.1491 400
54.641 512
61.5537 16
