-43.1669 1
-40.2269 1
-37.387 1
-34.744 1
-34.5955 2
-34.447 1
-32.3877 1
-32.0959 2
-31.804 1
-30.3986 1
-29.9232 2
-29.6813 2
-29.4478 1
-29.2059 2
-28.9641 1
-28.8443 1
-28.1514 2
-27.7777 1
-27.7261 2
-27.4586 1
-27.4342 2
-27.2351 1
-27.0332 2
-26.841 2
-26.7414 2
-26.6079 1
-26.316 2
-26.1982 2
-26.0364 2
-26.0241 1
-25.9043 1
-25.8712 2
-25.7228 2
-25.2615 2
-25.1498 2
-24.9345 2
-24.8377 1
-24.7861 2
-24.6187 1
-24.6165 2
-24.6054 2
-24.4569 2
-24.2951 1
-24.2918 2
-24.1433 2
-24.13 2
-23.9648 1
-23.951 2
-23.8282 2
-23.8164 2
-23.6798 2
-23.6679 1
-23.4273 2
-23.4067 2
-23.2582 2
-23.1465 2
-23.1354 2
-23.0644 1
-22.9313 2
-22.9214 2
-22.71 2
-22.6295 2
-22.52 2
-22.3716 2
-22.3582 2
-22.2286 2
-22.2098 2
-22.0446 2
-21.9978 1
-21.9867 2
-21.9757 1
-21.9573 2
-21.8272 2
-21.8249 2
-21.6787 1
-21.6765 2
-21.6654 2
-21.5113 2
-21.5003 2
-21.4553 1
-21.3518 2
-21.3419 2
-21.24 2
-21.2096 2
-21.1801 2
-21.0611 2
-21.05 2
-21.0248 1
-20.8882 2
-20.8086 2
-20.5167 2
-20.4873 2
-20.4568 2
-20.4213 1
-20.405 2
-20.2729 2
-20.2565 2
-20.2455 2
-20.1244 1
-20.0914 2
-20.0204 2
-19.9814 2
-19.8719 2
-19.7701 2
-19.7602 2
-19.7396 2
-19.7285 2
-19.6195 1
-19.58 2
-19.4683 2
-19.3547 1
-19.3386 2
-19.3276 2
-19.3032 2
-19.2269 2
-19.2063 2
-19.1547 2
-19.0674 2
-19.0578 1
-19.0467 2
-19.0357 1
-18.935 2
-18.9022 2
-18.8255 2
-18.8122 1
-18.7656 2
-18.7099 2
-18.6637 2
-18.6103 2
-18.5615 2
-18.5504 2
-18.5153 1
-18.4181 2
-18.4019 2
-18.3501 2
-18.2902 2
-18.2696 2
-18.185 1
-18.0651 1
-18.0484 2
-18.0171 2
-17.9054 2
-17.8686 2
-17.7753 2
-17.7732 2
-17.7569 2
-17.6474 2
-17.6268 2
-17.6135 2
-17.5669 2
-17.4814 1
-17.465 2
-17.4441 2
-17.3723 2
-17.3555 2
-17.2999 2
-17.2956 2
-17.1514 2
-17.1415 2
-17.1305 2
-17.0804 2
-16.9985 1
-16.9687 2
-16.9108 2
-16.8496 2
-16.8386 2
-16.8202 2
-16.7623 2
-16.7268 2
-16.7066 2
-16.6795 1
-16.6551 2
-16.5972 2
-16.5784 2
-16.5373 2
-16.456 1
-16.4487 2
-16.4376 2
-16.4354 2
-16.4148 1
-16.3632 2
-16.3259 2
-16.2869 2
-16.2454 2
-16.1958 1
-16.1935 2
-16.1774 2
-16.1641 2
-16.076 1
-16.0618 2
-16.0451 2
-16.034 2
-15.9741 2
-15.9622 2
-15.8855 2
-15.8722 1
-15.8256 2
-15.82 2
-15.7699 2
-15.7327 2
-15.7204 2
-15.6605 2
-15.6006 2
-15.5487 2
-15.5281 2
-15.4408 2
-15.4191 2
-15.4003 2
-15.3587 2
-15.2573 2
-15.2569 2
-15.245 1
-15.1272 4
-15.1251 1
-15.1084 2
-15.0154 2
-15.0094 1
-15.0044 2
-14.9654 2
-14.9578 2
-14.9555 2
-14.8833 2
-14.8559 4
-14.8353 2
-14.8254 2
-14.796 2
-14.7236 2
-14.7074 2
-14.677 2
-14.6659 2
-14.6636 2
-14.6415 1
-14.534 2
-14.5041 2
-14.4985 2
-14.4824 2
-14.4669 1
-14.3706 2
-14.35 4
-14.2921 2
-14.2627 2
-14.2405 2
-14.2015 2
-14.1905 2
-14.0787 4
-14.0727 2
-14.0585 1
-13.9914 2
-13.9708 2
-13.961 2
-13.9487 2
-13.8396 1
-13.8373 2
-13.8263 2
-13.8167 2
-13.8057 2
-13.7869 2
-13.7496 2
-13.6778 2
-13.6572 2
-13.6473 2
-13.5973 2
-13.5749 1
-13.5477 2
-13.5454 4
-13.5344 2
-13.516 1
-13.4855 2
-13.4551 1
-13.3859 2
-13.3761 2
-13.3554 4
-13.2742 2
-13.2681 2
-13.2558 1
-13.2536 2
-13.2437 2
-13.1719 2
-13.136 1
-13.103 2
-13.0842 2
-13.0491 2
-13.0323 1
-12.9545 2
-12.9301 2
-12.919 2
-12.9125 1
-12.9006 2
-12.88 2
-12.8428 2
-12.7927 2
-12.7705 2
-12.7622 2
-12.7572 2
-12.7106 2
-12.6382 2
-12.6275 2
-12.6087 2
-12.5509 4
-12.491 2
-12.4791 2
-12.4187 2
-12.3857 2
-12.3815 2
-12.3673 2
-12.3563 2
-12.3369 2
-12.3258 2
-12.2853 1
-12.2372 2
-12.2197 2
-12.1773 2
-12.1663 2
-12.1255 2
-12.0754 2
-12.0694 1
-12.0644 2
-12.0545 2
-12.045 2
-12.0339 2
-12.0178 2
-12.0155 2
-11.9934 2
-11.9061 4
-11.8854 2
-11.8756 2
-11.8504 2
-11.8482 2
-11.8459 1
-11.8336 2
-11.7943 2
-11.7737 2
-11.7409 2
-11.7138 2
-11.7015 1
-11.6642 2
-11.644 2
-11.5924 2
-11.5791 2
-11.5585 2
-11.5486 2
-11.5269 1
-11.5212 2
-11.5024 2
-11.449 2
-11.4306 2
-11.4002 2
-11.3728 4
-11.3617 2
-11.3521 2
-11.3373 2
-11.3005 2
-11.2187 1
-11.2076 2
-11.1966 1
-11.1888 2
-11.1828 2
-11.1309 2
-11.1015 2
-11.071 2
-11.06 2
-11.0481 2
-11.0458 2
-11.021 2
-10.9268 2
-10.9157 2
-10.9115 2
-10.9092 2
-10.8996 1
-10.8973 2
-10.8863 2
-10.8558 4
-10.8096 2
-10.804 2
-10.7574 2
-10.7441 2
-10.7073 2
-10.6761 1
-10.6555 2
-10.6445 2
-10.6349 1
-10.5956 4
-10.5845 4
-10.5151 1
-10.4655 2
-10.4361 2
-10.4304 2
-10.3842 2
-10.3782 2
-10.3427 2
-10.3037 2
-10.2961 1
-10.2939 2
-10.2828 2
-10.282 2
-10.2709 2
-10.2665 2
-10.1942 2
-10.163 2
-10.1531 2
-10.1386 2
-10.1343 2
-10.1091 2
-10.0924 1
-10.0512 2
-9.99008 2
-9.97903 2
-9.97252 1
-9.96917 2
-9.95283 2
-9.94177 2
-9.9395 2
-9.90277 2
-9.87229 2
-9.86729 2
-9.86123 2
-9.8207 2
-9.80737 2
-9.79103 2
-9.76055 2
-9.74949 2
-9.73761 2
-9.6777 2
-9.66094 2
-9.64222 1
-9.62588 2
-9.60102 4
-9.58997 2
-9.54534 2
-9.49374 2
-9.4774 2
-9.46635 2
-9.44573 2
-9.44149 2
-9.43587 4
-9.39687 2
-9.38581 2
-9.34527 1
-9.33399 2
-9.32975 2
-9.27634 2
-9.27407 2
-9.22952 1
-9.22452 2
-9.2162 2
-9.18551 2
-9.17566 2
-9.1646 4
-9.14398 2
-9.11454 2
-9.10469 2
-9.08407 2
-9.06772 2
-9.05667 2
-9.01613 2
-9.0028 2
-8.96045 2
-8.94939 2
-8.93559 2
-8.90819 2
-8.90593 1
-8.90257 2
-8.88377 2
-8.87271 2
-8.85433 2
-8.82385 2
-8.8128 2
-8.80092 2
-8.7541 2
-8.74304 2
-8.74077 2
-8.72424 2
-8.71862 2
-8.68918 2
-8.68699 1
-8.6313 2
-8.60864 2
-8.58124 2
-8.57562 1
-8.57139 2
-8.48283 2
-8.47177 2
-8.4413 2
-8.43903 2
-8.42715 2
-8.41186 2
-8.39729 2
-8.38743 2
-8.36003 2
-8.33941 2
-8.29282 2
-8.29056 2
-8.2795 4
-8.27868 1
-8.26762 2
-8.25656 1
-8.21156 2
-8.19094 2
-8.18109 2
-8.15588 2
-8.13103 2
-8.11997 2
-8.11435 2
-8.04641 2
-8.03809 2
-8.03308 1
-8.02579 2
-8.01929 2
-7.98649 2
-7.96587 8
-7.90596 2
-7.88461 2
-7.86399 2
-7.85413 4
-7.8174 2
-7.80408 2
-7.75452 2
-7.7462 2
-7.73614 1
-7.70566 2
-7.69461 8
-7.67519 1
-7.66413 2
-7.65307 1
-7.63892 2
-7.63673 2
-7.63469 2
-7.5046 2
-7.50233 2
-7.49045 2
-7.48826 2
-7.47493 2
-7.40272 2
-7.35613 1
-7.35386 2
-7.3428 2
-7.32646 2
-7.3231 2
-7.32084 2
-7.30978 2
-7.26924 2
-7.21313 2
-7.1887 2
-7.17765 2
-7.16131 8
-7.13265 1
-7.13083 2
-7.10139 4
-7.02918 2
-7.01283 2
-7.00178 2
-6.99951 2
-6.99615 2
-6.99192 2
-6.98965 2
-6.98236 2
-6.97735 2
-6.9713 2
-6.96903 2
-6.91744 2
-6.85956 4
-6.84768 2
-6.83436 2
-6.82056 2
-6.8095 2
-6.78777 2
-6.71109 2
-6.70222 1
-6.70003 2
-6.69776 2
-6.68588 2
-6.66497 2
-6.65541 2
-6.58829 2
-6.58647 1
-6.57641 2
-6.56809 2
-6.54594 2
-6.53488 2
-6.53261 2
-6.5165 2
-6.49588 4
-6.48602 2
-6.45862 2
-6.43982 2
-6.438 2
-6.38641 2
-6.38414 8
-6.37308 2
-6.29682 2
-6.28953 1
-6.28452 2
-6.2762 2
-6.27467 2
-6.25405 2
-6.23567 2
-6.22461 4
-6.19413 2
-6.16673 2
-6.16469 2
-6.13167 2
-6.11287 2
-6.11105 2
-6.08239 2
-6.07051 2
-6.06605 1
-6.05946 2
-6.05499 2
-6.04394 1
-5.9832 2
-5.96258 2
-5.95272 2
-5.94772 2
-5.94167 2
-5.93392 2
-5.92286 2
-5.89547 2
-5.85084 2
-5.83978 2
-5.79924 2
-5.79319 2
-5.79092 2
-5.77862 2
-5.76877 2
-5.74699 1
-5.74137 2
-5.69131 2
-5.68145 2
-5.66083 2
-5.64978 2
-5.63563 1
-5.63139 2
-5.58184 2
-5.57957 2
-5.56851 2
-5.53804 2
-5.52192 2
-5.5013 2
-5.49904 2
-5.46624 2
-5.44744 2
-5.42004 2
-5.41669 1
-5.41442 2
-5.41019 2
-5.38957 8
-5.29686 1
-5.2801 2
-5.27783 2
-5.26595 2
-5.25489 2
-5.24109 2
-5.22441 2
-5.19497 2
-5.17435 2
-5.1371 2
-5.12935 2
-5.1183 2
-5.10642 2
-5.0981 2
-5.09309 1
-5.07594 4
-5.06261 2
-5.0465 2
-5.03214 1
-5.01602 2
-5.00497 2
-4.98863 2
-4.9642 2
-4.95314 2
-4.91414 4
-4.90428 2
-4.88366 2
-4.87689 2
-4.85627 2
-4.84521 2
-4.80467 4
-4.74899 2
-4.74476 2
-4.73519 1
-4.72414 2
-4.71308 1
-4.69674 2
-4.66167 2
-4.6312 2
-4.6124 2
-4.585 2
-4.5796 2
-4.53158 2
-4.52508 2
-4.50293 2
-4.4896 1
-4.48273 2
-4.47772 2
-4.41985 2
-4.38311 2
-4.38084 2
-4.37326 2
-4.37099 2
-4.36979 2
-4.35993 4
-4.34113 2
-4.33931 2
-4.32925 2
-4.28771 2
-4.27137 2
-4.23026 1
-4.21146 8
-4.2004 2
-4.19266 1
-4.19084 2
-4.15963 2
-4.08866 2
-4.08137 2
-4.0791 2
-4.06804 2
-4.05616 2
-4.05193 2
-4.04966 2
-4.0463 2
-4.0275 2
-3.96963 2
-3.95857 2
-3.94442 2
-3.94019 2
-3.93837 2
-3.91957 4
-3.91394 2
-3.89783 2
-3.88678 2
-3.88451 2
-3.86235 1
-3.8101 2
-3.80783 2
-3.79677 2
-3.76547 2
-3.75442 2
-3.72498 2
-3.6945 2
-3.68772 1
-3.67816 2
-3.6671 2
-3.6483 2
-3.64648 1
-3.60594 2
-3.59489 2
-3.59262 2
-3.58276 2
-3.54603 2
-3.51863 2
-3.51301 2
-3.4942 2
-3.48315 4
-3.45267 2
-3.43633 2
-3.43429 2
-3.42527 2
-3.423 1
-3.40689 2
-3.39583 2
-3.37641 2
-3.37141 2
-3.33468 2
-3.32482 2
-3.3042 2
-3.29356 2
-3.29087 2
-3.2768 2
-3.27453 2
-3.22294 2
-3.22112 2
-3.19168 2
-3.18182 2
-3.16952 2
-3.1612 2
-3.1424 2
-3.12606 1
-3.115 2
-3.10395 1
-3.05173 2
-3.03293 2
-3.01273 2
-3.00772 2
-3.00167 2
-2.97725 2
-2.97047 2
-2.96091 2
-2.94985 4
-2.90099 2
-2.88993 8
-2.82878 2
-2.80138 2
-2.79575 1
-2.79152 2
-2.78046 2
-2.77819 2
-2.75984 2
-2.74146 2
-2.67858 2
-2.67592 1
-2.65916 2
-2.6481 2
-2.63199 2
-2.62972 2
-2.61867 2
-2.59805 2
-2.58819 2
-2.57631 4
-2.49963 4
-2.48899 2
-2.48858 2
-2.48631 2
-2.4767 1
-2.47443 2
-2.47019 2
-2.46457 2
-2.43972 2
-2.38403 2
-2.35686 1
-2.3401 2
-2.33783 2
-2.33448 2
-2.30504 2
-2.28442 2
-2.27456 2
-2.25822 2
-2.25322 1
-2.24716 2
-2.19711 2
-2.18725 2
-2.17268 4
-2.13338 1
-2.12609 2
-2.11503 2
-2.11276 2
-2.09214 1
-2.08537 2
-2.05489 2
-2.02421 2
-2.01315 2
-2.00329 2
-1.98309 2
-1.96633 2
-1.96429 2
-1.95528 2
-1.93689 2
-1.90642 2
-1.89536 2
-1.87321 1
-1.87094 2
-1.85906 2
-1.85482 2
-1.84354 2
-1.8415 2
-1.77174 4
-1.74126 2
-1.73021 2
-1.72246 2
-1.71183 2
-1.71141 2
-1.69506 2
-1.69121 2
-1.63961 2
-1.63515 2
-1.60236 2
-1.58174 4
-1.57947 2
-1.56293 2
-1.54961 1
-1.52991 2
-1.47985 2
-1.47 8
-1.44938 2
-1.44056 2
-1.43326 2
-1.43099 2
-1.41994 4
-1.41008 2
-1.39778 2
-1.36811 2
-1.33764 2
-1.32152 4
-1.31047 4
-1.29027 1
-1.26584 2
-1.25478 2
-1.21964 2
-1.20978 2
-1.19873 2
-1.18916 2
-1.17811 4
-1.14867 2
-1.11819 2
-1.10631 2
-1.09646 2
-1.06906 2
-1.06679 1
-1.05449 2
-1.04844 2
-1.02964 2
-1.01858 2
-0.994573 2
-0.973953 2
-0.936697 2
-0.934657 2
-0.922358 1
-0.917896 2
-0.90684 2
-0.885103 2
-0.806607 1
-0.804567 4
-0.788225 2
-0.777169 4
-0.774899 2
-0.752743 2
-0.74773 1
-0.723304 2
-0.717253 2
-0.692828 2
-0.686776 1
-0.681771 2
-0.665429 2
-0.644809 2
-0.642769 2
-0.605513 2
-0.593215 2
-0.584893 2
-0.573013 2
-0.533299 4
-0.516957 2
-0.512679 2
-0.5059 2
-0.496337 2
-0.48528 2
-0.483011 1
-0.475423 2
-0.436421 2
-0.431416 2
-0.403628 2
-0.400939 2
-0.384827 2
-0.351804 2
-0.331184 2
-0.313625 2
-0.291888 2
-0.280832 2
-0.271268 2
-0.264071 1
-0.241829 2
-0.211353 2
-0.161798 2
-0.159529 2
-0.148472 2
-0.14424 1
-0.132359 2
-0.13009 2
-0.111739 2
-0.0599157 2
-0.0304768 2
-0.0110566 2
-7.10543e-15 16
0.0110566 2
0.0304768 2
0.0599157 2
0.111739 2
0.13009 2
0.132359 2
0.14424 1
0.148472 2
0.159529 2
0.161798 2
0.211353 2
0.241829 2
0.264071 1
0.271268 2
0.280832 2
0.291888 2
0.313625 2
0.331184 2
0.351804 2
0.384827 2
0.400939 2
0.403628 2
0.431416 2
0.436421 2
0.475423 2
0.483011 1
0.48528 2
0.496337 2
0.5059 2
0.512679 2
0.516957 2
0.533299 4
0.573013 2
0.584893 2
0.593215 2
0.605513 2
0.642769 2
0.644809 2
0.665429 2
0.681771 2
0.686776 1
0.692828 2
0.717253 2
0.723304 2
0.74773 1
0.752743 2
0.774899 2
0.777169 4
0.788225 2
0.804567 4
0.806607 1
0.885103 2
0.90684 2
0.917896 2
0.922358 1
0.934657 2
0.936697 2
0.973953 2
0.994573 2
1.01858 2
1.02964 2
1.04844 2
1.05449 2
1.06679 1
1.06906 2
1.09646 2
1.10631 2
1.11819 2
1.14867 2
1.17811 4
1.18916 2
1.19873 2
1.20978 2
1.21964 2
1.25478 2
1.26584 2
1.29027 1
1.31047 4
1.32152 4
1.33764 2
1.36811 2
1.39778 2
1.41008 2
1.41994 4
1.43099 2
1.43326 2
1.44056 2
1.44938 2
1.47 8
1.47985 2
1.52991 2
1.54961 1
1.56293 2
1.57947 2
1.58174 4
1.60236 2
1.63515 2
1.63961 2
1.69121 2
1.69506 2
1.71141 2
1.71183 2
1.72246 2
1.73021 2
1.74126 2
1.77174 4
1.8415 2
1.84354 2
1.85482 2
1.85906 2
1.87094 2
1.87321 1
1.89536 2
1.90642 2
1.93689 2
1.95528 2
1.96429 2
1.96633 2
1.98309 2
2.00329 2
2.01315 2
2.02421 2
2.05489 2
2.08537 2
2.09214 1
2.11276 2
2.11503 2
2.12609 2
2.13338 1
2.17268 4
2.18725 2
2.19711 2
2.24716 2
2.25322 1
2.25822 2
2.27456 2
2.28442 2
2.30504 2
2.33448 2
2.33783 2
2.3401 2
2.35686 1
2.38403 2
2.43972 2
2.46457 2
2.47019 2
2.47443 2
2.4767 1
2.48631 2
2.48858 2
2.48899 2
2.49963 4
2.57631 4
2.58819 2
2.59805 2
2.61867 2
2.62972 2
2.63199 2
2.6481 2
2.65916 2
2.67592 1
2.67858 2
2.74146 2
2.75984 2
2.77819 2
2.78046 2
2.79152 2
2.79575 1
2.80138 2
2.82878 2
2.88993 8
2.90099 2
2.94985 4
2.96091 2
2.97047 2
2.97725 2
3.00167 2
3.00772 2
3.01273 2
3.03293 2
3.05173 2
3.10395 1
3.115 2
3.12606 1
3.1424 2
3.1612 2
3.16952 2
3.18182 2
3.19168 2
3.22112 2
3.22294 2
3.27453 2
3.2768 2
3.29087 2
3.29356 2
3.3042 2
3.32482 2
3.33468 2
3.37141 2
3.37641 2
3.39583 2
3.40689 2
3.423 1
3.42527 2
3.43429 2
3.43633 2
3.45267 2
3.48315 4
3.4942 2
3.51301 2
3.51863 2
3.54603 2
3.58276 2
3.59262 2
3.59489 2
3.60594 2
3.64648 1
3.6483 2
3.6671 2
3.67816 2
3.68772 1
3.6945 2
3.72498 2
3.75442 2
3.76547 2
3.79677 2
3.80783 2
3.8101 2
3.86235 1
3.88451 2
3.88678 2
3.89783 2
3.91394 2
3.91957 4
3.93837 2
3.94019 2
3.94442 2
3.95857 2
3.96963 2
4.0275 2
4.0463 2
4.04966 2
4.05193 2
4.05616 2
4.06804 2
4.0791 2
4.08137 2
4.08866 2
4.15963 2
4.19084 2
4.19266 1
4.2004 2
4.21146 8
4.23026 1
4.27137 2
4.28771 2
4.32925 2
4.33931 2
4.34113 2
4.35993 4
4.36979 2
4.37099 2
4.37326 2
4.38084 2
4.38311 2
4.41985 2
4.47772 2
4.48273 2
4.4896 1
4.50293 2
4.52508 2
4.53158 2
4.5796 2
4.585 2
4.6124 2
4.6312 2
4.66167 2
4.69674 2
4.71308 1
4.72414 2
4.73519 1
4.74476 2
4.74899 2
4.80467 4
4.84521 2
4.85627 2
4.87689 2
4.88366 2
4.90428 2
4.91414 4
4.95314 2
4.9642 2
4.98863 2
5.00497 2
5.01602 2
5.03214 1
5.0465 2
5.06261 2
5.07594 4
5.09309 1
5.0981 2
5.10642 2
5.1183 2
5.12935 2
5.1371 2
5.17435 2
5.19497 2
5.22441 2
5.24109 2
5.25489 2
5.26595 2
5.27783 2
5.2801 2
5.29686 1
5.38957 8
5.41019 2
5.41442 2
5.41669 1
5.42004 2
5.44744 2
5.46624 2
5.49904 2
5.5013 2
5.52192 2
5.53804 2
5.56851 2
5.57957 2
5.58184 2
5.63139 2
5.63563 1
5.64978 2
5.66083 2
5.68145 2
5.69131 2
5.74137 2
5.74699 1
5.76877 2
5.77862 2
5.79092 2
5.79319 2
5.79924 2
5.83978 2
5.85084 2
5.89547 2
5.92286 2
5.93392 2
5.94167 2
5.94772 2
5.95272 2
5.96258 2
5.9832 2
6.04394 1
6.05499 2
6.05946 2
6.06605 1
6.07051 2
6.08239 2
6.11105 2
6.11287 2
6.13167 2
6.16469 2
6.16673 2
6.19413 2
6.22461 4
6.23567 2
6.25405 2
6.27467 2
6.2762 2
6.28452 2
6.28953 1
6.29682 2
6.37308 2
6.38414 8
6.38641 2
6.438 2
6.43982 2
6.45862 2
6.48602 2
6.49588 4
6.5165 2
6.53261 2
6.53488 2
6.54594 2
6.56809 2
6.57641 2
6.58647 1
6.58829 2
6.65541 2
6.66497 2
6.68588 2
6.69776 2
6.70003 2
6.70222 1
6.71109 2
6.78777 2
6.8095 2
6.82056 2
6.83436 2
6.84768 2
6.85956 4
6.91744 2
6.96903 2
6.9713 2
6.97735 2
6.98236 2
6.98965 2
6.99192 2
6.99615 2
6.99951 2
7.00178 2
7.01283 2
7.02918 2
7.10139 4
7.13083 2
7.13265 1
7.16131 8
7.17765 2
7.1887 2
7.21313 2
7.26924 2
7.30978 2
7.32084 2
7.3231 2
7.32646 2
7.3428 2
7.35386 2
7.35613 1
7.40272 2
7.47493 2
7.48826 2
7.49045 2
7.50233 2
7.5046 2
7.63469 2
7.63673 2
7.63892 2
7.65307 1
7.66413 2
7.67519 1
7.69461 8
7.70566 2
7.73614 1
7.7462 2
7.75452 2
7.80408 2
7.8174 2
7.85413 4
7.86399 2
7.88461 2
7.90596 2
7.96587 8
7.98649 2
8.01929 2
8.02579 2
8.03308 1
8.03809 2
8.04641 2
8.11435 2
8.11997 2
8.13103 2
8.15588 2
8.18109 2
8.19094 2
8.21156 2
8.25656 1
8.26762 2
8.27868 1
8.2795 4
8.29056 2
8.29282 2
8.33941 2
8.36003 2
8.38743 2
8.39729 2
8.41186 2
8.42715 2
8.43903 2
8.4413 2
8.47177 2
8.48283 2
8.57139 2
8.57562 1
8.58124 2
8.60864 2
8.6313 2
8.68699 1
8.68918 2
8.71862 2
8.72424 2
8.74077 2
8.74304 2
8.7541 2
8.80092 2
8.8128 2
8.82385 2
8.85433 2
8.87271 2
8.88377 2
8.90257 2
8.90593 1
8.90819 2
8.93559 2
8.94939 2
8.96045 2
9.0028 2
9.01613 2
9.05667 2
9.06772 2
9.08407 2
9.10469 2
9.11454 2
9.14398 2
9.1646 4
9.17566 2
9.18551 2
9.2162 2
9.22452 2
9.22952 1
9.27407 2
9.27634 2
9.32975 2
9.33399 2
9.34527 1
9.38581 2
9.39687 2
9.43587 4
9.44149 2
9.44573 2
9.46635 2
9.4774 2
9.49374 2
9.54534 2
9.58997 2
9.60102 4
9.62588 2
9.64222 1
9.66094 2
9.6777 2
9.73761 2
9.74949 2
9.76055 2
9.79103 2
9.80737 2
9.8207 2
9.86123 2
9.86729 2
9.87229 2
9.90277 2
9.9395 2
9.94177 2
9.95283 2
9.96917 2
9.97252 1
9.97903 2
9.99008 2
10.0512 2
10.0924 1
10.1091 2
10.1343 2
10.1386 2
10.1531 2
10.163 2
10.1942 2
10.2665 2
10.2709 2
10.282 2
10.2828 2
10.2939 2
10.2961 1
10.3037 2
10.3427 2
10.3782 2
10.3842 2
10.4304 2
10.4361 2
10.4655 2
10.5151 1
10.5845 4
10.5956 4
10.6349 1
10.6445 2
10.6555 2
10.6761 1
10.7073 2
10.7441 2
10.7574 2
10.804 2
10.8096 2
10.8558 4
10.8863 2
10.8973 2
10.8996 1
10.9092 2
10.9115 2
10.9157 2
10.9268 2
11.021 2
11.0458 2
11.0481 2
11.06 2
11.071 2
11.1015 2
11.1309 2
11.1828 2
11.1888 2
11.1966 1
11.2076 2
11.2187 1
11.3005 2
11.3373 2
11.3521 2
11.3617 2
11.3728 4
11.4002 2
11.4306 2
11.449 2
11.5024 2
11.5212 2
11.5269 1
11.5486 2
11.5585 2
11.5791 2
11.5924 2
11.644 2
11.6642 2
11.7015 1
11.7138 2
11.7409 2
11.7737 2
11.7943 2
11.8336 2
11.8459 1
11.8482 2
11.8504 2
11.8756 2
11.8854 2
11.9061 4
11.9934 2
12.0155 2
12.0178 2
12.0339 2
12.045 2
12.0545 2
12.0644 2
12.0694 1
12.0754 2
12.1255 2
12.1663 2
12.1773 2
12.2197 2
12.2372 2
12.2853 1
12.3258 2
12.3369 2
12.3563 2
12.3673 2
12.3815 2
12.3857 2
12.4187 2
12.4791 2
12.491 2
12.5509 4
12.6087 2
12.6275 2
12.6382 2
12.7106 2
12.7572 2
12.7622 2
12.7705 2
12.7927 2
12.8428 2
12.88 2
12.9006 2
12.9125 1
12.919 2
12.9301 2
12.9545 2
13.0323 1
13.0491 2
13.0842 2
13.103 2
13.136 1
13.1719 2
13.2437 2
13.2536 2
13.2558 1
13.2681 2
13.2742 2
13.3554 4
13.3761 2
13.3859 2
13.4551 1
13.4855 2
13.516 1
13.5344 2
13.5454 4
13.5477 2
13.5749 1
13.5973 2
13.6473 2
13.6572 2
13.6778 2
13.7496 2
13.7869 2
13.8057 2
13.8167 2
13.8263 2
13.8373 2
13.8396 1
13.9487 2
13.961 2
13.9708 2
13.9914 2
14.0585 1
14.0727 2
14.0787 4
14.1905 2
14.2015 2
14.2405 2
14.2627 2
14.2921 2
14.35 4
14.3706 2
14.4669 1
14.4824 2
14.4985 2
14.5041 2
14.534 2
14.6415 1
14.6636 2
14.6659 2
14.677 2
14.7074 2
14.7236 2
14.796 2
14.8254 2
14.8353 2
14.8559 4
14.8833 2
14.9555 2
14.9578 2
14.9654 2
15.0044 2
15.0094 1
15.0154 2
15.1084 2
15.1251 1
15.1272 4
15.245 1
15.2569 2
15.2573 2
15.3587 2
15.4003 2
15.4191 2
15.4408 2
15.5281 2
15.5487 2
15.6006 2
15.6605 2
15.7204 2
15.7327 2
15.7699 2
15.82 2
15.8256 2
15.8722 1
15.8855 2
15.9622 2
15.9741 2
16.034 2
16.0451 2
16.0618 2
16.076 1
16.1641 2
16.1774 2
16.1935 2
16.1958 1
16.2454 2
16.2869 2
16.3259 2
16.3632 2
16.4148 1
16.4354 2
16.4376 2
16.4487 2
16.456 1
16.5373 2
16.5784 2
16.5972 2
16.6551 2
16.6795 1
16.7066 2
16.7268 2
16.7623 2
16.8202 2
16.8386 2
16.8496 2
16.9108 2
16.9687 2
16.9985 1
17.0804 2
17.1305 2
17.1415 2
17.1514 2
17.2956 2
17.2999 2
17.3555 2
17.3723 2
17.4441 2
17.465 2
17.4814 1
17.5669 2
17.6135 2
17.6268 2
17.6474 2
17.7569 2
17.7732 2
17.7753 2
17.8686 2
17.9054 2
18.0171 2
18.0484 2
18.0651 1
18.185 1
18.2696 2
18.2902 2
18.3501 2
18.4019 2
18.4181 2
18.5153 1
18.5504 2
18.5615 2
18.6103 2
18.6637 2
18.7099 2
18.7656 2
18.8122 1
18.8255 2
18.9022 2
18.935 2
19.0357 1
19.0467 2
19.0578 1
19.0674 2
19.1547 2
19.2063 2
19.2269 2
19.3032 2
19.3276 2
19.3386 2
19.3547 1
19.4683 2
19.58 2
19.6195 1
19.7285 2
19.7396 2
19.7602 2
19.7701 2
19.8719 2
19.9814 2
20.0204 2
20.0914 2
20.1244 1
20.2455 2
20.2565 2
20.2729 2
20.405 2
20.4213 1
20.4568 2
20.4873 2
20.5167 2
20.8086 2
20.8882 2
21.0248 1
21.05 2
21.0611 2
21.1801 2
21.2096 2
21.24 2
21.3419 2
21.3518 2
21.4553 1
21.5003 2
21.5113 2
21.6654 2
21.6765 2
21.6787 1
21.8249 2
21.8272 2
21.9573 2
21.9757 1
21.9867 2
21.9978 1
22.0446 2
22.2098 2
22.2286 2
22.3582 2
22.3716 2
22.52 2
22.6295 2
22.71 2
22.9214 2
22.9313 2
23.0644 1
23.1354 2
23.1465 2
23.2582 2
23.4067 2
23.4273 2
23.6679 1
23.6798 2
23.8164 2
23.8282 2
23.951 2
23.9648 1
24.13 2
24.1433 2
24.2918 2
24.2951 1
24.4569 2
24.6054 2
24.6165 2
24.6187 1
24.7861 2
24.8377 1
24.9345 2
25.1498 2
25.2615 2
25.7228 2
25.8712 2
25.9043 1
26.0241 1
26.0364 2
26.1982 2
26.316 2
26.6079 1
26.7414 2
26.841 2
27.0332 2
27.2351 1
27.4342 2
27.4586 1
27.7261 2
27.7777 1
28.1514 2
28.8443 1
28.9641 1
29.2059 2
29.4478 1
29.6813 2
29.9232 2
30.3986 1
31.804 1
32.0959 2
32.3877 1
34.447 1
34.5955 2
34.744 1
37.387 1
40.2269 1
43.1669 1
