-22.383 1
-20.5851 2
-19.4548 2
-18.6556 2
-18.2419 1
-16.5851 2
-15.7274 2
-15.3137 2
-14.383 1
-12.9988 2
-12.5851 2
-11.7274 2
-11.0693 1
-10.6556 2
-10.2419 1
-10.0706 2
-9.65685 2
-9.27135 2
-8.85765 2
-8.52661 1
-8.1411 2
-7.72741 4
-6.9282 2
-6.72865 2
-6.07055 2
-5.92945 2
-5.65685 2
-5.27135 2
-4.99876 2
-4.7992 2
-4.38551 1
-4 4
-3.72741 2
-3.2008 2
-3.06931 1
-2.7871 1
-2.72865 2
-2.07055 4
-1.92945 2
-1.65685 4
-1.27135 2
-0.857651 2
-0.52661 1
-0.272593 2
0.141105 2
0.272593 2
0.857651 2
1.0718 2
1.27135 2
1.65685 2
1.92945 2
2.07055 4
2.34315 2
2.7871 1
3.2008 2
3.61449 1
3.72741 2
4.38551 1
4.58506 2
4.7992 2
4.99876 2
5.2129 1
5.65685 2
5.92945 2
6.07055 2
6.9282 2
7.31371 2
7.72741 4
8.52661 1
8.58506 2
8.85765 2
9.65685 4
10.0706 2
10.6556 2
10.7871 1
11.0693 1
11.4548 2
11.7274 2
12.3855 1
12.5851 2
12.9988 2
13.6569 2
14.9282 2
15.7274 2
16.5266 1
18.2419 1
18.6556 2
19.0693 1
22.383 1
26.2419 1
30.383 1
