-41.5692 16
-36.9322 32
-36.7846 12
-33.8564 72
-32.7846 8
-28.7846 108
-27.7128 288
-27.5276 288
-26.9282 72
-25.8564 216
-24.9706 288
-24.7846 768
-22.9282 108
-21.8564 216
-21.7153 288
-21.6569 576
-20.9706 384
-20.7846 528
-20 216
-19.9192 576
-18.9282 288
-18.1231 288
-17.8564 288
-17.6569 768
-17.013 576
-16.7846 24
-16 24
-15.2169 192
-14.9282 1188
-13.8564 1800
-13.6569 2592
-13.0718 72
-12.7846 48
-12.3107 2592
-12 1820
-10.9282 7200
-10.5146 576
-10.3431 576
-9.85641 648
-9.65685 3456
-9.40456 192
-9.0718 108
-8.97056 192
-8.78461 256
-8.71851 32
-8 5472
-7.60845 1728
-6.9282 4968
-6.49839 288
-6.34315 768
-6.14359 72
-5.85641 72
-5.65685 1920
-5.0718 288
-4.97056 128
-4.78461 36
-4.70228 1728
-4 4704
-2.9282 864
-2.90617 2592
-2.34315 2592
-1.85641 216
-1.79611 576
-1.65685 2304
-1.0718 1188
0 5720
1.0718 504
1.65685 3456
1.79611 576
1.85641 216
2.14359 72
2.34315 1728
2.90617 2592
2.9282 7200
3.21539 4
4 3144
4.70228 1728
4.78461 12
5.0718 2520
5.65685 1920
5.85641 216
6.34315 1152
6.49839 288
6.9282 4968
7.02944 32
7.60845 1728
8 3384
8.71851 32
8.78461 8
8.97056 288
9.0718 396
9.40456 192
9.65685 2304
9.85641 288
10.3431 576
10.5146 576
10.9282 864
12 1928
12.3107 2592
12.7846 108
12.9706 384
13.6569 1728
13.8564 1800
14.9282 504
15.2169 192
16 288
16.7846 768
17.013 576
17.0718 36
17.6569 1152
17.8564 648
18.1231 288
18.3431 288
18.9282 2520
19.9192 576
20 384
20.7846 528
21.6569 576
21.7153 288
21.8564 72
22.9282 396
24 520
24.7846 24
24.9706 192
25.8564 216
27.5276 288
27.7128 288
28.7846 48
28.9706 128
29.6569 288
29.8564 72
30.9282 36
32.7846 256
36 44
36.7846 36
36.9322 32
40.9706 32
41.5692 16
44.7846 4
