-40.2187 2
-38.6274 4
-38.4779 8
-37.8564 8
-35.7128 16
-35.3137 16
-35.0503 8
-34.0958 8
-33.1701 32
-32.6215 32
-32 8
-29.8564 112
-29.0733 32
-28.905 8
-28.4389 8
-28.1082 32
-27.9728 2
-27.7128 32
-27.3137 96
-25.4366 8
-24.6215 56
-24.2187 2
-24.1094 32
-24 144
-23.261 32
-23.2169 128
-22.9282 32
-22.7821 32
-22.6274 8
-22.541 32
-21.8564 440
-21.8535 32
-21.7662 32
-21.4649 32
-21.166 8
-20.905 8
-20.4389 16
-19.7798 8
-19.7128 16
-19.6687 8
-19.4514 32
-19.3137 276
-18.9282 128
-18.5587 32
-18.4525 32
-18.0958 8
-17.9864 32
-17.5913 2
-17.5251 128
-17.4046 128
-17.1701 32
-17.1252 8
-16.6591 8
-16.6215 32
-16.1094 64
-16 944
-15.9804 32
-15.6433 32
-15.6085 128
-15.5988 128
-15.2169 224
-14.9282 64
-14.7821 32
-14.7416 32
-14.1229 32
-14.0541 64
-13.8564 776
-13.8123 32
-13.6569 64
-13.1908 8
-12.905 8
-12.7956 32
-12.7023 128
-12.6863 16
-12.5093 128
-12.4389 8
-12.3296 32
-12 64
-11.9728 2
-11.7798 16
-11.4684 8
-11.3137 200
-11.2705 64
-10.9282 384
-10.7651 8
-10.6546 2
-10.583 128
-10.5427 32
-10.4525 128
-10.1436 8
-10.0317 8
-9.98642 64
-9.72572 64
-9.43664 8
-9.40456 224
-9.34419 32
-9.32729 32
-9.15412 32
-9.12522 16
-9.0718 32
-9.03823 32
-8.65914 8
-8.65671 32
-8.46608 8
-8.10936 32
-8.04407 8
-8 3112
-7.79942 128
-7.60845 224
-7.53392 8
-7.2169 128
-6.98414 32
-6.94214 128
-6.9282 64
-6.78207 32
-6.67271 32
-6.62742 4
-6.25465 128
-6.24795 32
-6.12293 32
-5.85641 440
-5.81234 56
-5.65685 128
-5.56716 32
-5.4573 32
-5.34543 2
-5.0718 128
-5.01584 128
-4.79565 64
-4.70228 224
-4.68629 96
-4.53164 8
-4.45184 32
-4.32957 128
-4.32835 64
-4 192
-3.8526 8
-3.77979 8
-3.67043 32
-3.47107 128
-3.31371 276
-3.29772 128
-3.20435 32
-3.08954 32
-2.9282 384
-2.80923 8
-2.78358 64
-2.4525 32
-2.34315 64
-2.18766 32
-2.14359 112
-1.98642 32
-1.9263 128
-1.87707 32
-1.5913 2
-1.54477 64
-1.40456 128
-1.3605 32
-1.32729 64
-1.12522 8
-1.0718 64
-0.861205 32
-0.857283 32
-0.659138 8
-0.466081 16
-0.391548 128
0 4928
0.391548 128
0.466081 16
0.659138 8
0.857283 32
0.861205 32
1.0718 64
1.12522 8
1.32729 64
1.3605 32
1.40456 128
1.54477 64
1.5913 2
1.87707 32
1.9263 128
1.98642 32
2.14359 112
2.18766 32
2.34315 64
2.4525 32
2.78358 64
2.80923 8
2.9282 384
3.08954 32
3.20435 32
3.29772 128
3.31371 276
3.47107 128
3.67043 32
3.77979 8
3.8526 8
4 192
4.32835 64
4.32957 128
4.45184 32
4.53164 8
4.68629 96
4.70228 224
4.79565 64
5.01584 128
5.0718 128
5.34543 2
5.4573 32
5.56716 32
5.65685 128
5.81234 56
5.85641 440
6.12293 32
6.24795 32
6.25465 128
6.62742 4
6.67271 32
6.78207 32
6.9282 64
6.94214 128
6.98414 32
7.2169 128
7.53392 8
7.60845 224
7.79942 128
8 3112
8.04407 8
8.10936 32
8.46608 8
8.65671 32
8.65914 8
9.03823 32
9.0718 32
9.12522 16
9.15412 32
9.32729 32
9.34419 32
9.40456 224
9.43664 8
9.72572 64
9.98642 64
10.0317 8
10.1436 8
10.4525 128
10.5427 32
10.583 128
10.6546 2
10.7651 8
10.9282 384
11.2705 64
11.3137 200
11.4684 8
11.7798 16
11.9728 2
12 64
12.3296 32
12.4389 8
12.5093 128
12.6863 16
12.7023 128
12.7956 32
12.905 8
13.1908 8
13.6569 64
13.8123 32
13.8564 776
14.0541 64
14.1229 32
14.7416 32
14.7821 32
14.9282 64
15.2169 224
15.5988 128
15.6085 128
15.6433 32
15.9804 32
16 944
16.1094 64
16.6215 32
16.6591 8
17.1252 8
17.1701 32
17.4046 128
17.5251 128
17.5913 2
17.9864 32
18.0958 8
18.4525 32
18.5587 32
18.9282 128
19.3137 276
19.4514 32
19.6687 8
19.7128 16
19.7798 8
20.4389 16
20.905 8
21.166 8
21.4649 32
21.7662 32
21.8535 32
21.8564 440
22.541 32
22.6274 8
22.7821 32
22.9282 32
23.2169 128
23.261 32
24 144
24.1094 32
24.2187 2
24.6215 56
25.4366 8
27.3137 96
27.7128 32
27.9728 2
28.1082 32
28.4389 8
28.905 8
29.0733 32
29.8564 112
32 8
32.6215 32
33.1701 32
34.0958 8
35.0503 8
35.3137 16
35.7128 16
37.8564 8
38.4779 8
38.6274 4
40.2187 2
