-69.282 256
-66.641 80
-63.7128 800
-62.641 320
-61.5537 512
-58.641 2000
-56.7846 1600
-55.7128 8000
-55.4256 12800
-54.641 800
-52.7846 2000
-52.2843 12800
-52.1491 12800
-51.7128 8000
-50.641 8160
-49.8564 8000
-48.9706 51200
-48.7846 24000
-48.4974 10240
-47.7128 24160
-46.641 85440
-46.3368 12800
-45.8564 1600
-44.7846 66000
-44.5407 51200
-43.7128 44000
-42.9282 8800
-42.7445 51200
-42.641 12000
-41.8564 86400
-41.6345 51200
-41.5692 211200
-40.9706 320000
-40.7846 68320
-40.2843 40960
-39.8384 51200
-39.7128 88000
-38.9282 8000
-38.641 8000
-38.0423 1024
-37.8564 120000
-37.6569 256000
-36.9706 163840
-36.9322 320000
-36.7846 292000
-36.2843 51200
-36 357520
-35.7128 60000
-35.1361 256000
-34.9282 120000
-34.641 387168
-34.026 51200
-33.8564 257600
-33.34 51200
-32.9706 614400
-32.7846 2312000
-32.2299 512000
-32 4000
-31.7128 166400
-31.1199 51200
-30.9282 288000
-30.641 168640
-30.4338 128000
-29.8564 603200
-29.6569 1408000
-29.3238 512000
-29.0718 8800
-28.9706 1024000
-28.7846 420000
-28 177600
-27.7128 1529600
-27.5276 1331200
-26.9282 345760
-26.641 16480
-26.4176 256000
-26.3431 256000
-25.8564 2588800
-25.7315 256000
-25.6569 819200
-25.0718 8000
-24.9706 1280000
-24.7846 532800
-24.6215 1024000
-24.2843 81920
-24 3538400
-23.9354 12800
-23.7128 120000
-23.5114 1024
-22.9282 1300000
-22.8254 1049600
-22.641 4000
-22.1436 8000
-21.8564 840000
-21.7153 1331200
-21.6569 3072000
-21.0718 120000
-21.0292 51200
-20.9706 1638400
-20.7846 4505440
-20.2843 56320
-20 2576032
-19.9192 2611200
-19.7128 89600
-18.9282 9512000
-18.8091 128000
-18.641 5600
-18.3431 1408000
-18.1436 1600
-18.1231 1331200
-17.8564 1824000
-17.6569 4505600
-17.0718 288000
-17.013 2611200
-16.9706 1290240
-16.7846 4456000
-16.327 51200
-16 1296800
-15.903 51200
-15.7128 88800
-15.2169 2304000
-15.2154 1600
-15.0294 51200
-14.9282 1860000
-14.641 17984
-14.5309 512
-14.3431 819200
-14.1436 86400
-14.1068 1049600
-13.8564 7436160
-13.6569 5632000
-13.4208 512000
-13.0718 345760
-12.9706 2048000
-12.7846 591200
-12.3107 5632000
-12 9572160
-11.7128 24800
-11.2154 2000
-11.2007 256000
-10.9282 2630400
-10.641 1760
-10.5146 2611200
-10.3431 3072000
-10.1436 120000
-9.85641 4572800
-9.65685 8192000
-9.40456 2304000
-9.0718 1300000
-8.97056 1408000
-8.78461 277600
-8.71851 320000
-8.28719 800
-8.28427 8192
-8 14919200
-7.71281 40000
-7.60845 5350400
-7.21539 24000
-7.02944 320000
-6.9282 15452800
-6.49839 1331200
-6.34315 4505600
-6.14359 257600
-5.85641 1225600
-5.81234 1024000
-5.65685 6451200
-5.0718 9512000
-4.97056 819200
-4.78461 189600
-4.70228 5350400
-4.28427 10240
-4.01623 51200
-4 8062080
-3.71281 8800
-3.59222 51200
-3.21539 66000
-3.02944 163840
-2.9282 18184000
-2.90617 5632000
-2.64102 400
-2.34315 5632000
-2.14359 603200
-1.85641 968000
-1.79611 2611200
-1.65685 9011200
-1.11006 512000
-1.0718 1860000
-0.970563 614400
-0.78461 529600
-0.686054 12800
-0.287187 8000
0 19399872
0.287187 4000
0.686054 12800
0.78461 68320
0.970563 614400
1.0718 2633600
1.11006 512000
1.65685 8192000
1.79611 2611200
1.85641 2588800
2.14359 360000
2.34315 6195200
2.64102 80
2.90617 5632000
2.9282 2630400
3.02944 204800
3.21539 61600
3.59222 51200
3.71281 8000
4 17901120
4.01623 51200
4.28427 12800
4.28719 1600
4.70228 5350400
4.78461 292000
4.97056 1024000
5.0718 1376800
5.35898 16
5.65685 6451200
5.81234 1024000
5.85641 840000
6.14359 759680
6.34315 4096000
6.49839 1331200
6.64102 320
6.9282 15452800
7.02944 256000
7.21539 8000
7.60845 5350400
7.71281 24160
8 17051840
8.71851 320000
8.78461 2312000
8.97056 1280000
9.0718 832800
9.40456 2304000
9.65685 9011200
9.85641 1824000
10.1436 123200
10.3431 3072000
10.5146 2611200
10.641 2000
10.9282 18184000
11.2007 256000
11.2154 13200
11.7128 44000
11.7157 512
12 5543680
12.3107 5632000
12.7846 420000
12.9706 1638400
13.0718 2238400
13.4208 512000
13.6569 6195200
13.8564 7436160
14.1068 1049600
14.1436 40000
14.3431 901120
14.5309 512
14.641 800
14.9282 2633600
15.0294 51200
15.2169 2304000
15.7128 88000
15.903 51200
16 780960
16.2843 40960
16.327 51200
16.7846 532800
16.9706 1290240
17.013 2611200
17.0718 272800
17.6569 4096000
17.8564 4572800
18.1231 1331200
18.1436 24000
18.3431 1126400
18.641 8160
18.8091 128000
18.9282 1376800
19.2154 400
19.7128 60000
19.9192 2611200
20 2411712
20.2843 51200
20.7846 4505440
20.9706 2048000
21.0292 51200
21.0718 44000
21.6569 3072000
21.7153 1331200
21.8564 1225600
22.641 85440
22.8254 1049600
22.9282 832800
23.0294 12800
23.5114 1024
23.7128 166400
23.9354 12800
24 2887200
24.6215 1024000
24.7846 4456000
24.9706 1408000
25.0718 57600
25.6569 901120
25.7315 256000
25.8564 968000
26.1436 320
26.3431 256000
26.4176 256000
26.641 12000
26.9282 2238400
27.5276 1331200
27.7128 1529600
28 940960
28.7846 591200
28.9706 819200
29.3238 512000
29.6569 1126400
29.8564 360000
30.4338 128000
30.641 8000
30.9282 272800
31.1199 51200
31.7128 120000
32 52320
32.2299 512000
32.2843 81920
32.7846 277600
32.9706 614400
33.0718 1600
33.34 51200
33.8564 759680
34.026 51200
34.3431 56320
34.641 387168
34.9282 44000
35.1361 256000
35.7128 89600
36.2843 56320
36.7846 189600
36.9322 320000
36.9706 204800
37.6569 256000
37.8564 123200
38.0423 1024
38.641 168640
38.9282 57600
39.7128 88800
39.8384 51200
40 131872
40.7846 529600
40.9706 256000
41.5692 211200
41.6345 51200
41.8564 40000
42.641 16480
42.7445 51200
43.7128 24800
44 81920
44.5407 51200
44.7846 61600
45.6569 56320
45.8564 24000
46.3368 12800
46.641 4000
46.9282 1600
47.7128 40000
48.2843 8192
48.4974 10240
48.7846 8000
48.9706 51200
50.641 5600
51.7128 8800
52.1491 12800
52.2843 10240
52.7846 13200
53.8564 320
54.641 17984
55.4256 12800
55.7128 4000
56.9706 12800
58.641 1760
59.7128 1600
60 2736
60.7846 400
61.5537 512
66.641 400
68.2843 512
69.282 256
74.641 16
