-24.6258
-24.3993
-24.0837
-22.5132
-22.352
-20.6494
-20.5544
-19.1319
-19.0165
-18.9307
-18.8209
-17.9989
-17.7096
-17.3801
-17.2813
-17.2575
-17.2081
-17.0094
-16.1177
-15.6446
-15.5653
-15.443
-15.1537
-15.1262
-15.0825
-14.9714
-14.765
-14.6605
-14.4649
-14.1754
-14.0169
-14.006
-13.9493
-13.7993
-13.7569
-13.7505
-13.7248
-13.6573
-13.5585
-13.4436
-13.4049
-13.3587
-13.3384
-13.278
-12.6185
-12.5732
-12.4238
-12.0687
-12.0326
-12.0254
-11.9059
-11.8876
-11.8613
-11.4764
-11.3877
-11.2398
-11.1208
-11.0955
-11.0437
-11.0172
-10.878
-10.817
-10.756
-10.6965
-10.4814
-10.4642
-10.3514
-10.3291
-10.3147
-10.1847
-10.1348
-9.85659
-9.77753
-9.74633
-9.65812
-9.60383
-9.55311
-9.46511
-9.42899
-9.40824
-9.3357
-9.23318
-9.2119
-9.01072
-8.93458
-8.60783
-8.55507
-8.4781
-8.40298
-8.37687
-8.30473
-8.25592
-8.24164
-8.22003
-8.17324
-8.12899
-8.12254
-8.08542
-8.04956
-8.0138
-7.86914
-7.8159
-7.76793
-7.74648
-7.73839
-7.71447
-7.62459
-7.49113
-7.34206
-7.30375
-7.15581
-7.13121
-7.06653
-7.01396
-6.99197
-6.93886
-6.90567
-6.88569
-6.87658
-6.86187
-6.83534
-6.79207
-6.73833
-6.71796
-6.68251
-6.66028
-6.56617
-6.55199
-6.46447
-6.40714
-6.36485
-6.26431
-6.22296
-6.20629
-6.15974
-6.06994
-6.05091
-5.93754
-5.88218
-5.8049
-5.75518
-5.69862
-5.65523
-5.61916
-5.57882
-5.50251
-5.46516
-5.43173
-5.41782
-5.37562
-5.33483
-5.32534
-5.26729
-5.2444
-5.20793
-5.14505
-5.12841
-5.0337
-4.98308
-4.95017
-4.9272
-4.91255
-4.88026
-4.79902
-4.66897
-4.62502
-4.56464
-4.53251
-4.48995
-4.47289
-4.46252
-4.42655
-4.37866
-4.33322
-4.31964
-4.27433
-4.25235
-4.23369
-4.20386
-4.17579
-4.13234
-4.1189
-4.09817
-4.07272
-4.05641
-3.98439
-3.90652
-3.89079
-3.83676
-3.78005
-3.67717
-3.65033
-3.61562
-3.56525
-3.52709
-3.50646
-3.4654
-3.42204
-3.35071
-3.28959
-3.25594
-3.22786
-3.20144
-3.17233
-3.11237
-3.0572
-3.04187
-2.96257
-2.80672
-2.76596
-2.7568
-2.73837
-2.69648
-2.62605
-2.57205
-2.51228
-2.44517
-2.43113
-2.37234
-2.36532
-2.32496
-2.19414
-2.13892
-2.12574
-2.10668
-2.0643
-2.03413
-1.97942
-1.89913
-1.83368
-1.80893
-1.71875
-1.70074
-1.60735
-1.58223
-1.51164
-1.50604
-1.46907
-1.41738
-1.38781
-1.32093
-1.23066
-1.22136
-1.17459
-1.15314
-1.148
-1.12883
-1.11797
-1.05921
-1.04913
-1.01726
-0.908359
-0.845041
-0.802145
-0.728912
-0.699592
-0.678802
-0.637949
-0.609503
-0.575194
-0.547921
-0.504483
-0.465401
-0.415147
-0.412564
-0.381289
-0.353524
-0.332919
-0.31134
-0.247844
-0.235158
-0.209057
-0.187484
-0.15415
-0.0976573
-0.0701018
-0.030386
-0.00397967
0
0.00793758
0.0529839
0.0638745
0.0842985
0.0982269
0.161284
0.190295
0.200044
0.221399
0.233412
0.316983
0.356669
0.36557
0.41983
0.459876
0.494669
0.54477
0.586466
0.681118
0.685316
0.732483
0.811956
0.835621
0.891994
0.992882
1.05443
1.15746
1.1596
1.19986
1.26027
1.28444
1.34352
1.3921
1.41575
1.45088
1.46941
1.47749
1.55524
1.58104
1.62193
1.636
1.65366
1.6906
1.75075
1.76322
1.89066
1.89351
1.9498
2.01906
2.04475
2.1188
2.13169
2.16894
2.21239
2.2432
2.2683
2.28782
2.31229
2.32657
2.34706
2.38066
2.42129
2.45435
2.47882
2.49402
2.52043
2.54207
2.60431
2.6153
2.6327
2.67552
2.71543
2.72924
2.75486
2.82557
2.90772
2.95293
3.00158
3.02463
3.03859
3.05327
3.07935
3.12495
3.13387
3.15144
3.17059
3.19407
3.21544
3.25822
3.29312
3.32287
3.32513
3.3355
3.3618
3.42267
3.45229
3.48279
3.49932
3.53183
3.57928
3.59065
3.62671
3.65006
3.67608
3.71959
3.73447
3.76561
3.85101
3.85988
3.90309
3.93305
3.93553
3.96528
4.00921
4.04452
4.04881
4.06731
4.08994
4.13595
4.20223
4.23368
4.2795
4.36241
4.37952
4.44195
4.51451
4.57401
4.59941
4.66794
4.69145
4.72728
4.75004
4.83081
4.83972
4.932
4.95199
4.97189
5.01747
5.02913
5.09775
5.14162
5.15723
5.21444
5.22474
5.26628
5.30454
5.32511
5.37206
5.4102
5.46148
5.52061
5.53467
5.58977
5.60805
5.67574
5.69513
5.73207
5.7627
5.77927
5.83229
5.85784
5.88164
5.91596
5.95179
5.98625
5.99867
6.0354
6.06958
6.09384
6.09484
6.12699
6.1534
6.19861
6.21922
6.24643
6.31559
6.34366
6.39071
6.4176
6.49195
6.50826
6.54146
6.55683
6.58431
6.59776
6.62992
6.63742
6.66909
6.67623
6.69437
6.74114
6.77584
6.81141
6.83624
6.84702
6.87804
6.91023
6.92346
6.95378
6.96576
7.00135
7.03395
7.05085
7.05671
7.09428
7.11052
7.16361
7.1835
7.20994
7.25213
7.26836
7.27813
7.31785
7.3604
7.37288
7.44058
7.4992
7.57708
7.63804
7.69356
7.71625
7.75431
7.77838
7.82274
7.86725
7.87515
7.91491
7.97522
8.02306
8.04224
8.13805
8.14482
8.19193
8.24315
8.28323
8.30844
8.37895
8.39239
8.41709
8.59595
8.63086
8.68604
8.79278
8.82223
8.85432
8.87555
8.91774
8.93
8.98935
9.05304
9.11738
9.1483
9.25862
9.30148
9.3413
9.34848
9.43674
9.49395
9.52222
9.57729
9.59379
9.63227
9.67704
9.69528
9.75236
9.76611
9.81232
9.88008
9.9359
9.97413
9.99171
10.0166
10.0569
10.0677
10.1182
10.2092
10.2911
10.2986
10.3402
10.3986
10.4217
10.5069
10.517
10.5369
10.5846
10.6018
10.6332
10.6952
10.7213
10.7461
10.7519
10.7588
10.7889
10.8472
10.8872
10.8963
10.92
10.9953
11.0774
11.1373
11.1756
11.203
11.2736
11.333
11.3531
11.4096
11.7069
11.7562
11.8283
11.9343
11.9738
12.0597
12.1295
12.215
12.2304
12.3115
12.3419
12.4383
12.4979
12.5993
12.6161
12.6838
12.7466
12.7601
12.8042
12.9728
12.9935
13.065
13.128
13.2208
13.3075
13.3397
13.4236
13.4852
13.5164
13.5863
13.6151
13.6859
13.8429
13.897
13.9246
14.0079
14.0921
14.1476
14.1796
14.303
14.3191
14.4336
14.4893
14.5063
14.5623
14.7249
14.7433
14.7904
14.9273
14.9941
15.0768
15.1326
15.1678
15.4456
15.5152
15.6059
15.7016
15.7466
15.9038
15.9787
16.1581
16.1628
16.2409
16.2775
16.305
16.5502
16.7002
16.7314
16.7587
16.8132
16.8308
16.9097
17.0036
17.067
17.1516
17.1828
17.2137
17.3669
17.4803
17.5741
17.6536
17.6803
18.1367
18.2612
18.5454
18.6356
18.7023
18.7466
18.8203
19.1053
19.1351
19.1819
19.3344
19.3777
19.4607
19.4762
19.6035
19.6546
19.8951
19.9313
19.9832
20.1617
20.2163
20.2583
20.5154
20.5962
20.6953
20.7326
20.7581
20.8005
20.8913
21.0159
21.1462
21.5966
21.6704
21.7202
21.7534
22.0535
22.4442
22.4802
22.7199
22.895
23.2941
23.4911
23.6915
23.7322
23.7507
23.8086
23.8452
24.0555
24.1739
24.4548
24.6706
25.159
25.287
25.3856
25.5052
25.7188
26.2776
26.3481
26.8498
27.3882
28.2804
28.3013
29.9419
30.066
31.2589
31.3256
36.6039
