-17.5251
-13.8564
-13.8564
-12.3107
-12.3107
-10.583
-8.58506
-8.58506
-8.31073
-8.31073
-6.9282
-6.9282
-6.9282
-6.9282
-5.01584
-4
-4
-4
-4
-2.9282
-2.9282
-2.9282
-2.9282
-2.90617
-2.90617
-1.9263
-1.65685
-1.65685
0
0
0
0
0
0
0
1.0718
1.0718
1.0718
1.0718
1.09383
1.09383
1.9263
2.34315
2.34315
2.34315
2.34315
2.72865
2.72865
2.90617
2.90617
4
4
5.01584
5.27135
5.27135
6.90617
6.90617
6.9282
6.9282
6.9282
6.9282
8
8
9.65685
9.65685
10.583
10.9282
10.9282
10.9282
10.9282
12
12
12.3107
12.3107
13.6569
13.6569
13.6569
13.6569
13.8564
13.8564
14.9282
14.9282
14.9282
14.9282
16.3107
16.3107
16.5851
16.5851
17.5251
