-76.2483 0
-76.0958 7
-75.9433 4
-75.7908 0
-75.6383 2
-75.4858 0
-75.3333 2
-75.1808 12
-75.0283 16
-74.8758 24
-74.7233 4
-74.5708 12
-74.4183 4
-74.2658 0
-74.1133 2
-73.9608 0
-73.8084 9
-73.6559 6
-73.5034 10
-73.3509 10
-73.1984 22
-73.0459 34
-72.8934 8
-72.7409 32
-72.5884 8
-72.4359 0
-72.2834 6
-72.1309 0
-71.9784 14
-71.8259 34
-71.6734 16
-71.5209 44
-71.3684 14
-71.2159 34
-71.0634 20
-70.9109 14
-70.7584 8
-70.6059 10
-70.4534 12
-70.3009 24
-70.1484 24
-69.9959 40
-69.8434 44
-69.6909 66
-69.5384 48
-69.386 43
-69.2335 13
-69.081 20
-68.9285 16
-68.776 8
-68.6235 40
-68.471 18
-68.3185 49
-68.166 36
-68.0135 64
-67.861 60
-67.7085 98
-67.556 100
-67.4035 52
-67.251 38
-67.0985 30
-66.946 54
-66.7935 40
-66.641 45
-66.4885 94
-66.336 180
-66.1835 180
-66.031 164
-65.8785 126
-65.726 154
-65.5735 124
-65.421 104
-65.2685 150
-65.116 96
-64.9636 145
-64.8111 178
-64.6586 270
-64.5061 362
-64.3536 444
-64.2011 332
-64.0486 316
-63.8961 302
-63.7436 232
-63.5911 246
-63.4386 247
-63.2861 225
-63.1336 267
-62.9811 250
-62.8286 374
-62.6761 420
-62.5236 580
-62.3711 526
-62.2186 554
-62.0661 412
-61.9136 458
-61.7611 448
-61.6086 472
-61.4561 512
-61.3036 474
-61.1511 618
-60.9986 644
-60.8461 796
-60.6936 736
-60.5411 834
-60.3887 729
-60.2362 738
-60.0837 612
-59.9312 610
-59.7787 718
-59.6262 872
-59.4737 962
-59.3212 1144
-59.1687 1318
-59.0162 1100
-58.8637 1253
-58.7112 1137
-58.5587 1155
-58.4062 1119
-58.2537 1318
-58.1012 1136
-57.9487 1248
-57.7962 1318
-57.6437 1605
-57.4912 1782
-57.3387 2001
-57.1862 2071
-57.0337 2089
-56.8812 1988
-56.7287 2004
-56.5762 2088
-56.4237 1820
-56.2712 2460
-56.1187 2088
-55.9663 2785
-55.8138 2908
-55.6613 2979
-55.5088 3152
-55.3563 2963
-55.2038 3217
-55.0513 3506
-54.8988 3370
-54.7463 3379
-54.5938 3328
-54.4413 3515
-54.2888 3777
-54.1363 4022
-53.9838 4702
-53.8313 4463
-53.6788 5175
-53.5263 4585
-53.3738 4906
-53.2213 4926
-53.0688 5936
-52.9163 5436
-52.7638 5361
-52.6113 5705
-52.4588 5846
-52.3063 6866
-52.1538 6967
-52.0013 7489
-51.8488 6757
-51.6963 7429
-51.5438 7555
-51.3914 8194
-51.2389 7578
-51.0864 8810
-50.9339 8677
-50.7814 9094
-50.6289 9418
-50.4764 10178
-50.3239 10569
-50.1714 10654
-50.0189 11172
-49.8664 10460
-49.7139 11331
-49.5614 11670
-49.4089 12420
-49.2564 11717
-49.1039 13540
-48.9514 13073
-48.7989 15145
-48.6464 15215
-48.4939 14721
-48.3414 16623
-48.1889 16142
-48.0364 16560
-47.8839 17426
-47.7314 17964
-47.5789 18601
-47.4264 18715
-47.2739 18949
-47.1214 21098
-46.969 21507
-46.8165 22237
-46.664 22648
-46.5115 22950
-46.359 25148
-46.2065 24497
-46.054 25026
-45.9015 26754
-45.749 26407
-45.5965 28323
-45.444 29110
-45.2915 31055
-45.139 29679
-44.9865 32797
-44.834 33015
-44.6815 33447
-44.529 33235
-44.3765 36236
-44.224 37517
-44.0715 37919
-43.919 39406
-43.7665 40478
-43.614 41322
-43.4615 42787
-43.309 45324
-43.1565 44682
-43.004 46367
-42.8515 47124
-42.699 49932
-42.5466 50002
-42.3941 52221
-42.2416 51779
-42.0891 56256
-41.9366 57510
-41.7841 57902
-41.6316 61639
-41.4791 61000
-41.3266 64588
-41.1741 63268
-41.0216 67155
-40.8691 66479
-40.7166 72622
-40.5641 71652
-40.4116 73029
-40.2591 75245
-40.1066 80904
-39.9541 79969
-39.8016 83443
-39.6491 87234
-39.4966 86598
-39.3441 89985
-39.1916 91041
-39.0391 95980
-38.8866 92128
-38.7341 101722
-38.5816 99947
-38.4291 110161
-38.2766 105905
-38.1241 111617
-37.9717 111210
-37.8192 114811
-37.6667 118849
-37.5142 119963
-37.3617 125985
-37.2092 128596
-37.0567 131822
-36.9042 131039
-36.7517 140125
-36.5992 140132
-36.4467 147215
-36.2942 145677
-36.1417 152107
-35.9892 150969
-35.8367 161749
-35.6842 160508
-35.5317 166665
-35.3792 169139
-35.2267 172470
-35.0742 176457
-34.9217 182582
-34.7692 190017
-34.6167 188581
-34.4642 200315
-34.3117 196232
-34.1592 205686
-34.0067 203346
-33.8542 217365
-33.7017 213834
-33.5493 221961
-33.3968 225149
-33.2443 235382
-33.0918 241545
-32.9393 238873
-32.7868 253816
-32.6343 250248
-32.4818 259915
-32.3293 258641
-32.1768 271247
-32.0243 276028
-31.8718 283436
-31.7193 282564
-31.5668 297170
-31.4143 305612
-31.2618 296791
-31.1093 321978
-30.9568 311717
-30.8043 326122
-30.6518 325237
-30.4993 338694
-30.3468 348856
-30.1943 346848
-30.0418 361936
-29.8893 369600
-29.7368 363710
-29.5843 383357
-29.4318 388881
-29.2793 392653
-29.1269 407778
-28.9744 403249
-28.8219 430002
-28.6694 418998
-28.5169 435450
-28.3644 442365
-28.2119 449877
-28.0594 454805
-27.9069 458814
-27.7544 486993
-27.6019 477291
-27.4494 504562
-27.2969 489572
-27.1444 520304
-26.9919 513958
-26.8394 527878
-26.6869 536358
-26.5344 537152
-26.3819 568094
-26.2294 572085
-26.0769 575207
-25.9244 583570
-25.7719 603561
-25.6194 600241
-25.4669 618015
-25.3144 627890
-25.1619 642226
-25.0094 636841
-24.8569 670667
-24.7044 652605
-24.552 683104
-24.3995 696838
-24.247 711229
-24.0945 711186
-23.942 712815
-23.7895 737230
-23.637 736692
-23.4845 773363
-23.332 757904
-23.1795 811491
-23.027 779136
-22.8745 806436
-22.722 819867
-22.5695 821426
-22.417 855842
-22.2645 841407
-22.112 889609
-21.9595 876753
-21.807 884798
-21.6545 911510
-21.502 921149
-21.3495 919624
-21.197 958452
-21.0445 950014
-20.892 990190
-20.7395 968348
-20.587 1000489
-20.4345 1014744
-20.282 1029035
-20.1296 1054305
-19.9771 1042994
-19.8246 1084155
-19.6721 1061921
-19.5196 1111938
-19.3671 1097849
-19.2146 1157757
-19.0621 1122531
-18.9096 1159795
-18.7571 1155865
-18.6046 1193658
-18.4521 1193666
-18.2996 1205590
-18.1471 1245494
-17.9946 1234146
-17.8421 1275719
-17.6896 1233795
-17.5371 1315460
-17.3846 1303956
-17.2321 1327978
-17.0796 1315688
-16.9271 1373969
-16.7746 1347732
-16.6221 1393947
-16.4696 1390622
-16.3171 1417887
-16.1646 1435850
-16.0121 1417430
-15.8596 1469134
-15.7071 1468543
-15.5547 1510919
-15.4022 1477933
-15.2497 1566945
-15.0972 1520370
-14.9447 1559848
-14.7922 1548210
-14.6397 1605905
-14.4872 1590675
-14.3347 1592885
-14.1822 1658795
-14.0297 1660480
-13.8772 1684606
-13.7247 1672580
-13.5722 1730508
-13.4197 1675046
-13.2672 1733273
-13.1147 1729454
-12.9622 1767232
-12.8097 1792757
-12.6572 1821654
-12.5047 1797556
-12.3522 1822211
-12.1997 1860490
-12.0472 1824019
-11.8947 1900669
-11.7422 1886390
-11.5897 1886830
-11.4372 1924786
-11.2847 1959885
-11.1323 1951601
-10.9798 1997173
-10.8273 1966170
-10.6748 2002971
-10.5223 2028025
-10.3698 2015611
-10.2173 2044102
-10.0648 2035641
-9.91228 2129837
-9.75978 2042132
-9.60729 2167921
-9.45479 2147930
-9.30229 2100042
-9.1498 2138250
-8.9973 2174653
-8.8448 2191551
-8.69231 2166615
-8.53981 2266516
-8.38731 2197955
-8.23482 2281603
-8.08232 2209474
-7.92982 2345490
-7.77733 2272314
-7.62483 2294459
-7.47233 2282948
-7.31984 2318685
-7.16734 2361702
-7.01484 2289287
-6.86235 2467934
-6.70985 2382567
-6.55735 2386163
-6.40486 2394898
-6.25236 2438422
-6.09986 2395452
-5.94737 2441613
-5.79487 2464207
-5.64237 2526764
-5.48988 2430288
-5.33738 2547559
-5.18488 2501884
-5.03239 2506855
-4.87989 2547901
-4.72739 2527027
-4.5749 2578696
-4.4224 2515854
-4.2699 2613630
-4.11741 2531203
-3.96491 2667244
-3.81241 2572026
-3.65992 2667636
-3.50742 2607020
-3.35493 2616578
-3.20243 2670231
-3.04993 2590039
-2.89744 2750399
-2.74494 2658851
-2.59244 2710575
-2.43995 2647625
-2.28745 2757546
-2.13495 2678008
-1.98246 2737445
-1.82996 2695059
-1.67746 2771562
-1.52497 2738474
-1.37247 2703421
-1.21997 2770381
-1.06748 2777179
-0.91498 2789787
-0.762483 2744499
-0.609986 2828716
-0.45749 2757290
-0.304993 2786466
-0.152497 2749262
0 2909926
0.152497 2753387
0.304993 2829974
0.45749 2826248
0.609986 2806117
0.762483 2837597
0.91498 2792995
1.06748 2943197
1.21997 2803479
1.37247 2838992
1.52497 2801658
1.67746 2883930
1.82996 2785073
1.98246 2882974
2.13495 2870173
2.28745 2915128
2.43995 2797324
2.59244 2828392
2.74494 2909223
2.89744 2839107
3.04993 2870901
3.20243 2846298
3.35493 2905632
3.50742 2795496
3.65992 2913991
3.81241 2826022
3.96491 2960670
4.11741 2805515
4.2699 2861924
4.4224 2848179
4.5749 2817527
4.72739 2861522
4.87989 2832419
5.03239 2932590
5.18488 2750397
5.33738 2953682
5.48988 2764871
5.64237 2858775
5.79487 2808792
5.94737 2841478
6.09986 2838754
6.25236 2786040
6.40486 2875039
6.55735 2757505
6.70985 2846332
6.86235 2847859
7.01484 2786566
7.16734 2753865
7.31984 2813088
7.47233 2721351
7.62483 2750731
7.77733 2750330
7.92982 2902274
8.08232 2700129
8.23482 2752689
8.38731 2706414
8.53981 2707352
8.69231 2717983
8.8448 2694148
8.9973 2795865
9.1498 2635144
9.30229 2699432
9.45479 2657358
9.60729 2760224
9.75978 2613389
9.91228 2652307
10.0648 2680415
10.2173 2593111
10.3698 2614840
10.5223 2579423
10.6748 2692052
10.8273 2467209
10.9798 2696616
11.1323 2572316
11.2847 2560437
11.4372 2491207
11.5897 2537587
11.7422 2539213
11.8947 2482464
12.0472 2554367
12.1997 2497331
12.3522 2500608
12.5047 2387115
12.6572 2515656
12.8097 2443196
12.9622 2453637
13.1147 2371991
13.2672 2429804
13.4197 2342368
13.5722 2351378
13.7247 2404228
13.8772 2382005
14.0297 2354713
14.1822 2286443
14.3347 2340431
14.4872 2221875
14.6397 2306997
14.7922 2241005
14.9447 2325446
15.0972 2196259
15.2497 2277276
15.4022 2149902
15.5547 2219070
15.7071 2185066
15.8596 2159244
16.0121 2187034
16.1646 2083699
16.3171 2172492
16.4696 2025607
16.6221 2140956
16.7746 2051670
16.9271 2114299
17.0796 2007758
17.2321 2034847
17.3846 1994549
17.5371 2010422
17.6896 1976575
17.8421 1982581
17.9946 1987448
18.1471 1891637
18.2996 1945466
18.4521 1862820
18.6046 1958071
18.7571 1820495
18.9096 1916826
19.0621 1803792
19.2146 1839997
19.3671 1789333
19.5196 1805635
19.6721 1783595
19.8246 1748182
19.9771 1778097
20.1296 1726247
20.282 1749032
20.4345 1650432
20.587 1722674
20.7395 1639551
20.892 1665309
21.0445 1630438
21.197 1658456
21.3495 1585523
21.502 1566081
21.6545 1613244
21.807 1559614
21.9595 1547311
22.112 1516883
22.2645 1515106
22.417 1473511
22.5695 1473492
22.722 1473707
22.8745 1505312
23.027 1391733
23.1795 1447740
23.332 1388281
23.4845 1385216
23.637 1368045
23.7895 1355961
23.942 1364864
24.0945 1292715
24.247 1362530
24.3995 1278200
24.552 1321586
24.7044 1222024
24.8569 1275404
25.0094 1226132
25.1619 1206383
25.3144 1228764
25.4669 1192339
25.6194 1196526
25.7719 1127835
25.9244 1193792
26.0769 1112139
26.2294 1126895
26.3819 1106056
26.5344 1100969
26.6869 1064207
26.8394 1064030
26.9919 1067090
27.1444 1036343
27.2969 1036124
27.4494 1022656
27.6019 983213
27.7544 980363
27.9069 975013
28.0594 942817
28.2119 953802
28.3644 924016
28.5169 958270
28.6694 871525
28.8219 910599
28.9744 874371
29.1269 858723
29.2793 860606
29.4318 822590
29.5843 870147
29.7368 790046
29.8893 815151
30.0418 801109
30.1943 801914
30.3468 757492
30.4993 768393
30.6518 755316
30.8043 729375
30.9568 711011
31.1093 727786
31.2618 717972
31.4143 672047
31.5668 707365
31.7193 663476
31.8718 674699
32.0243 630408
32.1768 652129
32.3293 623566
32.4818 632305
32.6343 611516
32.7868 605233
32.9393 596916
33.0918 571285
33.2443 591788
33.3968 555790
33.5493 565927
33.7017 527336
33.8542 552998
34.0067 511557
34.1592 528649
34.3117 516270
34.4642 502576
34.6167 494247
34.7692 474776
34.9217 485052
35.0742 461281
35.2267 472022
35.3792 443716
35.5317 455971
35.6842 427318
35.8367 442637
35.9892 410622
36.1417 422194
36.2942 400107
36.4467 404903
36.5992 389727
36.7517 381539
36.9042 388936
37.0567 362800
37.2092 367425
37.3617 351869
37.5142 356302
37.6667 336078
37.8192 348229
37.9717 321711
38.1241 332651
38.2766 311429
38.4291 318611
38.5816 307604
38.7341 298567
38.8866 289485
39.0391 285929
39.1916 293947
39.3441 265924
39.4966 284572
39.6491 257350
39.8016 264685
39.9541 246242
40.1066 251081
40.2591 246310
40.4116 234308
40.5641 238164
40.7166 228327
40.8691 227404
41.0216 218314
41.1741 214873
41.3266 208842
41.4791 200735
41.6316 201757
41.7841 205632
41.9366 187567
42.0891 187105
42.2416 186732
42.3941 177899
42.5466 173237
42.699 173548
42.8515 168205
43.004 161491
43.1565 158407
43.309 159300
43.4615 152276
43.614 144107
43.7665 153353
43.919 139274
44.0715 138666
44.224 133894
44.3765 133645
44.529 132287
44.6815 124270
44.834 128476
44.9865 117826
45.139 119377
45.2915 112673
45.444 115054
45.5965 108789
45.749 105349
45.9015 105788
46.054 100534
46.2065 98094
46.359 98105
46.5115 95967
46.664 88918
46.8165 90479
46.969 87831
47.1214 87628
47.2739 82463
47.4264 82980
47.5789 78381
47.7314 76056
47.8839 78287
48.0364 74361
48.1889 73534
48.3414 67314
48.4939 71169
48.6464 64237
48.7989 65652
48.9514 63710
49.1039 64463
49.2564 59191
49.4089 60121
49.5614 56019
49.7139 56190
49.8664 53756
50.0189 53815
50.1714 53053
50.3239 48072
50.4764 51739
50.6289 48926
50.7814 48513
50.9339 44018
51.0864 45777
51.2389 42950
51.3914 41953
51.5438 40808
51.6963 41932
51.8488 39485
52.0013 36852
52.1538 37830
52.3063 35455
52.4588 36260
52.6113 33331
52.7638 34046
52.9163 29876
53.0688 32379
53.2213 31848
53.3738 30637
53.5263 28145
53.6788 28443
53.8313 26841
53.9838 26020
54.1363 25810
54.2888 24162
54.4413 26037
54.5938 21883
54.7463 22909
54.8988 21620
55.0513 22257
55.2038 20475
55.3563 18967
55.5088 18882
55.6613 18474
55.8138 18746
55.9663 17388
56.1187 16687
56.2712 16238
56.4237 15346
56.5762 15428
56.7287 14973
56.8812 13919
57.0337 14261
57.1862 12567
57.3387 12663
57.4912 11925
57.6437 12113
57.7962 11002
57.9487 11071
58.1012 10652
58.2537 9816
58.4062 10392
58.5587 8877
58.7112 9355
58.8637 8765
59.0162 8082
59.1687 8822
59.3212 8264
59.4737 7637
59.6262 7388
59.7787 6598
59.9312 6864
60.0837 6486
60.2362 6485
60.3887 5870
60.5411 5834
60.6936 5611
60.8461 5013
60.9986 5319
61.1511 5172
61.3036 4810
61.4561 4486
61.6086 4083
61.7611 4564
61.9136 4440
62.0661 4014
62.2186 3963
62.3711 3774
62.5236 3579
62.6761 3434
62.8286 3505
62.9811 2858
63.1336 3632
63.2861 2977
63.4386 2780
63.5911 2885
63.7436 2894
63.8961 2891
64.0486 2290
64.2011 2310
64.3536 2490
64.5061 2557
64.6586 2254
64.8111 2176
64.9636 2363
65.116 1890
65.2685 1849
65.421 2112
65.5735 1579
65.726 2160
65.8785 1666
66.031 1566
66.1835 1686
66.336 1675
66.4885 1711
66.641 1299
66.7935 1488
66.946 1235
67.0985 1612
67.251 1226
67.4035 1410
67.556 1278
67.7085 1194
67.861 1140
68.0135 1153
68.166 999
68.3185 1079
68.471 1046
68.6235 1120
68.776 1012
68.9285 1038
69.081 1076
69.2335 775
69.386 911
69.5384 728
69.6909 921
69.8434 791
69.9959 916
70.1484 780
70.3009 660
70.4534 764
70.6059 822
70.7584 608
70.9109 608
71.0634 620
71.2159 708
71.3684 604
71.5209 618
71.6734 590
71.8259 578
71.9784 588
72.1309 316
72.2834 500
72.4359 474
72.5884 504
72.7409 338
72.8934 308
73.0459 355
73.1984 374
73.3509 268
73.5034 256
73.6559 244
73.8084 293
73.9608 230
74.1133 194
74.2658 218
74.4183 204
74.5708 213
74.7233 75
74.8758 122
75.0283 140
75.1808 120
75.3333 36
75.4858 40
75.6383 56
75.7908 29
75.9433 6
76.0958 15
76.2483 1
