-32.943 1
-29.1139 1
-25.5074 1
-22.333 1
-22.0057 2
-21.6783 1
-19.7752 1
-19.1396 2
-18.504 1
-17.9827 1
-17.0596 1
-16.9644 2
-16.4401 2
-15.9462 1
-15.6066 2
-15.4218 2
-14.8974 1
-14.6996 2
-14.1537 1
-14.064 2
-13.8034 2
-13.2467 2
-13.2306 1
-13.1124 2
-12.7851 2
-12.611 2
-12.3397 1
-11.8889 2
-11.704 2
-11.6595 2
-11.1979 2
-11.0684 1
-10.8706 2
-10.5471 1
-10.3017 2
-9.97433 2
-9.8562 2
-9.62405 1
-9.52887 2
-9.28339 2
-9.16526 1
-8.83793 2
-8.5106 1
-8.4984 2
-8.17107 2
-7.94167 2
-7.48013 2
-7.37274 1
-7.21951 2
-7.04541 2
-6.71808 1
-6.58387 2
-6.44966 1
-6.35448 2
-6.12233 2
-6.02715 2
-5.795 1
-5.67687 2
-5.63231 2
-5.33621 1
-5.30498 2
-4.99668 2
-4.81496 1
-4.66935 2
-4.22389 2
-4.17933 2
-4.08967 2
-3.89188 1
-3.76234 2
-3.71779 2
-3.54369 1
-3.39046 2
-3.27233 2
-3.25624 2
-3.19341 2
-2.86609 2
-2.63669 2
-2.62061 1
-2.4389 2
-2.17515 2
-2.09936 1
-1.91453 2
-1.84782 2
-1.80326 2
-1.72969 1
-1.27889 2
-1.0811 2
-0.985911 1
-0.896259 2
-0.635636 2
-0.556725 2
-0.461541 2
-0.260623 2
-0.0628293 1
-7.10543e-15 4
0.0628293 1
0.260623 2
0.461541 2
0.556725 2
0.635636 2
0.896259 2
0.985911 1
1.0811 2
1.27889 2
1.72969 1
1.80326 2
1.84782 2
1.91453 2
2.09936 1
2.17515 2
2.4389 2
2.62061 1
2.63669 2
2.86609 2
3.19341 2
3.25624 2
3.27233 2
3.39046 2
3.54369 1
3.71779 2
3.76234 2
3.89188 1
4.08967 2
4.17933 2
4.22389 2
4.66935 2
4.81496 1
4.99668 2
5.30498 2
5.33621 1
5.63231 2
5.67687 2
5.795 1
6.02715 2
6.12233 2
6.35448 2
6.44966 1
6.58387 2
6.71808 1
7.04541 2
7.21951 2
7.37274 1
7.48013 2
7.94167 2
8.17107 2
8.4984 2
8.5106 1
8.83793 2
9.16526 1
9.28339 2
9.52887 2
9.62405 1
9.8562 2
9.97433 2
10.3017 2
10.5471 1
10.8706 2
11.0684 1
11.1979 2
11.6595 2
11.704 2
11.8889 2
12.3397 1
12.611 2
12.7851 2
13.1124 2
13.2306 1
13.2467 2
13.8034 2
14.064 2
14.1537 1
14.6996 2
14.8974 1
15.4218 2
15.6066 2
15.9462 1
16.4401 2
16.9644 2
17.0596 1
17.9827 1
18.504 1
19.1396 2
19.7752 1
21.6783 1
22.0057 2
22.333 1
25.5074 1
29.1139 1
32.943 1
