-71.1554 0
-71.0131 6
-70.8708 2
-70.7285 2
-70.5862 0
-70.4439 2
-70.3016 0
-70.1593 1
-70.017 10
-69.8746 6
-69.7323 20
-69.59 4
-69.4477 10
-69.3054 4
-69.1631 0
-69.0208 2
-68.8785 0
-68.7362 2
-68.5938 2
-68.4515 6
-68.3092 6
-68.1669 4
-68.0246 20
-67.8823 28
-67.74 22
-67.5977 10
-67.4554 8
-67.313 0
-67.1707 6
-67.0284 0
-66.8861 2
-66.7438 4
-66.6015 16
-66.4592 16
-66.3169 28
-66.1746 20
-66.0323 12
-65.8899 18
-65.7476 14
-65.6053 4
-65.463 10
-65.3207 4
-65.1784 10
-65.0361 6
-64.8938 28
-64.7515 4
-64.6091 62
-64.4668 26
-64.3245 50
-64.1822 12
-64.0399 12
-63.8976 24
-63.7553 4
-63.613 8
-63.4707 18
-63.3283 10
-63.186 33
-63.0437 20
-62.9014 38
-62.7591 42
-62.6168 66
-62.4745 84
-62.3322 38
-62.1899 54
-62.0475 16
-61.9052 24
-61.7629 18
-61.6206 24
-61.4783 9
-61.336 58
-61.1937 70
-61.0514 110
-60.9091 136
-60.7667 86
-60.6244 126
-60.4821 86
-60.3398 72
-60.1975 84
-60.0552 72
-59.9129 64
-59.7706 90
-59.6283 117
-59.486 150
-59.3436 184
-59.2013 312
-59.059 238
-58.9167 262
-58.7744 186
-58.6321 136
-58.4898 184
-58.3475 122
-58.2052 138
-58.0628 152
-57.9205 162
-57.7782 192
-57.6359 180
-57.4936 300
-57.3513 354
-57.209 278
-57.0667 358
-56.9244 304
-56.782 298
-56.6397 242
-56.4974 266
-56.3551 251
-56.2128 347
-56.0705 342
-55.9282 324
-55.7859 380
-55.6436 436
-55.5012 478
-55.3589 488
-55.2166 410
-55.0743 480
-54.932 403
-54.7897 368
-54.6474 433
-54.5051 447
-54.3628 437
-54.2204 656
-54.0781 640
-53.9358 874
-53.7935 686
-53.6512 710
-53.5089 608
-53.3666 736
-53.2243 523
-53.082 786
-52.9396 679
-52.7973 678
-52.655 754
-52.5127 890
-52.3704 812
-52.2281 1312
-52.0858 978
-51.9435 1361
-51.8012 1148
-51.6589 1124
-51.5165 1255
-51.3742 1298
-51.2319 1032
-51.0896 1385
-50.9473 1078
-50.805 1520
-50.6627 1601
-50.5204 1652
-50.3781 1898
-50.2357 1764
-50.0934 1797
-49.9511 1990
-49.8088 1828
-49.6665 1914
-49.5242 1794
-49.3819 2142
-49.2396 1739
-49.0973 2302
-48.9549 2111
-48.8126 2599
-48.6703 2536
-48.528 2396
-48.3857 2529
-48.2434 2770
-48.1011 2845
-47.9588 3210
-47.8165 2893
-47.6741 2990
-47.5318 2972
-47.3895 2780
-47.2472 3258
-47.1049 3849
-46.9626 3729
-46.8203 4144
-46.678 3869
-46.5357 3763
-46.3933 4021
-46.251 4093
-46.1087 4228
-45.9664 4897
-45.8241 3960
-45.6818 5003
-45.5395 4583
-45.3972 5378
-45.2549 5343
-45.1126 5272
-44.9702 5979
-44.8279 5811
-44.6856 6017
-44.5433 5748
-44.401 5974
-44.2587 6288
-44.1164 6530
-43.9741 6478
-43.8318 6952
-43.6894 7891
-43.5471 7175
-43.4048 8048
-43.2625 7796
-43.1202 8388
-42.9779 8361
-42.8356 8350
-42.6933 9036
-42.551 8881
-42.4086 9848
-42.2663 9443
-42.124 9974
-41.9817 10076
-41.8394 10844
-41.6971 11261
-41.5548 10677
-41.4125 12491
-41.2702 12159
-41.1278 11566
-40.9855 12638
-40.8432 12645
-40.7009 13679
-40.5586 13409
-40.4163 13574
-40.274 14409
-40.1317 15233
-39.9894 15003
-39.847 16115
-39.7047 16302
-39.5624 15756
-39.4201 17243
-39.2778 16730
-39.1355 17032
-38.9932 18775
-38.8509 17202
-38.7086 20255
-38.5663 18928
-38.4239 22335
-38.2816 19717
-38.1393 21687
-37.997 20829
-37.8547 22974
-37.7124 22200
-37.5701 22381
-37.4278 24421
-37.2855 25328
-37.1431 24198
-37.0008 25621
-36.8585 25440
-36.7162 29206
-36.5739 28210
-36.4316 28327
-36.2893 28844
-36.147 29714
-36.0047 29691
-35.8623 31943
-35.72 31147
-35.5777 32499
-35.4354 34916
-35.2931 32633
-35.1508 34411
-35.0085 36304
-34.8662 34512
-34.7239 39882
-34.5815 36944
-34.4392 41394
-34.2969 39887
-34.1546 41467
-34.0123 41327
-33.87 43821
-33.7277 42709
-33.5854 44560
-33.4431 44489
-33.3007 48111
-33.1584 50283
-33.0161 48168
-32.8738 50203
-32.7315 52943
-32.5892 50003
-32.4469 54337
-32.3046 53026
-32.1623 55788
-32.0199 56106
-31.8776 58489
-31.7353 58827
-31.593 61062
-31.4507 65389
-31.3084 61025
-31.1661 65614
-31.0238 65268
-30.8815 64760
-30.7392 68694
-30.5968 67367
-30.4545 74401
-30.3122 73168
-30.1699 73482
-30.0276 74668
-29.8853 76845
-29.743 75739
-29.6007 81994
-29.4584 80693
-29.316 84826
-29.1737 84524
-29.0314 86122
-28.8891 88095
-28.7468 89157
-28.6045 88812
-28.4622 95663
-28.3199 92901
-28.1776 96233
-28.0352 98113
-27.8929 99109
-27.7506 103268
-27.6083 101511
-27.466 106368
-27.3237 106351
-27.1814 114026
-27.0391 109174
-26.8968 114093
-26.7544 114598
-26.6121 112105
-26.4698 120058
-26.3275 122137
-26.1852 125045
-26.0429 127352
-25.9006 128681
-25.7583 129790
-25.616 130347
-25.4736 132977
-25.3313 134191
-25.189 141925
-25.0467 138949
-24.9044 145275
-24.7621 145685
-24.6198 145126
-24.4775 155740
-24.3352 147253
-24.1929 161036
-24.0505 156381
-23.9082 154496
-23.7659 167069
-23.6236 157244
-23.4813 174055
-23.339 167629
-23.1967 179164
-23.0544 172734
-22.9121 179525
-22.7697 176562
-22.6274 183370
-22.4851 189944
-22.3428 184928
-22.2005 196085
-22.0582 195828
-21.9159 198349
-21.7736 202714
-21.6313 198808
-21.4889 204033
-21.3466 206755
-21.2043 214925
-21.062 210456
-20.9197 223031
-20.7774 221350
-20.6351 224866
-20.4928 230431
-20.3505 222472
-20.2081 239404
-20.0658 232311
-19.9235 235822
-19.7812 251952
-19.6389 232686
-19.4966 255992
-19.3543 244967
-19.212 270722
-19.0697 254028
-18.9273 260682
-18.785 260149
-18.6427 271589
-18.5004 271761
-18.3581 266553
-18.2158 289706
-18.0735 277557
-17.9312 282186
-17.7889 295540
-17.6465 291042
-17.5042 300856
-17.3619 291763
-17.2196 306701
-17.0773 301047
-16.935 313457
-16.7927 311330
-16.6504 320454
-16.5081 325056
-16.3658 322002
-16.2234 327315
-16.0811 323916
-15.9388 331973
-15.7965 345010
-15.6542 336031
-15.5119 353139
-15.3696 338287
-15.2273 366849
-15.085 348330
-14.9426 356858
-14.8003 362176
-14.658 373903
-14.5157 370895
-14.3734 368795
-14.2311 379433
-14.0888 375336
-13.9465 384994
-13.8042 399055
-13.6618 387459
-13.5195 411612
-13.3772 388966
-13.2349 413757
-13.0926 389080
-12.9503 418239
-12.808 421291
-12.6657 397680
-12.5234 449377
-12.381 437124
-12.2387 427091
-12.0964 424123
-11.9541 439606
-11.8118 437883
-11.6695 445467
-11.5272 451183
-11.3849 433269
-11.2426 488616
-11.1002 454594
-10.9579 458806
-10.8156 466231
-10.6733 472254
-10.531 479900
-10.3887 473273
-10.2464 481194
-10.1041 481718
-9.96176 483988
-9.81945 499285
-9.67714 496949
-9.53483 511278
-9.39252 491883
-9.25021 517286
-9.1079 488153
-8.96559 521948
-8.82327 526178
-8.68096 497337
-8.53865 547976
-8.39634 517374
-8.25403 548412
-8.11172 518785
-7.96941 552409
-7.8271 527410
-7.68479 546326
-7.54248 557489
-7.40017 527895
-7.25786 575316
-7.11554 547487
-6.97323 595129
-6.83092 549177
-6.68861 565837
-6.5463 570474
-6.40399 562763
-6.26168 580980
-6.11937 571935
-5.97706 586996
-5.83475 595097
-5.69244 590663
-5.55012 589203
-5.40781 582261
-5.2655 609457
-5.12319 580940
-4.98088 621298
-4.83857 606527
-4.69626 590528
-4.55395 624951
-4.41164 592648
-4.26933 634793
-4.12702 599458
-3.9847 644261
-3.84239 607243
-3.70008 639677
-3.55777 621789
-3.41546 617593
-3.27315 637074
-3.13084 625746
-2.98853 674216
-2.84622 623446
-2.70391 656211
-2.5616 630725
-2.41929 628239
-2.27697 671442
-2.13466 637385
-1.99235 655945
-1.85004 654713
-1.70773 675865
-1.56542 646574
-1.42311 642799
-1.2808 667568
-1.13849 654870
-0.996176 679313
-0.853865 668925
-0.711554 655111
-0.569244 678834
-0.426933 636813
-0.284622 679321
-0.142311 651814
0 722030
0.142311 662279
0.284622 684444
0.426933 671714
0.569244 660729
0.711554 672585
0.853865 668398
0.996176 671853
1.13849 716976
1.2808 700471
1.42311 674760
1.56542 659904
1.70773 708552
1.85004 660911
1.99235 696890
2.13466 692993
2.27697 714798
2.41929 676396
2.5616 668405
2.70391 701537
2.84622 673682
2.98853 710640
3.13084 690519
3.27315 674354
3.41546 698897
3.55777 661721
3.70008 704381
3.84239 660264
3.9847 739205
4.12702 671573
4.26933 686464
4.41164 693527
4.55395 661411
4.69626 687637
4.83857 676730
4.98088 688939
5.12319 695574
5.2655 697127
5.40781 686224
5.55012 653111
5.69244 706113
5.83475 654083
5.97706 692420
6.11937 684750
6.26168 665497
6.40399 702769
6.5463 647062
6.68861 704436
6.83092 630437
6.97323 713991
7.11554 666202
7.25786 671948
7.40017 663806
7.54248 649024
7.68479 685246
7.8271 634935
7.96941 716671
8.11172 632823
8.25403 663466
8.39634 652486
8.53865 639481
8.68096 657054
8.82327 646459
8.96559 659019
9.1079 642145
9.25021 650810
9.39252 635508
9.53483 620147
9.67714 670906
9.81945 613780
9.96176 646510
10.1041 625602
10.2464 625771
10.3887 627553
10.531 610299
10.6733 648114
10.8156 587775
10.9579 650879
11.1002 598864
11.2426 621541
11.3849 606561
11.5272 592493
11.6695 615028
11.8118 591452
11.9541 640257
12.0964 554165
12.2387 592316
12.381 607145
12.5234 589802
12.6657 575493
12.808 578378
12.9503 590884
13.0926 559813
13.2349 579702
13.3772 560235
13.5195 556894
13.6618 583712
13.8042 556141
13.9465 560868
14.0888 547424
14.2311 549447
14.3734 529082
14.5157 537997
14.658 564191
14.8003 514083
14.9426 566406
15.085 517562
15.2273 527383
15.3696 516846
15.5119 507195
15.6542 515363
15.7965 519635
15.9388 547114
16.0811 484125
16.2234 499893
16.3658 503421
16.5081 478460
16.6504 516422
16.7927 488530
16.935 493889
17.0773 467374
17.2196 487001
17.3619 470913
17.5042 457241
17.6465 497311
17.7889 467308
17.9312 456331
18.0735 451124
18.2158 449131
18.3581 441436
18.5004 435973
18.6427 460635
18.785 424052
18.9273 458966
19.0697 420626
19.212 436228
19.3543 415662
19.4966 415358
19.6389 417027
19.7812 409165
19.9235 417074
20.0658 408286
20.2081 404021
20.3505 398547
20.4928 386826
20.6351 397386
20.7774 382366
20.9197 393136
21.062 370987
21.2043 388619
21.3466 371295
21.4889 355850
21.6313 380338
21.7736 345942
21.9159 383255
22.0582 344246
22.2005 348818
22.3428 339774
22.4851 339267
22.6274 358619
22.7697 318486
22.9121 348837
23.0544 315438
23.1967 338582
23.339 312568
23.4813 319462
23.6236 315757
23.7659 310667
23.9082 310913
24.0505 296822
24.1929 305723
24.3352 296391
24.4775 291389
24.6198 295431
24.7621 288937
24.9044 291931
25.0467 267973
25.189 281004
25.3313 275221
25.4736 268403
25.616 274455
25.7583 248274
25.9006 275778
26.0429 251322
26.1852 265742
26.3275 246151
26.4698 247581
26.6121 249620
26.7544 230382
26.8968 247924
27.0391 225745
27.1814 249590
27.3237 226641
27.466 231986
27.6083 217527
27.7506 219258
27.8929 220582
28.0352 204440
28.1776 219300
28.3199 210540
28.4622 207874
28.6045 208099
28.7468 196523
28.8891 205402
29.0314 188949
29.1737 191780
29.316 193635
29.4584 187628
29.6007 187261
29.743 175901
29.8853 186180
30.0276 177346
30.1699 175315
30.3122 175059
30.4545 167583
30.5968 172204
30.7392 161138
30.8815 166452
31.0238 155190
31.1661 157701
31.3084 160702
31.4507 161363
31.593 146496
31.7353 145581
31.8776 147445
32.0199 137050
32.1623 146970
32.3046 139809
32.4469 140447
32.5892 138398
32.7315 129581
32.8738 135816
33.0161 122186
33.1584 128893
33.3007 123748
33.4431 122350
33.5854 124499
33.7277 113126
33.87 121773
34.0123 111072
34.1546 118303
34.2969 110733
34.4392 108373
34.5815 104941
34.7239 105498
34.8662 106684
35.0085 99493
35.1508 101585
35.2931 97165
35.4354 95977
35.5777 96837
35.72 90265
35.8623 94573
36.0047 86664
36.147 90476
36.2893 84248
36.4316 81773
36.5739 88162
36.7162 81378
36.8585 81548
37.0008 73260
37.1431 79383
37.2855 73378
37.4278 73545
37.5701 76094
37.7124 68171
37.8547 72917
37.997 64314
38.1393 70491
38.2816 63122
38.4239 67875
38.5663 61826
38.7086 62504
38.8509 60816
38.9932 56650
39.1355 59768
39.2778 55924
39.4201 56299
39.5624 56020
39.7047 51677
39.847 54288
39.9894 49405
40.1317 52492
40.274 48776
40.4163 46621
40.5586 48060
40.7009 45207
40.8432 46815
40.9855 43527
41.1278 44565
41.2702 43012
41.4125 40867
41.5548 40862
41.6971 37539
41.8394 40494
41.9817 37404
42.124 39697
42.2663 35519
42.4086 37688
42.551 32811
42.6933 34361
42.8356 32980
42.9779 33090
43.1202 32583
43.2625 29772
43.4048 30531
43.5471 30387
43.6894 30003
43.8318 31931
43.9741 26483
44.1164 27757
44.2587 25877
44.401 26376
44.5433 26578
44.6856 25126
44.8279 26921
44.9702 23291
45.1126 23509
45.2549 23583
45.3972 22074
45.5395 22267
45.6818 21078
45.8241 21095
45.9664 20474
46.1087 22030
46.251 19503
46.3933 19075
46.5357 19340
46.678 17859
46.8203 18495
46.9626 16893
47.1049 18470
47.2472 16775
47.3895 16801
47.5318 16274
47.6741 14504
47.8165 16523
47.9588 15299
48.1011 14755
48.2434 14683
48.3857 13512
48.528 13173
48.6703 12697
48.8126 13173
48.9549 12359
49.0973 12478
49.2396 12051
49.3819 12153
49.5242 10804
49.6665 11492
49.8088 10522
49.9511 10628
50.0934 9657
50.2357 9610
50.3781 10230
50.5204 9201
50.6627 8752
50.805 9176
50.9473 7651
51.0896 8608
51.2319 7593
51.3742 7763
51.5165 7704
51.6589 7143
51.8012 7544
51.9435 6088
52.0858 6646
52.2281 6469
52.3704 6353
52.5127 6228
52.655 5620
52.7973 5524
52.9396 5109
53.082 5440
53.2243 5181
53.3666 5288
53.5089 4579
53.6512 4543
53.7935 3903
53.9358 4666
54.0781 4239
54.2204 4187
54.3628 3872
54.5051 3649
54.6474 3279
54.7897 3888
54.932 3244
55.0743 3491
55.2166 3157
55.3589 3233
55.5012 2859
55.6436 2754
55.7859 2699
55.9282 2829
56.0705 2624
56.2128 2520
56.3551 2101
56.4974 2296
56.6397 2144
56.782 2531
56.9244 1737
57.0667 2243
57.209 1863
57.3513 2145
57.4936 1817
57.6359 1694
57.7782 1732
57.9205 1818
58.0628 1705
58.2052 1398
58.3475 1540
58.4898 1744
58.6321 1354
58.7744 1597
58.9167 1073
59.059 1293
59.2013 1367
59.3436 1398
59.486 1229
59.6283 1222
59.7706 1076
59.9129 1101
60.0552 1034
60.1975 1082
60.3398 988
60.4821 1072
60.6244 977
60.7667 983
60.9091 809
61.0514 980
61.1937 875
61.336 894
61.4783 688
61.6206 706
61.7629 842
61.9052 922
62.0475 772
62.1899 678
62.3322 665
62.4745 623
62.6168 608
62.7591 759
62.9014 614
63.0437 596
63.186 634
63.3283 606
63.4707 612
63.613 560
63.7553 574
63.8976 505
64.0399 452
64.1822 493
64.3245 475
64.4668 544
64.6091 538
64.7515 484
64.8938 468
65.0361 422
65.1784 392
65.3207 468
65.463 404
65.6053 326
65.7476 390
65.8899 384
66.0323 408
66.1746 410
66.3169 322
66.4592 346
66.6015 322
66.7438 336
66.8861 318
67.0284 226
67.1707 318
67.313 322
67.4554 248
67.5977 202
67.74 188
67.8823 242
68.0246 248
68.1669 136
68.3092 170
68.4515 152
68.5938 176
68.7362 164
68.8785 124
69.0208 110
69.1631 162
69.3054 124
69.4477 117
69.59 50
69.7323 98
69.8746 98
70.017 84
70.1593 21
70.3016 26
70.4439 50
70.5862 38
70.7285 4
70.8708 6
71.0131 11
71.1554 1
