-32.6624
-31.5049
-31.4094
-31.227
-31.0162
-29.8145
-29.7371
-29.7311
-29.6579
-29.5187
-29.4347
-29.2575
-29.2377
-28.9653
-27.5822
-27.5532
-27.5197
-27.4502
-26.0189
-25.9491
-25.8747
-25.8056
-25.7963
-24.6993
-24.5535
-24.494
-24.4918
-24.4549
-24.4232
-24.3852
-24.3797
-24.3263
-24.2728
-24.2679
-24.2357
-24.1958
-24.1731
-24.17
-24.1091
-24.1018
-24.054
-24.0233
-23.9659
-23.5686
-23.5413
-23.2944
-23.2359
-23.1296
-23.0936
-23.0079
-22.9485
-22.8542
-22.7551
-22.7055
-22.636
-22.5804
-22.4606
-22.4341
-22.3816
-22.3535
-22.3488
-22.307
-22.2785
-22.24
-22.2062
-22.1064
-22.1033
-22.0699
-22.0593
-21.9808
-21.9237
-21.8096
-21.7718
-21.7192
-21.6984
-21.6533
-21.6348
-21.6101
-21.3907
-21.3335
-21.2753
-21.1814
-21.1595
-21.0717
-21.028
-21.0053
-20.9517
-20.8756
-20.8577
-20.8415
-20.8277
-20.8187
-20.7939
-20.7146
-20.7023
-20.6935
-20.6839
-20.6658
-20.6335
-20.623
-20.6019
-20.5638
-20.5386
-20.5239
-20.4551
-20.4533
-20.4321
-20.4247
-20.406
-20.3869
-20.3633
-20.3434
-20.3235
-20.2334
-20.2097
-20.0978
-20.0825
-20.0547
-20.0307
-19.8315
-19.6495
-19.6189
-19.6142
-19.526
-19.4938
-19.4851
-19.4483
-19.4088
-19.3679
-19.3282
-19.289
-19.2469
-19.2188
-19.2074
-19.1744
-19.1354
-19.126
-19.1059
-19.0389
-19.0314
-19.0032
-18.9831
-18.9735
-18.9599
-18.9323
-18.9119
-18.8787
-18.8603
-18.8489
-18.8354
-18.8327
-18.8016
-18.789
-18.7762
-18.7474
-18.7272
-18.6829
-18.6537
-18.6295
-18.602
-18.5794
-18.5479
-18.5068
-18.4603
-18.4094
-18.3786
-18.3414
-18.2875
-18.2036
-18.1657
-18.1231
-18.0835
-17.9963
-17.9568
-17.9221
-17.8781
-17.8511
-17.7944
-17.7846
-17.7536
-17.7484
-17.7268
-17.6648
-17.6621
-17.6192
-17.6134
-17.5743
-17.5171
-17.4551
-17.4223
-17.3886
-17.3812
-17.3656
-17.3371
-17.2914
-17.2609
-17.237
-17.2078
-17.2036
-17.1972
-17.1721
-17.1493
-17.1469
-17.1344
-17.1191
-17.1019
-17.0715
-17.0476
-17.0058
-16.9671
-16.8807
-16.8726
-16.8258
-16.8023
-16.7877
-16.7565
-16.7219
-16.7103
-16.6953
-16.6758
-16.6521
-16.6482
-16.6421
-16.621
-16.6157
-16.5959
-16.5787
-16.5638
-16.5486
-16.5376
-16.508
-16.4824
-16.4467
-16.4192
-16.4081
-16.3798
-16.3748
-16.3592
-16.3501
-16.3406
-16.3001
-16.2961
-16.2625
-16.2231
-16.2201
-16.207
-16.1848
-16.1734
-16.1464
-16.1317
-16.0948
-16.0651
-15.9944
-15.9869
-15.9639
-15.8743
-15.8615
-15.8408
-15.831
-15.8174
-15.773
-15.7395
-15.7332
-15.6845
-15.6788
-15.6565
-15.6219
-15.5975
-15.5853
-15.5671
-15.5536
-15.5438
-15.5269
-15.5063
-15.4988
-15.4929
-15.4857
-15.4749
-15.4669
-15.4469
-15.4319
-15.4259
-15.4233
-15.3988
-15.3888
-15.3659
-15.3501
-15.334
-15.3232
-15.3075
-15.2797
-15.2772
-15.255
-15.2431
-15.2356
-15.2163
-15.1894
-15.1734
-15.171
-15.1636
-15.1465
-15.1424
-15.134
-15.1155
-15.109
-15.0785
-15.0783
-15.0656
-15.055
-15.0367
-15.0205
-15.0099
-15.0011
-14.9898
-14.9799
-14.9696
-14.9365
-14.9322
-14.9082
-14.8902
-14.8781
-14.8693
-14.8607
-14.8558
-14.8324
-14.8
-14.7945
-14.786
-14.7723
-14.7553
-14.7439
-14.7159
-14.7124
-14.6993
-14.6734
-14.6644
-14.6574
-14.6463
-14.642
-14.6196
-14.6169
-14.5977
-14.5898
-14.5429
-14.4985
-14.4826
-14.4678
-14.4086
-14.4051
-14.3892
-14.3613
-14.3445
-14.3364
-14.3041
-14.2974
-14.2836
-14.2626
-14.2385
-14.2318
-14.2217
-14.1996
-14.1714
-14.1613
-14.1482
-14.1195
-14.0774
-14.0546
-14.0191
-13.9857
-13.9722
-13.9467
-13.927
-13.918
-13.905
-13.9003
-13.8784
-13.8671
-13.8611
-13.848
-13.8417
-13.8295
-13.805
-13.7892
-13.7761
-13.7576
-13.7469
-13.7423
-13.7334
-13.723
-13.7198
-13.7105
-13.7078
-13.7
-13.6972
-13.695
-13.665
-13.6518
-13.6466
-13.6397
-13.6287
-13.6158
-13.6112
-13.5917
-13.5825
-13.5814
-13.5765
-13.5688
-13.5413
-13.5266
-13.5251
-13.5122
-13.5023
-13.4929
-13.4918
-13.4597
-13.4462
-13.4398
-13.419
-13.3942
-13.3794
-13.3701
-13.3408
-13.3222
-13.3202
-13.3042
-13.2996
-13.2829
-13.2632
-13.2422
-13.2197
-13.2122
-13.1946
-13.1888
-13.1777
-13.1628
-13.1576
-13.1528
-13.1278
-13.0958
-13.0784
-13.0559
-13.0519
-13.04
-13.0316
-13.0239
-13.0205
-13.0091
-13.0004
-12.9945
-12.9926
-12.9721
-12.9317
-12.9273
-12.9131
-12.9024
-12.8925
-12.8622
-12.8498
-12.8465
-12.832
-12.8016
-12.7971
-12.7813
-12.773
-12.7664
-12.7535
-12.7299
-12.7131
-12.6986
-12.6944
-12.6823
-12.6751
-12.669
-12.6345
-12.6272
-12.6214
-12.6139
-12.5983
-12.5971
-12.5958
-12.5771
-12.5686
-12.5581
-12.5447
-12.5366
-12.5252
-12.5118
-12.5013
-12.4888
-12.4833
-12.476
-12.4656
-12.4522
-12.4466
-12.4244
-12.4059
-12.4003
-12.3963
-12.3898
-12.3832
-12.3725
-12.3674
-12.3616
-12.3486
-12.3292
-12.326
-12.3161
-12.2999
-12.2765
-12.2729
-12.2624
-12.2551
-12.2373
-12.2268
-12.2111
-12.2039
-12.1948
-12.1861
-12.1816
-12.1692
-12.1641
-12.1498
-12.1422
-12.1268
-12.1211
-12.1142
-12.0989
-12.0939
-12.092
-12.0734
-12.0712
-12.0623
-12.0576
-12.0487
-12.0356
-12.0338
-12.0235
-12.0211
-11.9851
-11.9834
-11.9791
-11.9602
-11.9454
-11.9362
-11.9335
-11.9105
-11.906
-11.902
-11.8951
-11.8827
-11.8569
-11.8462
-11.824
-11.8178
-11.8139
-11.7993
-11.7928
-11.7788
-11.7567
-11.748
-11.7445
-11.7372
-11.7284
-11.7153
-11.7029
-11.6987
-11.6752
-11.6455
-11.6066
-11.5895
-11.5785
-11.5681
-11.5416
-11.5303
-11.5143
-11.5063
-11.4909
-11.4792
-11.4693
-11.4592
-11.4546
-11.4402
-11.432
-11.4189
-11.4062
-11.4053
-11.3732
-11.3614
-11.3494
-11.3481
-11.3103
-11.3043
-11.2941
-11.2821
-11.2727
-11.2715
-11.2598
-11.2464
-11.2384
-11.2256
-11.2151
-11.2102
-11.1989
-11.1893
-11.1864
-11.1752
-11.172
-11.164
-11.1607
-11.1566
-11.1515
-11.1417
-11.1336
-11.1211
-11.107
-11.0999
-11.0857
-11.0776
-11.0661
-11.0542
-11.0465
-11.0352
-11.0294
-11.0266
-11.0116
-11.0088
-10.998
-10.9958
-10.9921
-10.9788
-10.9716
-10.9593
-10.9559
-10.9473
-10.9427
-10.9366
-10.9317
-10.9289
-10.9163
-10.9047
-10.9034
-10.8962
-10.8836
-10.8782
-10.8731
-10.8598
-10.8447
-10.8366
-10.8305
-10.8158
-10.8135
-10.8036
-10.7902
-10.7773
-10.7619
-10.7588
-10.731
-10.7267
-10.7199
-10.7099
-10.7097
-10.7003
-10.6858
-10.6782
-10.6752
-10.6666
-10.6511
-10.6294
-10.6216
-10.6146
-10.6011
-10.5817
-10.5791
-10.575
-10.5585
-10.549
-10.5349
-10.5328
-10.5213
-10.5116
-10.506
-10.4902
-10.4858
-10.4709
-10.4526
-10.4351
-10.4313
-10.4166
-10.3942
-10.3831
-10.3785
-10.3617
-10.3589
-10.3468
-10.3442
-10.3178
-10.3169
-10.3102
-10.3066
-10.301
-10.292
-10.2826
-10.2736
-10.2681
-10.2538
-10.2528
-10.2377
-10.2338
-10.2199
-10.2177
-10.2042
-10.1934
-10.1909
-10.1754
-10.1713
-10.1619
-10.1411
-10.1352
-10.1271
-10.1211
-10.1187
-10.1065
-10.0887
-10.0848
-10.0799
-10.0693
-10.0477
-10.0426
-10.0339
-10.0299
-10.0177
-10.0084
-10.0029
-9.97603
-9.96567
-9.95838
-9.94872
-9.91853
-9.9083
-9.89722
-9.8839
-9.87562
-9.87084
-9.85993
-9.84588
-9.83495
-9.83247
-9.82113
-9.81558
-9.81139
-9.80876
-9.80478
-9.79128
-9.78542
-9.76945
-9.76077
-9.75343
-9.74788
-9.73966
-9.73096
-9.72445
-9.71891
-9.71074
-9.69962
-9.69807
-9.69548
-9.66942
-9.66774
-9.66243
-9.66109
-9.65615
-9.64832
-9.6429
-9.63397
-9.63161
-9.62125
-9.6128
-9.60798
-9.59138
-9.5805
-9.56563
-9.56118
-9.55747
-9.54991
-9.54363
-9.53197
-9.52607
-9.51026
-9.50284
-9.5009
-9.48288
-9.47447
-9.45871
-9.45127
-9.44658
-9.43899
-9.41458
-9.40661
-9.3994
-9.39099
-9.36869
-9.3604
-9.35069
-9.34574
-9.34194
-9.33181
-9.32549
-9.31999
-9.29627
-9.29329
-9.27512
-9.27018
-9.25869
-9.25165
-9.24459
-9.2332
-9.22664
-9.22148
-9.21831
-9.21213
-9.20068
-9.19983
-9.19283
-9.18493
-9.18084
-9.17327
-9.16751
-9.16154
-9.14652
-9.13677
-9.12634
-9.12571
-9.11217
-9.09724
-9.08162
-9.07006
-9.05324
-9.04574
-9.0381
-9.02858
-9.01883
-9.00675
-9.00078
-8.98655
-8.97116
-8.96026
-8.94911
-8.94851
-8.93442
-8.93126
-8.9274
-8.89648
-8.88213
-8.87735
-8.86613
-8.85721
-8.84092
-8.83726
-8.82242
-8.78538
-8.77657
-8.76315
-8.74504
-8.73663
-8.7285
-8.71735
-8.71314
-8.70837
-8.69104
-8.68336
-8.66247
-8.64903
-8.64736
-8.63426
-8.6283
-8.62541
-8.61937
-8.6043
-8.59859
-8.59265
-8.58361
-8.56891
-8.56104
-8.55644
-8.55117
-8.54792
-8.53798
-8.51701
-8.51204
-8.50325
-8.49796
-8.48648
-8.48223
-8.47614
-8.47021
-8.46292
-8.45882
-8.43835
-8.4356
-8.43096
-8.42125
-8.4203
-8.41441
-8.40902
-8.40168
-8.39498
-8.39122
-8.37903
-8.37292
-8.35519
-8.35197
-8.34448
-8.3403
-8.33603
-8.33131
-8.31914
-8.31776
-8.31452
-8.30962
-8.30277
-8.29125
-8.28569
-8.27981
-8.2666
-8.25796
-8.24851
-8.2414
-8.23991
-8.22186
-8.21846
-8.21455
-8.20724
-8.18807
-8.18235
-8.18012
-8.17231
-8.16407
-8.16003
-8.15121
-8.14657
-8.13923
-8.13657
-8.11758
-8.10853
-8.10446
-8.10308
-8.09926
-8.08903
-8.08167
-8.07743
-8.07321
-8.05954
-8.05118
-8.04143
-8.03764
-8.02815
-8.01986
-7.99731
-7.9962
-7.98452
-7.97683
-7.96946
-7.96361
-7.95066
-7.93393
-7.93173
-7.92401
-7.92095
-7.9142
-7.89994
-7.89872
-7.89087
-7.87438
-7.87173
-7.86048
-7.85721
-7.84981
-7.8447
-7.83606
-7.82796
-7.82358
-7.81816
-7.8073
-7.7961
-7.78899
-7.77998
-7.76921
-7.75939
-7.75559
-7.73988
-7.73526
-7.72325
-7.71897
-7.71241
-7.69928
-7.69607
-7.69054
-7.68671
-7.67898
-7.67238
-7.66823
-7.65295
-7.64752
-7.64219
-7.6299
-7.62204
-7.6071
-7.59935
-7.5961
-7.58604
-7.58136
-7.57738
-7.57392
-7.5692
-7.55665
-7.54728
-7.54242
-7.53726
-7.53505
-7.52239
-7.51865
-7.51654
-7.50435
-7.50253
-7.49695
-7.48349
-7.48031
-7.47346
-7.4559
-7.4468
-7.44397
-7.43079
-7.41569
-7.41153
-7.40749
-7.40377
-7.38529
-7.37834
-7.3678
-7.36393
-7.34838
-7.34507
-7.33238
-7.32478
-7.32391
-7.3123
-7.30985
-7.29976
-7.29891
-7.2901
-7.27803
-7.26833
-7.25272
-7.24815
-7.24379
-7.23829
-7.21879
-7.21697
-7.21171
-7.20201
-7.19656
-7.19416
-7.19006
-7.17167
-7.16388
-7.15259
-7.14643
-7.1438
-7.13256
-7.13125
-7.12848
-7.12143
-7.11027
-7.103
-7.09519
-7.08821
-7.08285
-7.07414
-7.06909
-7.06391
-7.05868
-7.05412
-7.04393
-7.03948
-7.03497
-7.02859
-7.01201
-7.008
-7.00321
-7.00043
-6.99896
-6.99362
-6.98876
-6.98793
-6.97845
-6.97393
-6.96665
-6.95638
-6.94617
-6.94235
-6.93628
-6.93494
-6.93005
-6.92559
-6.92196
-6.91784
-6.91274
-6.90859
-6.90817
-6.90184
-6.89927
-6.89796
-6.89626
-6.88874
-6.88109
-6.87464
-6.86997
-6.86742
-6.85648
-6.85388
-6.84573
-6.83697
-6.8321
-6.82569
-6.82309
-6.81482
-6.80821
-6.80483
-6.79787
-6.79466
-6.78853
-6.78739
-6.77848
-6.777
-6.77241
-6.76426
-6.7544
-6.74655
-6.7396
-6.73191
-6.73067
-6.72858
-6.72259
-6.71679
-6.70967
-6.70257
-6.70176
-6.69345
-6.67829
-6.67712
-6.67083
-6.66592
-6.66193
-6.64984
-6.64403
-6.6308
-6.62781
-6.6253
-6.61959
-6.60405
-6.5976
-6.59017
-6.58323
-6.58055
-6.57307
-6.56075
-6.55363
-6.54952
-6.54647
-6.54493
-6.53663
-6.52921
-6.51839
-6.51238
-6.50601
-6.50332
-6.49601
-6.49089
-6.48382
-6.46099
-6.45857
-6.45514
-6.451
-6.44828
-6.43357
-6.43122
-6.41176
-6.40349
-6.39706
-6.39285
-6.38683
-6.37682
-6.37234
-6.35886
-6.35288
-6.34561
-6.33748
-6.33441
-6.32834
-6.31953
-6.30429
-6.29498
-6.28447
-6.27809
-6.27341
-6.27076
-6.25502
-6.25237
-6.24219
-6.23505
-6.22809
-6.21906
-6.21004
-6.20097
-6.18652
-6.1781
-6.16905
-6.16437
-6.14855
-6.1445
-6.14123
-6.12714
-6.1216
-6.10907
-6.09993
-6.09383
-6.08545
-6.08413
-6.07603
-6.05811
-6.05082
-6.04237
-6.03837
-6.02715
-6.01836
-6.00985
-6.00732
-6.00078
-5.99186
-5.98065
-5.97808
-5.96762
-5.96177
-5.94899
-5.94488
-5.9341
-5.93068
-5.92554
-5.91828
-5.90983
-5.90777
-5.89841
-5.89251
-5.88667
-5.87833
-5.8716
-5.86598
-5.85692
-5.85416
-5.84109
-5.83919
-5.83332
-5.8234
-5.8204
-5.80795
-5.80574
-5.79959
-5.78997
-5.7815
-5.77777
-5.77274
-5.76689
-5.76594
-5.75329
-5.74908
-5.73302
-5.72562
-5.71815
-5.70789
-5.70647
-5.70079
-5.69598
-5.68523
-5.67473
-5.67247
-5.66176
-5.65832
-5.65509
-5.64364
-5.64104
-5.62818
-5.62675
-5.62002
-5.61337
-5.6029
-5.59885
-5.59556
-5.59155
-5.58639
-5.58203
-5.57052
-5.56077
-5.55747
-5.54947
-5.54172
-5.53365
-5.52834
-5.52511
-5.5214
-5.50876
-5.50433
-5.49596
-5.49487
-5.48825
-5.48658
-5.48083
-5.47236
-5.46586
-5.45956
-5.45807
-5.44772
-5.44529
-5.4429
-5.44185
-5.43625
-5.42963
-5.42387
-5.41561
-5.40388
-5.39937
-5.39556
-5.38254
-5.38131
-5.37639
-5.36545
-5.35787
-5.35299
-5.34856
-5.33963
-5.33733
-5.33089
-5.32565
-5.31839
-5.31486
-5.31089
-5.3072
-5.29827
-5.28929
-5.28581
-5.278
-5.27706
-5.27314
-5.26266
-5.25807
-5.25085
-5.24661
-5.24161
-5.23974
-5.23037
-5.22481
-5.21396
-5.20988
-5.20075
-5.19876
-5.18951
-5.17944
-5.17185
-5.16502
-5.16254
-5.16072
-5.15689
-5.15269
-5.14561
-5.13231
-5.12434
-5.11337
-5.10834
-5.10445
-5.09761
-5.09432
-5.08193
-5.07554
-5.06403
-5.05807
-5.05251
-5.04571
-5.04072
-5.03258
-5.02245
-5.0111
-5.00534
-4.98746
-4.98189
-4.97924
-4.96857
-4.95565
-4.93668
-4.92137
-4.92005
-4.91379
-4.89515
-4.88362
-4.87989
-4.86758
-4.85412
-4.85192
-4.84232
-4.83887
-4.82914
-4.8178
-4.81529
-4.80431
-4.7922
-4.78425
-4.78036
-4.76972
-4.75649
-4.74855
-4.74807
-4.74143
-4.73337
-4.72419
-4.71729
-4.70466
-4.70178
-4.69276
-4.68766
-4.67785
-4.66921
-4.66593
-4.6606
-4.6578
-4.65326
-4.64835
-4.63601
-4.6309
-4.62819
-4.62579
-4.61413
-4.61207
-4.61074
-4.60463
-4.59218
-4.58512
-4.57919
-4.57748
-4.57466
-4.56675
-4.56452
-4.5524
-4.54708
-4.54178
-4.53873
-4.53191
-4.51925
-4.50902
-4.50493
-4.49603
-4.4942
-4.48789
-4.4863
-4.47756
-4.47385
-4.47082
-4.46346
-4.46235
-4.45895
-4.45491
-4.45161
-4.43729
-4.43578
-4.42571
-4.41233
-4.4058
-4.40425
-4.39699
-4.39325
-4.39065
-4.38423
-4.37868
-4.37531
-4.37039
-4.36917
-4.36618
-4.36153
-4.35508
-4.35072
-4.34481
-4.33807
-4.33538
-4.33194
-4.32739
-4.32329
-4.31498
-4.31066
-4.30931
-4.30258
-4.29184
-4.28604
-4.27966
-4.27551
-4.27117
-4.26763
-4.25938
-4.25803
-4.25114
-4.24561
-4.24265
-4.23286
-4.22933
-4.22437
-4.22224
-4.21685
-4.20823
-4.20226
-4.19853
-4.18983
-4.18563
-4.18265
-4.17824
-4.17043
-4.16721
-4.16181
-4.16102
-4.15832
-4.15086
-4.14716
-4.14401
-4.13587
-4.13502
-4.12531
-4.12089
-4.1199
-4.11167
-4.10443
-4.10249
-4.09836
-4.09304
-4.08987
-4.08596
-4.08207
-4.07397
-4.06525
-4.06215
-4.05755
-4.05217
-4.04995
-4.04631
-4.03763
-4.03615
-4.02739
-4.02476
-4.01377
-4.00948
-4.00583
-3.99924
-3.99311
-3.99161
-3.98818
-3.98059
-3.97504
-3.9713
-3.96759
-3.95952
-3.95763
-3.95113
-3.94716
-3.94402
-3.94081
-3.93938
-3.92608
-3.9221
-3.91201
-3.90411
-3.89962
-3.89791
-3.88789
-3.88653
-3.87485
-3.87404
-3.87101
-3.86321
-3.8612
-3.85298
-3.85015
-3.84745
-3.84252
-3.83471
-3.83135
-3.82793
-3.82343
-3.82
-3.80884
-3.80634
-3.80087
-3.79254
-3.79148
-3.78811
-3.77948
-3.77056
-3.76725
-3.76242
-3.76194
-3.75234
-3.74568
-3.73152
-3.72967
-3.7269
-3.72403
-3.72045
-3.71464
-3.7135
-3.70578
-3.70125
-3.6934
-3.68454
-3.68208
-3.67696
-3.67425
-3.66944
-3.664
-3.66074
-3.65544
-3.64272
-3.6404
-3.63441
-3.63229
-3.62595
-3.61702
-3.61637
-3.61164
-3.60491
-3.59186
-3.58467
-3.58251
-3.58052
-3.57301
-3.566
-3.56039
-3.54612
-3.53812
-3.53131
-3.52584
-3.51951
-3.51455
-3.50602
-3.49653
-3.495
-3.48478
-3.47322
-3.46875
-3.46461
-3.46052
-3.45701
-3.45121
-3.45027
-3.4399
-3.43318
-3.42749
-3.42002
-3.41559
-3.40786
-3.40502
-3.39962
-3.39269
-3.38855
-3.38091
-3.37661
-3.36655
-3.35809
-3.35293
-3.34276
-3.3397
-3.33699
-3.33332
-3.32125
-3.3197
-3.31042
-3.30563
-3.29787
-3.29591
-3.28984
-3.28487
-3.2778
-3.26927
-3.26649
-3.26384
-3.25635
-3.24945
-3.23926
-3.2368
-3.23327
-3.22512
-3.22218
-3.21703
-3.20969
-3.20611
-3.20234
-3.20055
-3.19315
-3.18561
-3.18449
-3.17962
-3.17687
-3.17614
-3.17125
-3.16689
-3.16289
-3.15173
-3.14467
-3.14142
-3.12318
-3.12146
-3.11977
-3.11531
-3.11383
-3.11137
-3.1063
-3.10361
-3.09975
-3.09401
-3.08969
-3.08165
-3.07643
-3.07167
-3.06483
-3.06303
-3.05989
-3.05243
-3.04893
-3.04407
-3.04205
-3.02988
-3.02563
-3.02281
-3.01775
-3.01756
-3.00131
-2.99855
-2.99125
-2.98377
-2.97991
-2.97194
-2.96432
-2.9567
-2.95079
-2.9449
-2.94334
-2.93171
-2.92402
-2.91989
-2.91489
-2.91014
-2.90708
-2.90328
-2.89496
-2.89237
-2.88874
-2.87761
-2.87206
-2.86329
-2.85907
-2.85753
-2.85129
-2.8493
-2.8409
-2.83375
-2.82948
-2.82341
-2.82153
-2.81249
-2.80846
-2.807
-2.7967
-2.78106
-2.7772
-2.77591
-2.77361
-2.76718
-2.75771
-2.75527
-2.7484
-2.74301
-2.73837
-2.73516
-2.7249
-2.7093
-2.70061
-2.69454
-2.68971
-2.68456
-2.67817
-2.67589
-2.66548
-2.65754
-2.64856
-2.63547
-2.63293
-2.62865
-2.62188
-2.60915
-2.60555
-2.6017
-2.59483
-2.58527
-2.5837
-2.57837
-2.55703
-2.55256
-2.54697
-2.54503
-2.54174
-2.53581
-2.52449
-2.51992
-2.51162
-2.49949
-2.49663
-2.49326
-2.49132
-2.48056
-2.47284
-2.46937
-2.45497
-2.4535
-2.44802
-2.43973
-2.43373
-2.42936
-2.42438
-2.42109
-2.41109
-2.40622
-2.40279
-2.40171
-2.39352
-2.38637
-2.38027
-2.37514
-2.36721
-2.36378
-2.35756
-2.35319
-2.34792
-2.33902
-2.33699
-2.32621
-2.31996
-2.31223
-2.30838
-2.30573
-2.30187
-2.29303
-2.28398
-2.2819
-2.27348
-2.26973
-2.25966
-2.25912
-2.25388
-2.2419
-2.23964
-2.2378
-2.23049
-2.22799
-2.22571
-2.21951
-2.20778
-2.20707
-2.20176
-2.19748
-2.19526
-2.19187
-2.17814
-2.17668
-2.17141
-2.16944
-2.16245
-2.15671
-2.15431
-2.14611
-2.14267
-2.13914
-2.13211
-2.12976
-2.12444
-2.11685
-2.11142
-2.10954
-2.10091
-2.09248
-2.09107
-2.08499
-2.08006
-2.0749
-2.07179
-2.06945
-2.05865
-2.05488
-2.05058
-2.04844
-2.037
-2.03099
-2.02361
-2.01751
-2.01466
-2.01125
-2.00548
-1.99671
-1.99102
-1.98531
-1.97701
-1.97411
-1.96403
-1.95854
-1.95061
-1.94729
-1.94052
-1.93894
-1.93058
-1.92477
-1.91776
-1.91408
-1.91029
-1.90111
-1.89947
-1.89166
-1.88499
-1.88233
-1.87747
-1.87144
-1.8686
-1.86308
-1.85429
-1.8517
-1.851
-1.84336
-1.83821
-1.83342
-1.829
-1.8249
-1.81714
-1.81155
-1.81071
-1.80625
-1.79991
-1.79659
-1.78914
-1.78491
-1.78345
-1.77609
-1.77283
-1.76481
-1.75858
-1.75638
-1.75281
-1.7427
-1.73804
-1.73452
-1.73083
-1.72604
-1.72239
-1.71589
-1.70962
-1.70478
-1.70064
-1.69487
-1.68539
-1.67946
-1.67571
-1.67041
-1.66226
-1.66061
-1.6577
-1.65391
-1.65175
-1.64044
-1.63618
-1.63105
-1.62632
-1.6257
-1.61728
-1.61486
-1.60847
-1.60486
-1.60122
-1.59439
-1.59287
-1.58118
-1.5766
-1.56955
-1.56657
-1.5645
-1.56014
-1.55496
-1.54784
-1.54746
-1.54293
-1.53923
-1.53683
-1.53062
-1.5271
-1.51951
-1.5193
-1.50961
-1.50528
-1.50024
-1.49261
-1.48846
-1.47728
-1.474
-1.46859
-1.46553
-1.46288
-1.46026
-1.45613
-1.44543
-1.44379
-1.44171
-1.43434
-1.43259
-1.42813
-1.42058
-1.41271
-1.40733
-1.40668
-1.40316
-1.40212
-1.39243
-1.38478
-1.37816
-1.37245
-1.37111
-1.36475
-1.36303
-1.35892
-1.35528
-1.34912
-1.34423
-1.33976
-1.33824
-1.33157
-1.32914
-1.31888
-1.31534
-1.30894
-1.30178
-1.29956
-1.29791
-1.29389
-1.28716
-1.27937
-1.27015
-1.26737
-1.26662
-1.26295
-1.25526
-1.25323
-1.24745
-1.24152
-1.2377
-1.23393
-1.23025
-1.22464
-1.22108
-1.21618
-1.21256
-1.21169
-1.20731
-1.20317
-1.19729
-1.19513
-1.19094
-1.18865
-1.18474
-1.17846
-1.16903
-1.16671
-1.16381
-1.15863
-1.15695
-1.15306
-1.14507
-1.13501
-1.1307
-1.12773
-1.12674
-1.11892
-1.11521
-1.10956
-1.10281
-1.0979
-1.09436
-1.08589
-1.08389
-1.07457
-1.06604
-1.05997
-1.05657
-1.05425
-1.05313
-1.04758
-1.03831
-1.03171
-1.0257
-1.02356
-1.01942
-1.01813
-1.01022
-1.0046
-0.998547
-0.994727
-0.994047
-0.987417
-0.9833
-0.975233
-0.971574
-0.963318
-0.960563
-0.955775
-0.951457
-0.946098
-0.941047
-0.936875
-0.932902
-0.921009
-0.916967
-0.913539
-0.90717
-0.90372
-0.899866
-0.889268
-0.885762
-0.882545
-0.877843
-0.877034
-0.866856
-0.857991
-0.854839
-0.85217
-0.837593
-0.837126
-0.82643
-0.821965
-0.812871
-0.80971
-0.808356
-0.80162
-0.793096
-0.79049
-0.782774
-0.77749
-0.771488
-0.769495
-0.761841
-0.758042
-0.75285
-0.750721
-0.746779
-0.742188
-0.734295
-0.726552
-0.723717
-0.719499
-0.714175
-0.706534
-0.702751
-0.699514
-0.688238
-0.684832
-0.681164
-0.671376
-0.669097
-0.666024
-0.659807
-0.651558
-0.647199
-0.641579
-0.635073
-0.629561
-0.628435
-0.623073
-0.619974
-0.610175
-0.604496
-0.602272
-0.595784
-0.589421
-0.579056
-0.569076
-0.563831
-0.558806
-0.551617
-0.544664
-0.542312
-0.541499
-0.535859
-0.526199
-0.525244
-0.514513
-0.513096
-0.505679
-0.502833
-0.501095
-0.48943
-0.487764
-0.478526
-0.466643
-0.462389
-0.459045
-0.456153
-0.45134
-0.445233
-0.443669
-0.437664
-0.433981
-0.429147
-0.423342
-0.420555
-0.419726
-0.415745
-0.406437
-0.401687
-0.398945
-0.396933
-0.391027
-0.388494
-0.380471
-0.378677
-0.369832
-0.366435
-0.360645
-0.354642
-0.351791
-0.345979
-0.34302
-0.334468
-0.331236
-0.326073
-0.323734
-0.317579
-0.313982
-0.31354
-0.302518
-0.294367
-0.292067
-0.289756
-0.284339
-0.279197
-0.271375
-0.270011
-0.261327
-0.257053
-0.252514
-0.248328
-0.245123
-0.241854
-0.234417
-0.231148
-0.226609
-0.221776
-0.216415
-0.213135
-0.206474
-0.204222
-0.201306
-0.195094
-0.191926
-0.187424
-0.18511
-0.181247
-0.175314
-0.172778
-0.167705
-0.166524
-0.163579
-0.160044
-0.157485
-0.152313
-0.147826
-0.146367
-0.13785
-0.131786
-0.129863
-0.121076
-0.118341
-0.114655
-0.110696
-0.106896
-0.102734
-0.0997324
-0.0923114
-0.0900059
-0.0871701
-0.0836908
-0.0775064
-0.0742306
-0.0713884
-0.0681238
-0.0605204
-0.0559417
-0.0502131
-0.0452904
-0.0420657
-0.0345361
-0.0316224
-0.0264105
-0.0244676
-0.0196422
-0.0142244
-0.00724273
-0.00490336
-0.000986295
0
0.00370573
0.00610371
0.0131037
0.0166527
0.0234712
0.0279612
0.0305681
0.035702
0.041763
0.0441975
0.0510096
0.0537858
0.0596629
0.0623246
0.0686022
0.0718823
0.076671
0.0805526
0.0827289
0.0884972
0.0907729
0.0939321
0.0983768
0.100161
0.107783
0.109112
0.112547
0.117545
0.12106
0.129553
0.13042
0.134818
0.141727
0.146961
0.153379
0.154265
0.159169
0.164655
0.168834
0.171111
0.181096
0.18358
0.185971
0.192274
0.196206
0.203157
0.206852
0.217265
0.229167
0.232947
0.236005
0.24136
0.24453
0.250509
0.253152
0.253616
0.265174
0.267298
0.275034
0.280061
0.283465
0.291332
0.295822
0.298719
0.30574
0.311434
0.313735
0.322555
0.324918
0.330038
0.331361
0.337448
0.338073
0.345666
0.351617
0.354092
0.358992
0.363226
0.369453
0.371962
0.377611
0.379808
0.385278
0.392041
0.399438
0.404294
0.41038
0.41261
0.420485
0.424568
0.431349
0.435418
0.439522
0.451711
0.459784
0.466398
0.46942
0.472389
0.479927
0.489472
0.49344
0.495416
0.498227
0.510233
0.511896
0.515361
0.527362
0.527844
0.533295
0.540255
0.546386
0.555545
0.562167
0.56551
0.5696
0.57256
0.574489
0.586015
0.588254
0.590514
0.595581
0.601041
0.605067
0.608988
0.621941
0.627162
0.634147
0.636748
0.643608
0.647441
0.650931
0.655282
0.664522
0.668726
0.671503
0.67593
0.682208
0.683855
0.693275
0.699502
0.703492
0.714587
0.715393
0.719863
0.727495
0.730612
0.73855
0.744431
0.747595
0.75228
0.757199
0.760256
0.761783
0.767575
0.772713
0.775523
0.783151
0.788533
0.794995
0.802114
0.80815
0.812184
0.816164
0.82056
0.826187
0.837984
0.843396
0.847821
0.857073
0.858224
0.865955
0.867654
0.879315
0.88777
0.888318
0.897793
0.901862
0.90563
0.916454
0.921951
0.927055
0.931405
0.936632
0.948194
0.948412
0.955767
0.966327
0.970882
0.972909
0.981212
0.983631
0.987475
0.990387
0.998851
1.00362
1.00539
1.01177
1.0133
1.02211
1.03209
1.03752
1.04014
1.04041
1.04372
1.04788
1.05385
1.06495
1.07119
1.07624
1.07897
1.08108
1.0893
1.09011
1.09757
1.10146
1.10432
1.11434
1.11767
1.12043
1.12598
1.13346
1.13846
1.14361
1.1468
1.15421
1.1642
1.16704
1.1716
1.17417
1.17726
1.18719
1.19135
1.1927
1.19857
1.20605
1.20973
1.21592
1.21616
1.22437
1.23188
1.23397
1.23837
1.25076
1.25323
1.25812
1.26197
1.26704
1.27126
1.27747
1.28219
1.2848
1.29139
1.29305
1.29709
1.30678
1.30928
1.3148
1.32315
1.32954
1.3321
1.33676
1.34324
1.34656
1.35033
1.35197
1.3544
1.35703
1.36155
1.36857
1.37118
1.37321
1.38189
1.3897
1.39506
1.3996
1.40757
1.40919
1.41446
1.42072
1.4222
1.42909
1.43361
1.43616
1.44001
1.44795
1.45009
1.45391
1.46129
1.4628
1.46529
1.46799
1.4712
1.48198
1.48804
1.49056
1.50039
1.50255
1.50989
1.51684
1.52109
1.52916
1.53114
1.54247
1.55019
1.55197
1.55821
1.56179
1.56626
1.56939
1.57573
1.58128
1.58539
1.59169
1.59548
1.60191
1.60328
1.60752
1.61329
1.61484
1.62166
1.62532
1.63112
1.63895
1.64179
1.64481
1.64999
1.65463
1.65822
1.66827
1.67059
1.67324
1.6798
1.68337
1.68712
1.69199
1.6986
1.70211
1.71116
1.716
1.71784
1.72191
1.72364
1.73216
1.73518
1.7447
1.74714
1.7561
1.76411
1.77333
1.77556
1.78231
1.79244
1.7955
1.80029
1.80993
1.81754
1.82424
1.82937
1.83009
1.83587
1.83943
1.84618
1.84759
1.85435
1.86212
1.86307
1.87175
1.87667
1.88071
1.8846
1.88941
1.89063
1.8978
1.90211
1.90802
1.91404
1.91561
1.92318
1.92694
1.932
1.93564
1.9391
1.94614
1.95084
1.95998
1.9616
1.963
1.96701
1.97263
1.98003
1.98521
1.99157
1.99251
1.99847
2.00415
2.0094
2.01942
2.02052
2.03324
2.03901
2.04163
2.04325
2.04675
2.05112
2.05497
2.06315
2.06686
2.07141
2.07862
2.08258
2.08768
2.09128
2.09482
2.09802
2.1034
2.10559
2.10844
2.11339
2.12198
2.12513
2.13587
2.14018
2.1467
2.14876
2.15601
2.16149
2.16349
2.17409
2.17737
2.17882
2.18558
2.19185
2.19839
2.20253
2.20868
2.2112
2.21326
2.2197
2.22529
2.22775
2.23203
2.23614
2.23981
2.24154
2.24656
2.25477
2.25843
2.26523
2.26582
2.27558
2.28251
2.29035
2.29315
2.29536
2.30019
2.30436
2.31302
2.3166
2.32121
2.32346
2.32636
2.3336
2.33897
2.34162
2.34652
2.35552
2.3565
2.35833
2.36255
2.36911
2.37288
2.37624
2.38101
2.38367
2.38561
2.38892
2.39901
2.40088
2.40769
2.41292
2.41481
2.42617
2.42927
2.43428
2.43795
2.44321
2.44739
2.45592
2.46088
2.46323
2.46899
2.47546
2.4766
2.48177
2.48703
2.4916
2.49587
2.49809
2.50559
2.50596
2.50975
2.51113
2.5163
2.5213
2.52369
2.53038
2.53332
2.53881
2.54723
2.5499
2.55565
2.56408
2.57281
2.57426
2.57592
2.58013
2.58623
2.58902
2.59448
2.60489
2.60669
2.61173
2.61389
2.62151
2.62469
2.62855
2.6338
2.64019
2.64787
2.65429
2.65653
2.65897
2.66252
2.66954
2.67585
2.67934
2.68564
2.69158
2.69308
2.69831
2.70064
2.70523
2.70899
2.71421
2.71739
2.72193
2.72371
2.73563
2.73822
2.74294
2.74816
2.75582
2.76207
2.76787
2.76904
2.77823
2.77962
2.78326
2.78621
2.78809
2.7965
2.80091
2.80228
2.8098
2.81479
2.82066
2.82305
2.82646
2.82782
2.83212
2.83686
2.84356
2.84758
2.8514
2.85665
2.86068
2.86581
2.8665
2.8725
2.87901
2.88179
2.88528
2.88954
2.89447
2.90034
2.90182
2.90335
2.90825
2.91044
2.91956
2.92273
2.92581
2.9305
2.9317
2.93209
2.94121
2.9427
2.94869
2.95147
2.95575
2.96742
2.96949
2.97676
2.97702
2.97884
2.98674
2.99655
3.002
3.00824
3.01271
3.01391
3.01556
3.02254
3.02496
3.02738
3.0346
3.04147
3.0471
3.05597
3.05942
3.06313
3.06649
3.07048
3.07527
3.08167
3.08434
3.0892
3.09547
3.09702
3.10486
3.11657
3.12224
3.12496
3.13256
3.13619
3.13921
3.14534
3.15156
3.15288
3.15644
3.16001
3.16827
3.17124
3.17535
3.18031
3.18677
3.19224
3.20106
3.20442
3.20744
3.21362
3.21616
3.22479
3.22709
3.23191
3.23592
3.24536
3.24733
3.25197
3.25978
3.26499
3.27161
3.27502
3.27661
3.28014
3.28629
3.28827
3.29372
3.29728
3.30147
3.30192
3.31144
3.31289
3.3163
3.32368
3.32631
3.32758
3.33763
3.34018
3.34343
3.34909
3.35055
3.35582
3.36185
3.36376
3.37135
3.37466
3.37898
3.38751
3.38985
3.39128
3.39702
3.39876
3.40726
3.41382
3.41907
3.42375
3.42787
3.43631
3.43935
3.44629
3.44901
3.45366
3.45836
3.46741
3.46938
3.47348
3.47646
3.47766
3.48594
3.48899
3.4929
3.50087
3.50698
3.51208
3.51637
3.5223
3.52329
3.52573
3.52714
3.53185
3.5399
3.54307
3.54769
3.55308
3.5569
3.56325
3.56788
3.57411
3.58398
3.58861
3.5904
3.59466
3.59844
3.59923
3.60253
3.60625
3.61133
3.61684
3.62481
3.63053
3.63525
3.64065
3.64626
3.64823
3.65102
3.65469
3.66324
3.66573
3.67244
3.68025
3.68453
3.69222
3.69768
3.70337
3.7078
3.71221
3.72207
3.7248
3.72902
3.73593
3.73864
3.74409
3.7481
3.75233
3.75702
3.76588
3.77188
3.77868
3.78745
3.79054
3.79472
3.80003
3.8056
3.81019
3.81643
3.82007
3.82446
3.83538
3.83962
3.84151
3.84758
3.85228
3.85696
3.85776
3.86492
3.87168
3.87275
3.87549
3.88377
3.88522
3.89238
3.90028
3.90321
3.9083
3.91023
3.91437
3.92313
3.92543
3.92824
3.93408
3.93664
3.94049
3.95047
3.96158
3.96282
3.97212
3.97777
3.98027
3.98239
3.99042
3.99659
3.99747
4.00636
4.00782
4.0124
4.0137
4.01866
4.02653
4.03786
4.04622
4.05241
4.05625
4.05703
4.06621
4.07044
4.07388
4.07795
4.07966
4.08701
4.09265
4.09886
4.10084
4.11408
4.11638
4.12318
4.13225
4.13498
4.13974
4.14919
4.15286
4.15772
4.1649
4.17205
4.17938
4.18339
4.18821
4.19596
4.19683
4.20237
4.21259
4.21408
4.22437
4.2271
4.23637
4.23903
4.24855
4.2555
4.2578
4.2619
4.2671
4.26974
4.27153
4.27733
4.28357
4.2865
4.29189
4.29634
4.30387
4.30563
4.30879
4.31203
4.31917
4.32774
4.32842
4.33209
4.3329
4.3379
4.3443
4.34591
4.35534
4.36193
4.36473
4.37282
4.37697
4.38423
4.39107
4.39364
4.39764
4.40889
4.41033
4.4127
4.41848
4.42315
4.42734
4.43281
4.43341
4.44421
4.44897
4.45337
4.45969
4.46182
4.46785
4.476
4.47982
4.48061
4.49085
4.49376
4.4978
4.50343
4.50764
4.5182
4.52329
4.52845
4.53108
4.5353
4.53864
4.54891
4.56264
4.56581
4.57392
4.58223
4.58931
4.59629
4.60183
4.60615
4.61549
4.61887
4.62384
4.63155
4.63799
4.64016
4.64794
4.65274
4.65375
4.66004
4.66139
4.66539
4.679
4.68561
4.68917
4.69332
4.69713
4.70404
4.70644
4.71088
4.71803
4.72423
4.73319
4.74084
4.74758
4.74943
4.75376
4.75922
4.77119
4.77557
4.78203
4.78625
4.78956
4.79349
4.79838
4.80141
4.80409
4.813
4.81779
4.82394
4.82994
4.83569
4.83922
4.84584
4.84743
4.85407
4.85424
4.85763
4.86218
4.86656
4.86912
4.87544
4.88087
4.88582
4.89432
4.89777
4.89941
4.90285
4.90741
4.91257
4.9163
4.9211
4.92764
4.93531
4.94264
4.95723
4.96222
4.96625
4.9696
4.97611
4.98441
4.98887
4.99347
5.00298
5.00843
5.01318
5.01393
5.01854
5.02252
5.0304
5.03239
5.04082
5.04607
5.05705
5.06449
5.0667
5.0763
5.08126
5.08716
5.08799
5.09888
5.10427
5.11284
5.1154
5.12709
5.13088
5.13179
5.14513
5.14923
5.15952
5.16253
5.16719
5.16786
5.17253
5.1763
5.18514
5.19432
5.20189
5.20586
5.21046
5.21536
5.22288
5.22439
5.23261
5.23841
5.24423
5.24929
5.25907
5.26215
5.27129
5.28159
5.28501
5.29318
5.30051
5.30441
5.30987
5.3187
5.32032
5.32663
5.32949
5.33849
5.34291
5.3462
5.35226
5.35594
5.36359
5.37206
5.37929
5.38511
5.39376
5.40089
5.40201
5.40504
5.40687
5.41044
5.41615
5.4281
5.43354
5.44146
5.44717
5.45229
5.45962
5.46439
5.46553
5.46802
5.47353
5.48067
5.48365
5.48908
5.49565
5.5009
5.50304
5.50544
5.51247
5.51864
5.53406
5.53613
5.53986
5.54211
5.54916
5.55377
5.56087
5.56635
5.56844
5.5842
5.58674
5.58805
5.59012
5.59878
5.60106
5.61419
5.61917
5.62149
5.62352
5.62926
5.63716
5.64667
5.6527
5.65667
5.66441
5.67164
5.67432
5.68346
5.68786
5.69381
5.69492
5.70796
5.71046
5.71555
5.72369
5.72701
5.73428
5.74064
5.74345
5.75228
5.75918
5.76346
5.76667
5.77128
5.78451
5.7895
5.79128
5.79894
5.80682
5.81244
5.81684
5.8258
5.83128
5.83623
5.83972
5.84675
5.85325
5.85427
5.86557
5.87244
5.87508
5.88357
5.88598
5.8929
5.89912
5.90016
5.90337
5.91068
5.92006
5.92388
5.92826
5.94289
5.94459
5.94777
5.95136
5.95635
5.9593
5.96939
5.97225
5.97561
5.97941
5.98425
5.98803
5.99212
5.9986
6.00425
6.00683
6.01452
6.01805
6.02069
6.02544
6.03084
6.0339
6.03944
6.04549
6.05089
6.05861
6.06704
6.06979
6.07064
6.07593
6.08247
6.08518
6.08903
6.09289
6.10099
6.10302
6.11559
6.11895
6.1232
6.12529
6.12816
6.13458
6.14032
6.14563
6.14978
6.15697
6.15938
6.16447
6.16859
6.17531
6.18255
6.18409
6.18848
6.19408
6.19908
6.2003
6.20981
6.21502
6.22003
6.22792
6.22932
6.23733
6.24347
6.24676
6.25206
6.25567
6.26685
6.27094
6.27709
6.27922
6.28868
6.29102
6.29887
6.30386
6.3045
6.30705
6.31092
6.31726
6.3259
6.33064
6.33329
6.33819
6.34444
6.3516
6.35361
6.35707
6.35985
6.36367
6.36484
6.37997
6.38358
6.38895
6.39303
6.39788
6.40406
6.40879
6.415
6.41697
6.42488
6.42806
6.42969
6.43786
6.44035
6.44637
6.45311
6.45746
6.45962
6.46971
6.47548
6.47834
6.48462
6.49135
6.49435
6.50037
6.50404
6.5097
6.51011
6.52037
6.52487
6.52767
6.53395
6.53688
6.53979
6.54712
6.55123
6.55641
6.57281
6.58194
6.5856
6.58849
6.59106
6.59589
6.60228
6.60389
6.60954
6.61637
6.6184
6.62274
6.62792
6.63432
6.64039
6.64336
6.64884
6.65025
6.65704
6.66403
6.67122
6.6766
6.68261
6.68978
6.69053
6.69613
6.69761
6.70324
6.70695
6.72119
6.72263
6.73092
6.73367
6.73735
6.74875
6.75197
6.76331
6.76902
6.77641
6.78141
6.7831
6.7893
6.79264
6.79808
6.80288
6.80396
6.81033
6.81392
6.8189
6.82193
6.82653
6.82904
6.84082
6.8445
6.84788
6.85253
6.85706
6.86259
6.8636
6.87119
6.87187
6.8794
6.88292
6.88939
6.89734
6.90509
6.90681
6.90978
6.91161
6.91332
6.92241
6.92748
6.93157
6.93678
6.94128
6.94353
6.94782
6.9514
6.96085
6.9636
6.96973
6.96978
6.98208
6.98448
6.98508
6.9945
7.00075
7.00469
7.00853
7.01719
7.01951
7.02474
7.02661
7.03672
7.03979
7.04499
7.05261
7.05473
7.05914
7.06869
7.07038
7.08195
7.08398
7.0882
7.09135
7.10041
7.10177
7.10547
7.1087
7.1132
7.11682
7.12385
7.13159
7.13559
7.13823
7.14352
7.149
7.15463
7.16153
7.1672
7.16868
7.17353
7.18052
7.18567
7.19281
7.19614
7.20013
7.21114
7.21508
7.21941
7.222
7.22762
7.238
7.24464
7.24763
7.25748
7.26301
7.26556
7.27348
7.27535
7.27708
7.28091
7.28665
7.29091
7.29638
7.30005
7.30593
7.31234
7.31597
7.32176
7.32699
7.33457
7.33992
7.34335
7.34477
7.34696
7.35426
7.35915
7.36551
7.37023
7.37298
7.37728
7.385
7.3874
7.39098
7.39503
7.39828
7.40718
7.41798
7.42248
7.42671
7.43062
7.43581
7.44096
7.44585
7.45682
7.46271
7.46908
7.47091
7.47886
7.48645
7.48931
7.4906
7.4985
7.50384
7.5093
7.5151
7.51957
7.52446
7.5293
7.5358
7.54063
7.54558
7.5555
7.56079
7.56867
7.57066
7.5784
7.58331
7.58647
7.58695
7.59476
7.59633
7.6006
7.60859
7.61495
7.6197
7.62438
7.63161
7.6412
7.64763
7.64823
7.65678
7.66373
7.67907
7.68128
7.68609
7.6894
7.69294
7.70656
7.71245
7.71934
7.71998
7.72682
7.73643
7.74773
7.75215
7.75805
7.76152
7.76824
7.77044
7.77897
7.78617
7.78771
7.79266
7.79517
7.8057
7.81115
7.82166
7.82361
7.82484
7.83489
7.84197
7.84554
7.84977
7.85509
7.85944
7.86754
7.86958
7.87314
7.87962
7.88978
7.89289
7.90062
7.91074
7.91952
7.92137
7.92458
7.92644
7.93155
7.93828
7.94626
7.95079
7.95493
7.9606
7.96753
7.96939
7.97222
7.97739
7.98507
7.99197
7.99957
8.00316
8.01005
8.02034
8.02159
8.02897
8.03541
8.04228
8.04645
8.05063
8.05612
8.05977
8.0646
8.07167
8.08224
8.0876
8.08854
8.0938
8.09855
8.1026
8.10671
8.11299
8.12046
8.1312
8.13867
8.14341
8.14711
8.15478
8.16158
8.16591
8.17318
8.17368
8.18488
8.19204
8.19845
8.2061
8.20809
8.21335
8.2177
8.22307
8.23041
8.23273
8.23738
8.24394
8.24651
8.25267
8.26113
8.26857
8.27253
8.27501
8.28044
8.2841
8.29139
8.29756
8.31192
8.31459
8.32039
8.32151
8.32371
8.32918
8.33686
8.34088
8.34988
8.35156
8.35568
8.3648
8.3697
8.37469
8.38118
8.38575
8.39633
8.4023
8.40805
8.40938
8.4178
8.4245
8.42653
8.43242
8.43898
8.43981
8.44916
8.45028
8.45774
8.46392
8.47227
8.47821
8.47966
8.50002
8.50109
8.50544
8.51094
8.52113
8.52247
8.53401
8.53888
8.54474
8.54712
8.54896
8.5545
8.56705
8.57134
8.57681
8.58609
8.59641
8.6035
8.60773
8.61277
8.61695
8.62473
8.6284
8.63388
8.64201
8.65319
8.65896
8.66151
8.66501
8.67361
8.67902
8.68268
8.68758
8.69578
8.69779
8.69943
8.70628
8.71751
8.72643
8.73269
8.73775
8.74029
8.75177
8.75658
8.76517
8.77273
8.78252
8.78606
8.79072
8.7932
8.79942
8.80949
8.8131
8.82402
8.8343
8.83705
8.84192
8.8465
8.85267
8.85541
8.87125
8.87441
8.87616
8.87845
8.88338
8.88934
8.89349
8.89667
8.89961
8.91339
8.91913
8.9243
8.92644
8.93025
8.93287
8.94468
8.94632
8.94703
8.95668
8.96418
8.96749
8.97254
8.98112
8.98814
8.99164
8.99746
9.00285
9.00839
9.01567
9.02323
9.02588
9.03484
9.03858
9.04233
9.0535
9.06382
9.06474
9.07251
9.08107
9.08366
9.08948
9.09472
9.10363
9.10864
9.11219
9.11289
9.11782
9.12005
9.13296
9.13801
9.14399
9.15346
9.1594
9.1677
9.17365
9.17465
9.18175
9.18488
9.18882
9.19456
9.20208
9.21187
9.213
9.21986
9.22599
9.23485
9.23812
9.24329
9.24617
9.25323
9.25899
9.26498
9.27233
9.2761
9.28055
9.2828
9.2891
9.29608
9.29678
9.30593
9.31437
9.31829
9.32293
9.32812
9.33032
9.3385
9.3433
9.34664
9.35139
9.35841
9.36466
9.36684
9.36965
9.3736
9.3779
9.3895
9.39544
9.39808
9.40154
9.4056
9.41167
9.41842
9.42035
9.42545
9.42888
9.43705
9.44054
9.44473
9.45128
9.4591
9.46184
9.46644
9.46937
9.47129
9.47606
9.47912
9.48366
9.48878
9.49826
9.50194
9.50889
9.51307
9.51909
9.52823
9.53311
9.53828
9.54261
9.54329
9.55313
9.55919
9.56299
9.56681
9.56906
9.57407
9.57871
9.57929
9.59325
9.59554
9.59994
9.60211
9.6033
9.61157
9.61896
9.62418
9.62741
9.63548
9.63657
9.64291
9.64721
9.64906
9.65832
9.66339
9.66837
9.67245
9.67851
9.68296
9.68902
9.70315
9.70537
9.70571
9.71226
9.71879
9.72263
9.72435
9.72951
9.73562
9.7435
9.7471
9.75387
9.75712
9.76427
9.76785
9.77492
9.77854
9.78555
9.78941
9.79945
9.80301
9.80664
9.8084
9.81706
9.82332
9.8268
9.83568
9.83725
9.84298
9.84984
9.85094
9.85283
9.86314
9.87212
9.87329
9.8841
9.88636
9.89879
9.90417
9.9047
9.91291
9.91574
9.92134
9.92522
9.93046
9.93599
9.9385
9.94744
9.94989
9.95253
9.95888
9.96591
9.97552
9.9782
9.98513
9.98644
9.9939
9.99919
10.0037
10.0049
10.0119
10.0171
10.0267
10.0289
10.0309
10.0368
10.0439
10.0512
10.0548
10.063
10.0638
10.0693
10.072
10.0754
10.078
10.0844
10.0986
10.1028
10.109
10.1148
10.1157
10.1231
10.129
10.1379
10.1426
10.1479
10.1542
10.156
10.1609
10.1779
10.1789
10.1814
10.1952
10.1995
10.202
10.2045
10.2091
10.2199
10.2298
10.2343
10.2412
10.246
10.2575
10.2622
10.2708
10.276
10.2831
10.2881
10.2946
10.2977
10.3088
10.3114
10.3178
10.3243
10.3274
10.333
10.3453
10.3473
10.3576
10.3593
10.3688
10.3724
10.3759
10.3853
10.3886
10.4019
10.4034
10.4122
10.4189
10.4263
10.4287
10.4326
10.4335
10.4407
10.4468
10.4528
10.4542
10.4664
10.4731
10.477
10.4823
10.4877
10.497
10.4994
10.5033
10.5038
10.5118
10.5232
10.5268
10.5295
10.5358
10.5419
10.5473
10.5545
10.5585
10.5636
10.5702
10.58
10.5822
10.5905
10.5992
10.6016
10.6055
10.6153
10.6181
10.6208
10.6314
10.6327
10.6421
10.6498
10.6559
10.6618
10.6667
10.6734
10.6796
10.6815
10.6862
10.6871
10.6941
10.7013
10.7043
10.7087
10.7151
10.7224
10.7246
10.7312
10.7461
10.7511
10.7625
10.764
10.7697
10.7747
10.7809
10.7891
10.8012
10.8034
10.8092
10.8248
10.8272
10.8291
10.8404
10.8516
10.8573
10.863
10.8656
10.8713
10.8742
10.8833
10.8908
10.9041
10.9101
10.9232
10.9261
10.9278
10.9378
10.9417
10.9534
10.9543
10.9591
10.9707
10.9768
10.9841
10.9876
10.996
11.0061
11.011
11.0169
11.019
11.0287
11.0346
11.0423
11.0502
11.0538
11.0595
11.068
11.071
11.0767
11.09
11.0953
11.0992
11.1046
11.1078
11.1155
11.1192
11.1275
11.1357
11.1379
11.1545
11.1593
11.1675
11.1795
11.1824
11.1896
11.1945
11.2028
11.2073
11.2221
11.2255
11.2322
11.2396
11.2445
11.2556
11.2674
11.2692
11.2775
11.2806
11.2856
11.295
11.2983
11.3056
11.3064
11.3162
11.3217
11.3249
11.3362
11.3406
11.3512
11.367
11.3723
11.3753
11.3782
11.3895
11.3946
11.3977
11.4095
11.4149
11.4246
11.4256
11.4355
11.4395
11.442
11.4494
11.4584
11.4611
11.4744
11.4796
11.4826
11.4946
11.4986
11.5097
11.5152
11.5224
11.5253
11.5315
11.5408
11.5551
11.5611
11.5651
11.5752
11.5844
11.5895
11.5929
11.5981
11.6025
11.6084
11.6178
11.6279
11.629
11.6467
11.6494
11.6583
11.6693
11.6756
11.6769
11.6847
11.6969
11.699
11.7021
11.7192
11.7246
11.7335
11.742
11.7441
11.7511
11.7606
11.7671
11.7729
11.7778
11.7878
11.7896
11.7912
11.8051
11.818
11.8215
11.829
11.8353
11.8387
11.8438
11.8516
11.8594
11.8598
11.8665
11.8738
11.8846
11.8907
11.8975
11.9018
11.9103
11.914
11.9245
11.9281
11.9324
11.9397
11.9442
11.9485
11.9562
11.9609
11.9658
11.968
11.9766
11.9786
11.9869
11.9889
12.0039
12.0068
12.008
12.0186
12.0215
12.0289
12.035
12.0418
12.0453
12.0482
12.0578
12.0665
12.0696
12.0765
12.0784
12.0869
12.0965
12.1083
12.1146
12.1161
12.1222
12.125
12.1358
12.1447
12.1519
12.1544
12.1636
12.1712
12.1739
12.1871
12.1936
12.1936
12.2075
12.2101
12.2222
12.2338
12.236
12.2418
12.2459
12.2573
12.2581
12.2635
12.2703
12.2821
12.2875
12.2924
12.2997
12.3036
12.3066
12.3141
12.3239
12.3329
12.3353
12.3386
12.3438
12.3455
12.3584
12.366
12.3756
12.3795
12.3838
12.3874
12.4063
12.4101
12.4178
12.42
12.4277
12.4371
12.4398
12.4447
12.4472
12.4602
12.461
12.4636
12.4762
12.4899
12.4986
12.502
12.509
12.5171
12.5246
12.5296
12.535
12.5379
12.5458
12.5505
12.554
12.5661
12.5673
12.5717
12.5757
12.5784
12.5829
12.5942
12.5991
12.6088
12.6144
12.6173
12.6201
12.6226
12.631
12.6404
12.6473
12.6543
12.6546
12.6633
12.6656
12.6702
12.677
12.679
12.6822
12.6875
12.6986
12.703
12.705
12.7154
12.721
12.7305
12.7323
12.7362
12.7419
12.7446
12.7503
12.7524
12.7575
12.772
12.7743
12.7777
12.779
12.7912
12.7979
12.8027
12.8072
12.8109
12.819
12.8288
12.8377
12.8457
12.8479
12.8505
12.8587
12.8645
12.8701
12.8719
12.8731
12.8848
12.8864
12.8979
12.9116
12.9182
12.9276
12.9326
12.9359
12.9384
12.9481
12.9549
12.9649
12.9715
12.9751
12.9874
13.0001
13.0023
13.0115
13.0165
13.0243
13.035
13.0417
13.0487
13.0552
13.0691
13.0727
13.0746
13.0832
13.0846
13.0926
13.1012
13.1033
13.1068
13.1124
13.1217
13.1345
13.1384
13.1463
13.1532
13.1578
13.1604
13.1629
13.1681
13.1716
13.1795
13.1848
13.1915
13.1947
13.2025
13.2094
13.2141
13.2217
13.2233
13.2243
13.2394
13.2421
13.2554
13.2653
13.2686
13.2741
13.2809
13.2855
13.2872
13.2885
13.2941
13.2999
13.307
13.3151
13.3164
13.32
13.3267
13.3378
13.3404
13.3455
13.3516
13.3606
13.3658
13.3726
13.3785
13.3839
13.393
13.402
13.4099
13.4192
13.42
13.4245
13.4295
13.4378
13.4397
13.4453
13.4487
13.4616
13.4639
13.4657
13.4679
13.474
13.4847
13.4871
13.497
13.5105
13.5155
13.5194
13.5238
13.533
13.5362
13.5478
13.552
13.5545
13.5612
13.5687
13.5762
13.5814
13.5867
13.5979
13.6029
13.6123
13.6181
13.62
13.6221
13.6305
13.6427
13.6472
13.6496
13.6521
13.6605
13.6666
13.677
13.68
13.6824
13.6937
13.699
13.7055
13.711
13.7142
13.7185
13.7243
13.7277
13.737
13.7387
13.7445
13.751
13.7568
13.7642
13.773
13.775
13.778
13.7838
13.7973
13.8038
13.8085
13.8124
13.8156
13.8298
13.8345
13.841
13.8444
13.8545
13.8647
13.8719
13.8802
13.8828
13.8904
13.8996
13.9042
13.9105
13.9127
13.9165
13.9257
13.9331
13.9429
13.9488
13.9575
13.9606
13.9662
13.9765
13.984
13.9923
14.0043
14.0076
14.0154
14.0224
14.0265
14.0451
14.0474
14.0596
14.0646
14.0658
14.0729
14.0764
14.0832
14.0895
14.1031
14.1103
14.1117
14.1248
14.1322
14.1379
14.1504
14.1623
14.1698
14.1792
14.1943
14.1955
14.201
14.2096
14.2119
14.219
14.232
14.2369
14.247
14.2527
14.2679
14.2743
14.281
14.2855
14.2991
14.3072
14.3251
14.3283
14.3312
14.3377
14.3459
14.3492
14.3587
14.3689
14.3765
14.3939
14.3962
14.4158
14.4355
14.4363
14.4557
14.461
14.4629
14.4881
14.4894
14.5068
14.5161
14.526
14.5307
14.5363
14.5409
14.5423
14.5483
14.5555
14.5611
14.5732
14.5849
14.5892
14.598
14.6046
14.6194
14.6218
14.6276
14.6463
14.6508
14.6564
14.6683
14.676
14.6793
14.6856
14.6987
14.7018
14.7151
14.7203
14.7242
14.7377
14.7414
14.7462
14.7579
14.7591
14.7665
14.7937
14.7954
14.8025
14.812
14.8192
14.8268
14.8399
14.8529
14.872
14.8797
14.883
14.9019
14.9038
14.9129
14.9134
14.9239
14.9309
14.9382
14.9478
14.952
14.9605
14.974
14.9869
14.9907
14.9924
15.0061
15.0174
15.0236
15.0315
15.0399
15.0514
15.0595
15.0698
15.0789
15.0886
15.0975
15.1081
15.1125
15.1215
15.1362
15.1431
15.1465
15.1573
15.1646
15.1868
15.195
15.2062
15.2132
15.2168
15.2283
15.2363
15.2534
15.2579
15.2663
15.2754
15.2832
15.2926
15.2968
15.3094
15.3196
15.3286
15.3342
15.3386
15.3461
15.3614
15.3704
15.3723
15.3786
15.3928
15.395
15.3959
15.4053
15.414
15.4209
15.426
15.4349
15.4418
15.4594
15.4603
15.4804
15.4826
15.4973
15.5101
15.5122
15.5162
15.5235
15.5344
15.5352
15.5454
15.5516
15.5628
15.5665
15.5756
15.589
15.5951
15.6011
15.6114
15.6184
15.6426
15.6484
15.6601
15.6789
15.6797
15.6884
15.6984
15.7044
15.71
15.7159
15.7338
15.7393
15.7435
15.7504
15.757
15.7658
15.7737
15.7799
15.7873
15.7919
15.8076
15.8145
15.8196
15.8259
15.8335
15.8445
15.8603
15.8715
15.873
15.8752
15.8945
15.9066
15.9111
15.9166
15.9375
15.9579
15.9689
15.9697
15.9719
15.9757
15.9937
16.0112
16.0181
16.025
16.0286
16.0354
16.0424
16.058
16.0687
16.0794
16.0907
16.1055
16.1082
16.1174
16.1228
16.1282
16.1429
16.1471
16.1495
16.1599
16.167
16.1731
16.1767
16.1874
16.1907
16.2046
16.2114
16.2166
16.2197
16.2342
16.2428
16.2644
16.2761
16.2825
16.2853
16.2986
16.3004
16.3079
16.321
16.3348
16.3478
16.3498
16.381
16.3921
16.401
16.4088
16.4148
16.4226
16.4299
16.4452
16.464
16.4737
16.4927
16.5072
16.5155
16.527
16.532
16.5456
16.5622
16.5719
16.5814
16.5884
16.6011
16.6046
16.6155
16.6214
16.6284
16.6463
16.6531
16.6597
16.6695
16.675
16.6785
16.686
16.7049
16.7086
16.7139
16.7265
16.7354
16.7474
16.7534
16.7777
16.7841
16.7976
16.8067
16.8203
16.8359
16.8379
16.8459
16.8547
16.869
16.874
16.8794
16.9038
16.9088
16.9144
16.9254
16.9392
16.9457
16.9571
16.963
16.9736
16.985
16.9907
16.9956
17.0055
17.0129
17.0179
17.0292
17.0304
17.0606
17.0659
17.0737
17.0782
17.1012
17.1048
17.1111
17.113
17.1227
17.1286
17.1313
17.149
17.1555
17.1677
17.1735
17.1983
17.2056
17.2154
17.2198
17.2379
17.2418
17.2487
17.2585
17.267
17.2733
17.2808
17.2857
17.288
17.3016
17.304
17.3317
17.336
17.347
17.358
17.3598
17.3772
17.3836
17.3857
17.4
17.4069
17.4084
17.422
17.4339
17.4371
17.4482
17.4672
17.478
17.496
17.5077
17.5234
17.5352
17.545
17.5533
17.572
17.5795
17.5867
17.6044
17.6102
17.6167
17.6434
17.6491
17.6604
17.6711
17.6811
17.6838
17.7035
17.709
17.7137
17.7229
17.7328
17.7484
17.763
17.7774
17.7799
17.794
17.8065
17.8162
17.8328
17.8415
17.8427
17.8717
17.876
17.881
17.8964
17.9035
17.9082
17.9193
17.9334
17.9433
17.9497
17.957
17.9656
17.9833
18.0011
18.0038
18.0109
18.0273
18.0345
18.0413
18.0522
18.0611
18.0675
18.0828
18.0924
18.1113
18.1354
18.1413
18.1501
18.1676
18.1952
18.205
18.216
18.2275
18.2347
18.249
18.2665
18.2712
18.2828
18.2949
18.3118
18.328
18.3306
18.3392
18.351
18.3767
18.3804
18.4054
18.4245
18.4322
18.4418
18.4496
18.4527
18.49
18.4935
18.5032
18.51
18.5138
18.547
18.5485
18.5651
18.5775
18.6077
18.6185
18.6301
18.6386
18.6559
18.667
18.7049
18.7137
18.7296
18.7399
18.7513
18.7615
18.7676
18.7732
18.7953
18.8049
18.8154
18.835
18.8408
18.8518
18.8783
18.8956
18.9099
18.9199
18.9285
18.9389
18.9417
18.9433
18.9464
18.9658
18.9807
18.9965
19.01
19.012
19.027
19.0425
19.0628
19.0687
19.0929
19.0969
19.1036
19.1228
19.1368
19.1404
19.1466
19.1543
19.1635
19.2117
19.2147
19.2326
19.2435
19.2561
19.2844
19.3034
19.3275
19.3593
19.3772
19.4008
19.4204
19.4403
19.4455
19.4556
19.4721
19.4957
19.515
19.524
19.532
19.5467
19.5523
19.5766
19.5853
19.6094
19.6195
19.6328
19.6463
19.6661
19.6797
19.6853
19.7052
19.707
19.7436
19.7553
19.7642
19.7685
19.7824
19.8018
19.8076
19.8146
19.8245
19.8419
19.8782
19.9056
19.932
19.9359
19.9425
19.9665
19.9772
19.9807
19.9873
19.9909
20.001
20.0227
20.0246
20.0316
20.0412
20.0454
20.0515
20.0712
20.0716
20.0848
20.0918
20.0993
20.1142
20.1281
20.1357
20.1793
20.1857
20.1925
20.216
20.228
20.2315
20.2782
20.3084
20.3428
20.3504
20.3716
20.4004
20.4077
20.4305
20.4508
20.4772
20.4934
20.5001
20.5119
20.5291
20.5543
20.5641
20.5843
20.622
20.6314
20.671
20.6889
20.699
20.7266
20.7344
20.7455
20.7804
20.8213
20.8441
20.8659
20.8696
20.8987
20.9138
20.9198
20.9397
20.9439
20.9735
21.0152
21.0353
21.0622
21.078
21.0876
21.1073
21.1199
21.1463
21.1542
21.1644
21.1893
21.2177
21.2213
21.2617
21.2788
21.2921
21.3025
21.3237
21.339
21.3588
21.373
21.3849
21.389
21.4132
21.4425
21.4862
21.4938
21.5069
21.5185
21.5272
21.5331
21.5662
21.5781
21.5822
21.5901
21.6145
21.6227
21.6275
21.6416
21.6562
21.6587
21.6728
21.7033
21.713
21.7307
21.7359
21.7794
21.7897
21.8065
21.8132
21.8291
21.8394
21.8579
21.8974
21.9048
21.9164
21.9369
21.9473
21.9589
21.9887
22.0039
22.0135
22.0372
22.0601
22.0685
22.109
22.126
22.1514
22.1838
22.1965
22.221
22.2447
22.2575
22.2837
22.325
22.4249
22.4287
22.4577
22.4636
22.4685
22.4764
22.5156
22.5289
22.5422
22.5907
22.6046
22.626
22.637
22.666
22.6729
22.6993
22.7035
22.7168
22.7299
22.7514
22.7684
22.7824
22.8018
22.8035
22.8216
22.8498
22.856
22.8868
22.9043
22.9281
22.9697
22.9715
22.9881
23.0755
23.1072
23.1237
23.1441
23.1559
23.2148
23.238
23.266
23.279
23.2956
23.3075
23.3215
23.3303
23.3714
23.3934
23.407
23.4269
23.435
23.4428
23.4549
23.4754
23.5
23.5058
23.5241
23.5442
23.5525
23.5737
23.5838
23.6
23.6113
23.6344
23.6457
23.6607
23.7217
23.7244
23.731
23.759
23.785
23.8149
23.8305
23.8435
23.8696
23.883
23.9257
23.9691
23.9812
24.0141
24.0571
24.0679
24.1093
24.1541
24.1772
24.1966
24.2089
24.2457
24.2951
24.3129
24.3464
24.4163
24.4524
24.4635
24.5235
24.5689
24.602
24.6109
24.6204
24.6421
24.6925
24.7304
24.8103
24.8288
24.854
25.042
25.0615
25.0764
25.0815
25.127
25.1492
25.1668
25.2704
25.2927
25.3162
25.3289
25.3411
25.355
25.4061
25.4428
25.4951
25.5096
25.5371
25.5559
25.5768
25.6265
25.6362
25.6439
25.6756
25.7082
25.7227
25.7244
25.7467
25.8058
25.8161
25.8356
25.8478
25.8947
25.9357
25.9467
25.966
25.9838
25.993
26.0035
26.0125
26.058
26.0721
26.0864
26.1047
26.1442
26.1656
26.2548
26.2658
26.3098
26.3117
26.3335
26.3555
26.3808
26.3902
26.4234
26.4703
26.4717
26.4902
26.5334
26.5889
26.6051
26.6387
26.6637
26.6996
26.7325
26.7523
26.7756
26.7994
26.8152
26.8204
26.8312
26.8682
26.9158
26.9485
27.0071
27.0355
27.0676
27.0809
27.1429
27.1715
27.2039
27.2512
27.2665
27.2862
27.3297
27.3808
27.4174
27.4609
27.4893
27.5225
27.5674
27.5884
27.6145
27.6711
27.6803
27.6957
27.7604
27.8408
27.8485
27.9403
28.2
28.2103
28.2378
28.2503
28.2916
28.337
28.3503
28.4044
28.4132
28.4356
28.5131
28.5492
28.5705
28.6375
28.7384
28.7686
28.8071
28.8394
28.8771
28.8864
28.9051
28.9707
29.0551
29.0749
29.118
29.1542
29.1789
29.1973
29.2315
29.2426
29.3279
29.4183
29.4485
29.4591
29.5291
29.5657
29.6083
29.6258
29.6416
29.6456
29.8587
29.8598
29.8797
29.9021
29.9131
29.9461
30.0215
30.0441
30.0727
30.1213
30.1749
30.1886
30.2825
30.3783
30.4146
30.4201
30.4423
30.5044
30.5086
30.602
30.6062
30.6285
30.6821
30.7148
30.8127
30.9021
30.9671
31.2193
31.2666
31.34
31.3858
31.506
31.5794
31.6497
31.7594
31.8571
31.893
31.9414
31.9999
32.0423
32.0861
32.0996
32.212
32.2462
32.3516
32.5053
32.5481
32.6381
32.7147
32.7657
32.8825
32.8925
32.9918
33.046
33.2943
33.3936
33.4069
33.444
33.4667
33.5685
33.6713
33.7114
33.9248
33.9964
34.2465
34.4263
34.5291
34.7411
34.8085
34.9063
34.9622
35.5629
35.6847
35.9808
36.0819
36.3898
36.4739
36.5159
36.6012
36.8383
37.0114
37.4166
37.4675
37.8353
37.8547
39.3337
39.3867
41.1775
41.269
42.3773
42.4275
47.5892
