-29.8153
-29.7365
-29.4705
-29.0326
-27.542
-27.5372
-27.3565
-26.0381
-25.9335
-25.8069
-25.7056
-24.4745
-24.4311
-24.3631
-24.2773
-24.2135
-24.1382
-23.9958
-23.8969
-23.3418
-23.3073
-23.1266
-22.9835
-22.3247
-22.2701
-22.0847
-21.3446
-21.0236
-20.9881
-20.8549
-20.8225
-20.7905
-20.6757
-20.6287
-20.562
-20.4507
-20.4292
-20.409
-20.3446
-20.3257
-20.2943
-20.2108
-20.021
-19.9783
-19.8617
-19.8112
-19.5969
-19.545
-19.4102
-19.3067
-19.2526
-19.2369
-19.2118
-19.1076
-18.9798
-18.9655
-18.9058
-18.8805
-18.8765
-18.8722
-18.8566
-18.8216
-18.7874
-18.7784
-18.7669
-18.6854
-18.6574
-18.6451
-18.457
-18.4304
-18.4056
-18.333
-18.3192
-18.2207
-18.1543
-17.9747
-17.9439
-17.9245
-17.8194
-17.7404
-17.61
-17.4194
-17.3792
-17.3669
-17.3456
-17.2665
-17.2046
-17.1674
-17.1468
-17.122
-17.1003
-16.9937
-16.9689
-16.9216
-16.9024
-16.7987
-16.7675
-16.7656
-16.7143
-16.6941
-16.687
-16.6746
-16.659
-16.6361
-16.6288
-16.4748
-16.4533
-16.3754
-16.3172
-16.3038
-16.2934
-16.2169
-16.1819
-16.1584
-16.1021
-16.0463
-16.0222
-15.9709
-15.9176
-15.7744
-15.699
-15.586
-15.573
-15.544
-15.4754
-15.4398
-15.4105
-15.3583
-15.3153
-15.3005
-15.2498
-15.2369
-15.2089
-15.1705
-15.1532
-15.1344
-15.1074
-15.0867
-15.0847
-15.0733
-15.0393
-15.0028
-14.9923
-14.9691
-14.9217
-14.9032
-14.8678
-14.815
-14.7904
-14.7514
-14.7357
-14.7126
-14.6583
-14.6328
-14.5963
-14.5747
-14.5339
-14.4962
-14.4806
-14.388
-14.3345
-14.3153
-14.2612
-14.1782
-14.0952
-14.0549
-14.0336
-13.9788
-13.9654
-13.9109
-13.8879
-13.8409
-13.8034
-13.7896
-13.7687
-13.7427
-13.7015
-13.688
-13.6633
-13.6437
-13.6315
-13.6168
-13.595
-13.5846
-13.5557
-13.5203
-13.4795
-13.4642
-13.4536
-13.4283
-13.4144
-13.3832
-13.3634
-13.3312
-13.3292
-13.3124
-13.2879
-13.236
-13.2209
-13.1885
-13.1535
-13.1372
-13.1157
-13.0845
-13.0796
-13.0319
-12.9839
-12.9601
-12.944
-12.9113
-12.8872
-12.8234
-12.6716
-12.6575
-12.6294
-12.5986
-12.5666
-12.5613
-12.5155
-12.5021
-12.4723
-12.4213
-12.4059
-12.3882
-12.3505
-12.3452
-12.3085
-12.2915
-12.285
-12.27
-12.2316
-12.2017
-12.18
-12.1719
-12.1546
-12.1294
-12.1196
-12.0929
-12.0911
-12.0726
-12.056
-12.0395
-12.0085
-11.9982
-11.9912
-11.961
-11.9587
-11.9503
-11.9194
-11.8948
-11.8725
-11.8227
-11.8157
-11.7791
-11.7632
-11.7241
-11.7015
-11.6986
-11.651
-11.6088
-11.5908
-11.5639
-11.5574
-11.5233
-11.5054
-11.485
-11.4429
-11.4046
-11.3747
-11.366
-11.3425
-11.3332
-11.3211
-11.2961
-11.2604
-11.2395
-11.2299
-11.2044
-11.1864
-11.1779
-11.1565
-11.1354
-11.1271
-11.0982
-11.0715
-11.0592
-11.0395
-11.0167
-11.0055
-10.9993
-10.9747
-10.9596
-10.938
-10.9231
-10.9057
-10.8998
-10.8856
-10.8656
-10.8491
-10.8183
-10.7887
-10.7767
-10.7678
-10.7582
-10.7469
-10.7376
-10.7287
-10.6827
-10.6575
-10.6451
-10.617
-10.6053
-10.5887
-10.569
-10.5541
-10.5359
-10.4914
-10.4771
-10.4394
-10.418
-10.4079
-10.3993
-10.394
-10.3717
-10.3404
-10.333
-10.3175
-10.2863
-10.2835
-10.2643
-10.2541
-10.2471
-10.2362
-10.2111
-10.2019
-10.1644
-10.1348
-10.1207
-10.1169
-10.0932
-10.0765
-10.054
-10.0506
-10.022
-9.98327
-9.94359
-9.92864
-9.90086
-9.89217
-9.88118
-9.85797
-9.82843
-9.82249
-9.81074
-9.7876
-9.78305
-9.77632
-9.77276
-9.73657
-9.73546
-9.71515
-9.70447
-9.69494
-9.68035
-9.67662
-9.64691
-9.6298
-9.61704
-9.61274
-9.60953
-9.58618
-9.57842
-9.5754
-9.55798
-9.54773
-9.52207
-9.50568
-9.49762
-9.48057
-9.47461
-9.4676
-9.41573
-9.40172
-9.36188
-9.34182
-9.33126
-9.29726
-9.28999
-9.28328
-9.26404
-9.2361
-9.22481
-9.21157
-9.16589
-9.14285
-9.11612
-9.10098
-9.04924
-9.01181
-8.96844
-8.94785
-8.92952
-8.92531
-8.91851
-8.89412
-8.8795
-8.85482
-8.83463
-8.81277
-8.77893
-8.76678
-8.74305
-8.70745
-8.68937
-8.65973
-8.62013
-8.59859
-8.57988
-8.55593
-8.5385
-8.51812
-8.49508
-8.48572
-8.47197
-8.45592
-8.44642
-8.44191
-8.39393
-8.3863
-8.35114
-8.33562
-8.32455
-8.29666
-8.28711
-8.2811
-8.25063
-8.21937
-8.19464
-8.18804
-8.18096
-8.16118
-8.15622
-8.14001
-8.13203
-8.10979
-8.09911
-8.08797
-8.07627
-8.06013
-8.05744
-8.04063
-8.03439
-8.02258
-8.00964
-7.99354
-7.97675
-7.9676
-7.94688
-7.93577
-7.92286
-7.91622
-7.91216
-7.87099
-7.86648
-7.83733
-7.83053
-7.82072
-7.81077
-7.80055
-7.79253
-7.78506
-7.76164
-7.75317
-7.74545
-7.716
-7.71237
-7.68694
-7.6769
-7.66123
-7.64888
-7.6483
-7.63484
-7.60345
-7.60004
-7.56888
-7.551
-7.54966
-7.53779
-7.50723
-7.49542
-7.47556
-7.44758
-7.43741
-7.42019
-7.38097
-7.36765
-7.36128
-7.34324
-7.33895
-7.31152
-7.3011
-7.27585
-7.25766
-7.24632
-7.23988
-7.2114
-7.2013
-7.19528
-7.18306
-7.1545
-7.13648
-7.12712
-7.11682
-7.10768
-7.09903
-7.09084
-7.07311
-7.06204
-7.04901
-7.0339
-7.02491
-7.01392
-7.00204
-6.98781
-6.96605
-6.96432
-6.9507
-6.94728
-6.93611
-6.92544
-6.92042
-6.91575
-6.89882
-6.88533
-6.87051
-6.86184
-6.85474
-6.83877
-6.82634
-6.80888
-6.79783
-6.77717
-6.77
-6.75179
-6.74051
-6.73546
-6.70328
-6.70122
-6.69296
-6.68872
-6.67227
-6.65863
-6.65785
-6.64527
-6.63194
-6.60209
-6.59012
-6.58509
-6.56647
-6.54997
-6.53422
-6.52655
-6.52553
-6.51737
-6.49835
-6.48549
-6.46533
-6.4641
-6.4547
-6.42863
-6.40385
-6.39663
-6.38291
-6.35872
-6.35382
-6.34313
-6.32345
-6.31735
-6.29152
-6.28183
-6.25712
-6.2407
-6.21825
-6.20342
-6.19467
-6.16745
-6.15839
-6.13278
-6.11098
-6.1036
-6.09569
-6.06414
-6.04158
-6.02317
-6.01073
-5.99031
-5.97606
-5.96992
-5.9562
-5.93429
-5.9164
-5.90421
-5.89947
-5.87891
-5.86314
-5.85892
-5.83619
-5.8183
-5.80064
-5.79403
-5.78126
-5.75395
-5.75227
-5.73622
-5.72132
-5.70135
-5.6924
-5.67495
-5.6532
-5.6402
-5.62996
-5.62161
-5.6126
-5.6048
-5.59214
-5.57419
-5.57029
-5.54451
-5.52822
-5.52394
-5.50998
-5.50044
-5.49743
-5.46934
-5.4568
-5.45146
-5.44133
-5.41362
-5.40336
-5.39736
-5.38516
-5.37308
-5.36489
-5.34985
-5.34319
-5.33185
-5.31431
-5.30672
-5.29472
-5.28986
-5.28028
-5.26909
-5.26135
-5.24436
-5.24094
-5.22505
-5.21407
-5.20933
-5.19687
-5.19126
-5.17546
-5.17298
-5.16543
-5.14374
-5.14155
-5.11747
-5.1034
-5.09329
-5.08412
-5.06186
-5.03292
-5.02082
-5.00944
-5.00363
-4.9863
-4.98451
-4.96079
-4.95246
-4.93917
-4.92299
-4.90529
-4.90135
-4.89717
-4.87421
-4.87189
-4.84633
-4.81972
-4.81244
-4.79494
-4.78464
-4.77822
-4.7731
-4.73937
-4.70731
-4.6988
-4.69338
-4.68038
-4.67234
-4.66442
-4.65229
-4.63178
-4.62792
-4.61082
-4.60498
-4.59099
-4.58859
-4.5711
-4.555
-4.54949
-4.53366
-4.52804
-4.51405
-4.50406
-4.49596
-4.4898
-4.48391
-4.47442
-4.44496
-4.43945
-4.42854
-4.42006
-4.41214
-4.40338
-4.3949
-4.39239
-4.38292
-4.37761
-4.36591
-4.35602
-4.35037
-4.34211
-4.33862
-4.32875
-4.31773
-4.30126
-4.28301
-4.27352
-4.26316
-4.25573
-4.24631
-4.24146
-4.23309
-4.2275
-4.21414
-4.20341
-4.19651
-4.18641
-4.17356
-4.16143
-4.15007
-4.14246
-4.13298
-4.12589
-4.11632
-4.11012
-4.1039
-4.09593
-4.0852
-4.07762
-4.05312
-4.04698
-4.04054
-4.03133
-4.01693
-4.00449
-3.99354
-3.98669
-3.98496
-3.97587
-3.95413
-3.94048
-3.92886
-3.92309
-3.91224
-3.89989
-3.8824
-3.87274
-3.86634
-3.85242
-3.83898
-3.83361
-3.82019
-3.81232
-3.80273
-3.78674
-3.77951
-3.77411
-3.74657
-3.737
-3.72907
-3.72201
-3.71752
-3.70317
-3.68479
-3.6812
-3.67195
-3.66159
-3.64278
-3.62817
-3.6228
-3.61473
-3.60363
-3.59192
-3.59122
-3.57584
-3.57366
-3.56407
-3.53618
-3.5344
-3.51616
-3.51147
-3.50226
-3.48192
-3.4689
-3.46271
-3.4499
-3.43476
-3.41533
-3.40478
-3.39795
-3.38836
-3.38627
-3.37622
-3.36357
-3.35151
-3.34563
-3.34004
-3.32468
-3.31117
-3.30608
-3.2926
-3.2802
-3.27541
-3.27308
-3.2572
-3.24533
-3.24
-3.23039
-3.22606
-3.21569
-3.20338
-3.18756
-3.17956
-3.16136
-3.15337
-3.13985
-3.13818
-3.13434
-3.12293
-3.12035
-3.10651
-3.09533
-3.08855
-3.06768
-3.05702
-3.04825
-3.02783
-3.01712
-3.00635
-2.99586
-2.98256
-2.98001
-2.97376
-2.9588
-2.93591
-2.92941
-2.9235
-2.90231
-2.90102
-2.89583
-2.88779
-2.86603
-2.85144
-2.83968
-2.82935
-2.82341
-2.81391
-2.81154
-2.79969
-2.7908
-2.78751
-2.77967
-2.75416
-2.74233
-2.72793
-2.72028
-2.7004
-2.69137
-2.67319
-2.65361
-2.64667
-2.62131
-2.61419
-2.6028
-2.59149
-2.58052
-2.56862
-2.56149
-2.55451
-2.54192
-2.53294
-2.50696
-2.50161
-2.48237
-2.47571
-2.47126
-2.45792
-2.44711
-2.43791
-2.42822
-2.41663
-2.40607
-2.38901
-2.374
-2.37163
-2.36371
-2.35129
-2.34605
-2.32455
-2.31185
-2.30317
-2.2737
-2.2711
-2.25908
-2.25037
-2.24018
-2.22781
-2.2211
-2.20778
-2.20078
-2.19318
-2.18196
-2.16331
-2.15892
-2.1439
-2.13935
-2.12483
-2.11656
-2.10803
-2.09344
-2.0793
-2.07351
-2.06922
-2.05892
-2.04447
-2.03154
-2.02628
-2.01832
-2.00578
-1.99236
-1.98449
-1.97208
-1.96655
-1.95286
-1.92956
-1.91577
-1.89993
-1.89588
-1.88981
-1.87462
-1.86357
-1.85799
-1.84377
-1.84132
-1.83613
-1.82896
-1.81489
-1.81283
-1.79802
-1.7951
-1.79109
-1.76794
-1.76087
-1.74563
-1.73675
-1.72818
-1.71191
-1.70814
-1.70028
-1.69313
-1.68719
-1.66834
-1.65323
-1.6475
-1.63691
-1.61256
-1.60595
-1.60555
-1.59057
-1.57633
-1.56764
-1.55374
-1.55181
-1.5386
-1.53251
-1.51574
-1.50938
-1.50658
-1.50062
-1.48749
-1.4763
-1.46799
-1.45464
-1.43753
-1.43142
-1.42506
-1.4241
-1.41576
-1.40957
-1.40093
-1.38496
-1.36714
-1.36583
-1.36038
-1.3521
-1.34774
-1.33634
-1.32733
-1.31828
-1.30165
-1.29852
-1.27804
-1.27523
-1.2713
-1.26603
-1.24779
-1.24351
-1.23699
-1.2243
-1.20985
-1.20755
-1.19677
-1.17629
-1.17293
-1.15655
-1.15006
-1.14512
-1.13756
-1.12679
-1.11868
-1.11267
-1.10361
-1.0939
-1.08612
-1.07988
-1.0731
-1.06517
-1.05729
-1.0501
-1.03924
-1.02682
-1.01729
-1.00826
-1.00055
-0.993331
-0.987386
-0.976892
-0.957073
-0.951597
-0.942477
-0.939711
-0.925209
-0.912126
-0.901727
-0.892178
-0.882259
-0.871852
-0.861547
-0.851261
-0.84685
-0.841309
-0.830114
-0.817333
-0.814834
-0.805323
-0.790213
-0.77868
-0.772874
-0.760393
-0.754142
-0.748625
-0.736642
-0.728706
-0.713476
-0.703656
-0.69625
-0.691321
-0.677723
-0.674387
-0.661302
-0.645032
-0.644266
-0.634768
-0.615658
-0.598324
-0.592821
-0.583245
-0.579515
-0.573909
-0.565944
-0.560504
-0.550385
-0.541385
-0.524534
-0.503523
-0.482597
-0.473055
-0.467396
-0.462533
-0.446503
-0.439033
-0.418983
-0.410491
-0.402482
-0.383659
-0.381176
-0.372725
-0.363158
-0.350034
-0.339781
-0.328934
-0.315191
-0.307775
-0.29793
-0.281486
-0.2766
-0.273276
-0.260958
-0.258244
-0.249589
-0.238704
-0.235958
-0.218807
-0.216139
-0.208274
-0.201768
-0.190281
-0.184591
-0.173498
-0.166888
-0.155503
-0.139243
-0.137351
-0.126145
-0.115223
-0.105363
-0.101313
-0.0978677
-0.0903568
-0.0785559
-0.0696212
-0.0527161
-0.0463178
-0.0357416
-0.0297087
-0.0256221
-0.0182746
-0.0103044
-0.00287331
0
0.0126235
0.0210384
0.0282424
0.0340249
0.0429362
0.0473638
0.065407
0.0739099
0.0833322
0.0855615
0.095505
0.104256
0.109137
0.12415
0.131208
0.143395
0.152652
0.165066
0.172699
0.183989
0.187162
0.197779
0.202843
0.217631
0.227501
0.238283
0.24748
0.253982
0.259177
0.285175
0.294765
0.298509
0.30155
0.326418
0.335744
0.337774
0.345212
0.36105
0.377671
0.386141
0.39313
0.403574
0.411365
0.426188
0.442214
0.445795
0.463
0.47072
0.480659
0.49444
0.50774
0.51478
0.523215
0.540775
0.54578
0.552826
0.575897
0.587917
0.598073
0.603873
0.609433
0.618567
0.630955
0.645676
0.657656
0.678447
0.690722
0.698404
0.701209
0.719661
0.73513
0.748958
0.762658
0.771987
0.774699
0.803864
0.808477
0.818009
0.83763
0.85896
0.86842
0.871054
0.884025
0.895948
0.899635
0.920018
0.939455
0.944435
0.950886
0.96545
0.971987
0.97962
1.00643
1.01776
1.02862
1.03736
1.05386
1.06553
1.08187
1.09557
1.10335
1.11471
1.12221
1.13598
1.14434
1.16059
1.17218
1.18187
1.18981
1.20793
1.22227
1.22893
1.23826
1.23976
1.25621
1.26569
1.27923
1.28295
1.30381
1.30809
1.31855
1.33407
1.33857
1.34674
1.36339
1.36733
1.38687
1.38837
1.39703
1.40961
1.41165
1.42147
1.42808
1.43488
1.45471
1.45992
1.46327
1.47793
1.48639
1.49157
1.50348
1.5082
1.53198
1.543
1.55581
1.55967
1.56636
1.57043
1.57834
1.58723
1.6057
1.61372
1.61844
1.62587
1.63469
1.65186
1.66381
1.67837
1.68416
1.69271
1.70757
1.71577
1.73262
1.73699
1.73939
1.74712
1.75912
1.76572
1.77814
1.78747
1.79647
1.80308
1.80989
1.81342
1.81954
1.82817
1.83353
1.84644
1.86196
1.87347
1.87934
1.89558
1.90551
1.91393
1.91855
1.93163
1.93844
1.93979
1.95982
1.96865
1.97018
1.98478
1.99065
2.00077
2.017
2.03425
2.04013
2.04539
2.05087
2.06399
2.06852
2.07748
2.09141
2.09655
2.09807
2.10956
2.11755
2.12488
2.13846
2.14142
2.14824
2.1629
2.17265
2.1807
2.18382
2.19667
2.20671
2.2126
2.22132
2.23176
2.24187
2.24911
2.25743
2.26539
2.27842
2.29186
2.29826
2.30805
2.31772
2.32679
2.34348
2.35102
2.35724
2.37684
2.38123
2.39008
2.398
2.41346
2.42846
2.43253
2.43854
2.46154
2.46747
2.47331
2.48573
2.49093
2.50095
2.51218
2.51896
2.52677
2.53543
2.54206
2.56339
2.57665
2.58424
2.59164
2.59566
2.60201
2.61892
2.63087
2.63771
2.64126
2.65493
2.66598
2.6795
2.69325
2.70133
2.71007
2.72463
2.73641
2.73794
2.75392
2.76575
2.77935
2.78341
2.78367
2.79767
2.80269
2.81356
2.82176
2.82935
2.83672
2.85007
2.86686
2.87567
2.88166
2.90398
2.90692
2.91784
2.93257
2.94049
2.94548
2.95408
2.96149
2.96825
2.98042
3.00412
3.01291
3.02099
3.02665
3.04063
3.04631
3.05194
3.06112
3.06882
3.07589
3.08327
3.09708
3.10936
3.11511
3.13196
3.14606
3.15141
3.16038
3.16807
3.17121
3.18608
3.19149
3.20088
3.21322
3.21804
3.22337
3.23709
3.24913
3.26153
3.26758
3.27327
3.27871
3.28751
3.31076
3.31389
3.32357
3.32576
3.33627
3.34178
3.34806
3.35655
3.3627
3.37387
3.37999
3.39069
3.3956
3.4054
3.41564
3.42872
3.43479
3.44638
3.45489
3.45717
3.4597
3.47472
3.48422
3.48859
3.49141
3.49876
3.50794
3.51766
3.52989
3.53391
3.54002
3.54802
3.5558
3.56369
3.57822
3.58676
3.58974
3.59854
3.60723
3.62083
3.63006
3.64686
3.65051
3.67266
3.67489
3.6855
3.68897
3.69465
3.70309
3.72261
3.72815
3.73804
3.7469
3.75725
3.76932
3.77857
3.79848
3.80776
3.81476
3.82057
3.82906
3.84385
3.85236
3.86568
3.87527
3.88441
3.90293
3.91256
3.92312
3.92878
3.9343
3.94482
3.95205
3.95962
3.9755
3.97811
3.98983
4.00407
4.01932
4.02614
4.03537
4.04068
4.05659
4.0601
4.07581
4.08746
4.0951
4.10703
4.11321
4.12102
4.13253
4.14751
4.15412
4.16017
4.1729
4.18248
4.19194
4.19635
4.21023
4.22508
4.23034
4.24797
4.26928
4.27322
4.27563
4.28132
4.29185
4.3256
4.33898
4.35186
4.35557
4.36503
4.36627
4.38767
4.39137
4.40391
4.40986
4.41332
4.42844
4.4433
4.45094
4.46095
4.47789
4.49259
4.49785
4.51973
4.52518
4.54412
4.56434
4.56555
4.57296
4.57668
4.57933
4.60699
4.62207
4.62448
4.63283
4.64187
4.65917
4.66303
4.6833
4.6905
4.69548
4.70811
4.72553
4.7423
4.74885
4.77161
4.78779
4.80025
4.81206
4.82635
4.83889
4.84683
4.85291
4.86914
4.87149
4.8879
4.89185
4.90921
4.91615
4.92124
4.93718
4.95107
4.97093
4.97667
4.98456
4.98874
5.00588
5.01875
5.02751
5.03024
5.04153
5.05133
5.05811
5.06592
5.06922
5.08625
5.09221
5.09812
5.12796
5.14406
5.15319
5.15494
5.1685
5.17659
5.17854
5.18522
5.20631
5.20886
5.21589
5.227
5.23447
5.23787
5.2576
5.26389
5.27419
5.28606
5.29279
5.30166
5.30668
5.31079
5.32708
5.34941
5.35427
5.35839
5.36654
5.37843
5.39006
5.39545
5.40634
5.41808
5.42561
5.43321
5.45075
5.46023
5.47845
5.4909
5.50778
5.51854
5.53367
5.53909
5.5484
5.56039
5.56784
5.57256
5.59145
5.59361
5.60394
5.61031
5.61816
5.6382
5.64316
5.65165
5.65789
5.67164
5.68569
5.69242
5.70881
5.72224
5.72681
5.73872
5.74833
5.76308
5.77049
5.78405
5.79294
5.8
5.81555
5.81649
5.82162
5.83325
5.84644
5.85533
5.86058
5.87636
5.88668
5.89686
5.90462
5.91174
5.92161
5.93753
5.94351
5.96067
5.96349
5.97437
5.98698
5.99506
5.9993
6.01715
6.02043
6.03092
6.04736
6.06286
6.07403
6.07717
6.08119
6.09362
6.09985
6.11469
6.12079
6.12777
6.14119
6.15076
6.16122
6.16461
6.18486
6.18764
6.19665
6.20509
6.21088
6.22913
6.2416
6.25723
6.26033
6.26988
6.27792
6.28379
6.29142
6.29827
6.30322
6.31592
6.32331
6.33501
6.34226
6.36579
6.37171
6.38205
6.38689
6.39512
6.39719
6.42102
6.42894
6.43234
6.44178
6.44691
6.45308
6.46943
6.47165
6.47659
6.48664
6.49583
6.50334
6.51774
6.52564
6.52849
6.5365
6.54752
6.55235
6.55756
6.58098
6.58894
6.60951
6.61457
6.61605
6.62143
6.62985
6.65248
6.66266
6.67055
6.68167
6.69411
6.69903
6.71255
6.72444
6.73564
6.74673
6.75833
6.76748
6.77755
6.78251
6.79022
6.80394
6.80853
6.82182
6.82297
6.8258
6.82814
6.83808
6.86047
6.86521
6.88501
6.89585
6.90454
6.91509
6.92525
6.93952
6.94197
6.94859
6.95703
6.96757
6.96955
6.98197
6.99746
7.0018
7.01698
7.02242
7.03626
7.04218
7.05563
7.06263
7.07519
7.08745
7.09624
7.11286
7.12057
7.12685
7.14015
7.14923
7.15368
7.16194
7.17304
7.18471
7.19455
7.2037
7.21415
7.22556
7.23431
7.24678
7.25087
7.25725
7.26682
7.28118
7.29185
7.30179
7.30597
7.31022
7.32454
7.329
7.34673
7.3686
7.37048
7.38126
7.39797
7.40794
7.41876
7.42879
7.42918
7.44133
7.44912
7.46039
7.47215
7.4868
7.49067
7.49249
7.51108
7.53211
7.54104
7.55994
7.56854
7.57726
7.58869
7.59243
7.62078
7.63214
7.63522
7.6416
7.65523
7.6604
7.67503
7.68355
7.69708
7.70198
7.70705
7.71901
7.74216
7.75635
7.76175
7.77753
7.79681
7.80518
7.82156
7.8304
7.85241
7.87102
7.87802
7.88758
7.89493
7.91233
7.92189
7.93636
7.94426
7.95527
7.96671
7.97537
7.98147
7.98516
8.01356
8.0244
8.02602
8.03686
8.05395
8.06609
8.08219
8.10055
8.10918
8.11885
8.12212
8.13224
8.14663
8.15876
8.17631
8.18136
8.19964
8.20178
8.2081
8.21797
8.23076
8.2468
8.26676
8.27152
8.28378
8.29294
8.32243
8.33698
8.34857
8.36915
8.3729
8.39366
8.39741
8.41097
8.43522
8.45041
8.45634
8.45864
8.47766
8.48239
8.48846
8.51158
8.51751
8.52777
8.53541
8.54359
8.56132
8.56257
8.57288
8.59416
8.60649
8.60955
8.61591
8.62793
8.63289
8.64522
8.65169
8.65896
8.66551
8.69925
8.70074
8.7115
8.71515
8.71978
8.73359
8.73826
8.76544
8.76857
8.77919
8.79938
8.8092
8.8351
8.83729
8.84171
8.85404
8.86894
8.88342
8.8949
8.90329
8.92298
8.92524
8.93434
8.94596
8.95353
8.96355
8.9786
8.99213
9.00148
9.01972
9.03167
9.03873
9.06046
9.06533
9.07731
9.08821
9.09064
9.11678
9.12114
9.12498
9.13379
9.14556
9.16135
9.16387
9.16641
9.16793
9.18345
9.19727
9.21423
9.21943
9.22592
9.23501
9.24104
9.24797
9.25904
9.26664
9.27296
9.28103
9.28799
9.29193
9.31175
9.31187
9.31472
9.33642
9.34776
9.35249
9.36117
9.36957
9.38457
9.38659
9.40764
9.41301
9.42376
9.43857
9.44777
9.45883
9.46297
9.46962
9.48774
9.49532
9.50321
9.50487
9.51329
9.52306
9.53949
9.54657
9.55092
9.55799
9.57214
9.58235
9.58905
9.60072
9.61418
9.62255
9.63321
9.63805
9.64183
9.65938
9.66402
9.67038
9.68316
9.68653
9.69621
9.70899
9.71462
9.72655
9.73713
9.73838
9.7503
9.76072
9.77785
9.7813
9.79061
9.79639
9.81127
9.81662
9.82632
9.84229
9.84623
9.86299
9.87569
9.88315
9.9075
9.91095
9.91655
9.92641
9.93853
9.94374
9.95726
9.96271
9.96668
9.97894
9.9943
10.0095
10.0181
10.0235
10.03
10.0437
10.0463
10.0565
10.0789
10.0939
10.0991
10.1025
10.1052
10.1224
10.1331
10.1362
10.1471
10.1507
10.1641
10.1792
10.1897
10.1936
10.2106
10.2253
10.2316
10.2364
10.2455
10.2635
10.2641
10.2791
10.2883
10.2917
10.3061
10.3156
10.332
10.3403
10.3477
10.363
10.369
10.3731
10.3856
10.3903
10.4104
10.4153
10.4222
10.4339
10.451
10.4569
10.4702
10.4733
10.4825
10.4931
10.5113
10.5267
10.5401
10.5501
10.5541
10.5696
10.5845
10.5864
10.5984
10.6095
10.625
10.6325
10.6432
10.65
10.6595
10.6642
10.6677
10.679
10.6899
10.6989
10.7094
10.7171
10.7306
10.7401
10.7604
10.7736
10.7835
10.8006
10.8076
10.8163
10.8366
10.8386
10.8567
10.8684
10.8867
10.9054
10.9172
10.9202
10.9396
10.9461
10.9788
10.9978
11.0038
11.0127
11.0262
11.0299
11.0549
11.0585
11.0658
11.0883
11.0943
11.1336
11.1517
11.1572
11.167
11.1763
11.1886
11.2069
11.226
11.2409
11.2582
11.2673
11.287
11.2934
11.3022
11.3092
11.3315
11.3461
11.359
11.3742
11.3928
11.4009
11.4197
11.4381
11.4613
11.4758
11.4856
11.5265
11.5459
11.553
11.5709
11.5889
11.6092
11.6238
11.6252
11.6502
11.6735
11.691
11.7037
11.712
11.7295
11.7413
11.7521
11.7626
11.7721
11.7784
11.7932
11.806
11.8095
11.8326
11.8396
11.8512
11.8717
11.8831
11.9003
11.9025
11.9104
11.9169
11.9401
11.95
11.9655
11.9866
11.9946
12.0228
12.0329
12.0352
12.0555
12.0646
12.0889
12.0935
12.1205
12.1272
12.1321
12.1398
12.1587
12.1691
12.1922
12.2112
12.2171
12.2283
12.2381
12.259
12.2682
12.278
12.2852
12.2904
12.3102
12.3439
12.3497
12.3742
12.3812
12.3878
12.3978
12.4131
12.4213
12.4326
12.4595
12.4612
12.4769
12.4909
12.4984
12.5141
12.5252
12.55
12.5625
12.5747
12.5883
12.6061
12.6147
12.6333
12.6488
12.6525
12.677
12.6918
12.7
12.7081
12.7358
12.742
12.7633
12.772
12.7939
12.8012
12.8254
12.8323
12.8455
12.8482
12.863
12.8685
12.8821
12.8943
12.9009
12.9224
12.9389
12.9588
12.9657
12.9766
13.0043
13.0084
13.0317
13.0494
13.053
13.0621
13.0769
13.0833
13.0963
13.1038
13.1287
13.1295
13.1432
13.1578
13.1761
13.1784
13.2035
13.2107
13.2304
13.246
13.272
13.2794
13.291
13.2925
13.3256
13.3664
13.3718
13.3875
13.3996
13.426
13.4433
13.4467
13.4564
13.4784
13.5012
13.5216
13.5237
13.5288
13.5495
13.5659
13.5838
13.6029
13.6205
13.6387
13.6636
13.6767
13.7023
13.7135
13.7245
13.7273
13.7418
13.7573
13.7637
13.7818
13.7938
13.8033
13.8292
13.8362
13.8636
13.8713
13.8765
13.8888
13.8981
13.906
13.9104
13.9306
13.9425
13.9506
13.957
13.9708
14.0009
14.0045
14.0115
14.0252
14.041
14.0501
14.059
14.0725
14.0898
14.0948
14.1079
14.1335
14.1412
14.1445
14.1625
14.165
14.1949
14.2154
14.2311
14.2403
14.247
14.2611
14.2824
14.2924
14.3032
14.3154
14.3223
14.3451
14.3761
14.3871
14.3946
14.405
14.4349
14.4365
14.4408
14.4484
14.4647
14.4691
14.4934
14.5132
14.5334
14.545
14.5555
14.5743
14.5924
14.6123
14.6297
14.6369
14.661
14.6688
14.6915
14.7056
14.7268
14.7434
14.7491
14.777
14.7975
14.8221
14.8393
14.856
14.8697
14.8855
14.8892
14.9118
14.9417
14.9492
14.9601
14.9983
15.0129
15.033
15.0556
15.0721
15.0808
15.0952
15.1117
15.1345
15.1554
15.1764
15.1797
15.1993
15.2195
15.2655
15.2699
15.2838
15.3261
15.3547
15.3613
15.3855
15.4011
15.4051
15.4207
15.4507
15.4548
15.4805
15.4845
15.5026
15.5667
15.5972
15.6196
15.6257
15.6745
15.6848
15.7076
15.7128
15.7403
15.7582
15.7795
15.7902
15.8335
15.8502
15.8724
15.8989
15.9061
15.9179
15.9494
15.9587
15.9864
16.0034
16.0248
16.0379
16.0413
16.0629
16.0779
16.1074
16.122
16.1404
16.1437
16.1838
16.1971
16.2169
16.2212
16.2372
16.2624
16.2895
16.2992
16.3059
16.346
16.3584
16.4111
16.4293
16.4858
16.4946
16.5625
16.5771
16.5834
16.6043
16.6278
16.635
16.6574
16.6724
16.686
16.703
16.7362
16.7412
16.7643
16.7832
16.8056
16.8346
16.8503
16.9037
16.9108
16.9265
16.9478
16.9849
16.997
17.0236
17.0548
17.0808
17.0929
17.1008
17.1045
17.1377
17.1535
17.177
17.2106
17.2177
17.246
17.276
17.3122
17.3427
17.3749
17.4166
17.4402
17.4549
17.4665
17.5061
17.5482
17.578
17.6189
17.6484
17.6819
17.7018
17.7164
17.7331
17.7384
17.8147
17.8296
17.8551
17.8742
17.9019
17.9129
17.9751
17.9908
18.0312
18.0518
18.0819
18.1042
18.1187
18.1655
18.1727
18.18
18.2209
18.2422
18.2585
18.2759
18.2835
18.3327
18.3395
18.3672
18.412
18.4289
18.4698
18.4742
18.49
18.5412
18.5606
18.5756
18.608
18.6286
18.6498
18.6696
18.6896
18.7207
18.743
18.7527
18.7651
18.789
18.8225
18.8374
18.8461
18.8676
18.9027
18.9337
18.9516
18.9621
18.9908
19.009
19.0464
19.061
19.0963
19.1285
19.1518
19.2071
19.2264
19.2784
19.3373
19.3454
19.3542
19.4781
19.5142
19.5264
19.5717
19.6281
19.6484
19.6653
19.6819
19.7229
19.7673
19.774
19.8138
19.8367
19.8948
19.9146
19.9584
19.9691
19.9783
19.995
20.0179
20.0683
20.0788
20.0906
20.0972
20.1156
20.118
20.1645
20.239
20.2455
20.2623
20.3027
20.3135
20.352
20.3956
20.4076
20.4154
20.4385
20.4726
20.5066
20.5335
20.5494
20.569
20.5782
20.621
20.6641
20.7355
20.7512
20.8443
20.8844
20.9733
20.9949
21.0126
21.0764
21.1166
21.123
21.1698
21.2232
21.263
21.2952
21.3179
21.4517
21.4651
21.4968
21.5982
21.6322
21.6649
21.7582
21.8264
21.8711
21.891
21.9496
22.0144
22.0774
22.1109
22.132
22.1612
22.2003
22.2863
22.2915
22.3301
22.3583
22.4073
22.4401
22.4498
22.4686
22.5361
22.5676
22.6715
22.7126
22.7457
22.7916
22.8195
22.842
22.8827
22.921
22.9358
22.9701
22.9913
23.0534
23.0633
23.0971
23.1759
23.2099
23.2534
23.2927
23.3227
23.3769
23.445
23.4688
23.5011
23.5426
23.5756
23.6247
23.6594
23.6751
23.6937
23.798
23.832
23.8817
23.9247
23.9328
24.0328
24.1011
24.1963
24.2618
24.2947
24.3582
24.4149
24.4273
24.4465
24.5198
24.522
24.5341
24.5608
24.5814
24.6516
24.7568
24.7809
24.7918
24.9201
25.2482
25.333
25.3922
25.4084
25.4644
25.517
25.5453
25.5753
25.6125
25.6359
25.6482
25.7045
25.7838
25.8099
25.817
25.8854
25.9602
25.9951
26.047
26.1954
26.253
26.2929
26.4094
26.5639
26.5857
26.6425
26.7009
26.76
26.8354
26.8789
26.9418
26.9629
27.0352
27.0633
27.1717
27.1819
27.3008
27.3197
27.3741
27.436
27.531
27.5528
27.5811
27.6006
27.646
27.7185
27.8948
28.0481
28.1342
28.2146
28.2999
28.4519
28.4679
28.9295
28.9632
28.9738
29.0903
29.1072
29.1747
29.2103
29.3278
29.3602
29.4053
29.5288
29.871
29.9972
30.2095
30.2256
30.2485
30.3134
30.3969
30.4239
30.5344
30.5894
30.7815
30.8965
31.0348
31.0847
31.4062
31.5209
31.6864
31.9074
31.9818
32.1914
32.2582
32.6999
32.8449
33.6729
33.8186
33.8962
34.0133
34.0934
34.2055
34.6006
35.2671
35.3797
35.4216
35.4989
36.9208
36.9795
39.1327
39.2438
40.858
40.9307
46.6181
