-32.943 1
-31.5497 2
-31.3816 2
-29.8359 4
-29.6133 4
-29.1139 1
-27.8206 2
-27.7128 2
-26.1671 4
-25.5074 1
-24.6215 2
-24.4533 6
-24.4394 2
-24.4201 2
-24.342 2
-24.1832 2
-24.141 4
-23.8206 2
-23.3129 2
-22.8937 4
-22.6851 2
-22.4415 2
-22.383 2
-22.333 1
-22.1671 4
-22.1451 4
-22.1026 4
-22.0057 2
-21.9676 4
-21.6783 1
-21.5251 4
-21.0088 4
-20.8958 8
-20.7846 6
-20.6215 4
-20.5851 4
-20.4533 8
-20.4313 4
-19.7752 1
-19.4548 4
-19.3287 4
-19.3129 2
-19.2389 10
-19.182 4
-19.1704 2
-19.1396 2
-19.0376 4
-18.8722 2
-18.8697 2
-18.6851 4
-18.6556 4
-18.504 1
-18.2972 2
-18.2419 2
-17.9827 1
-17.8564 8
-17.6933 2
-17.5251 6
-17.5112 6
-17.4003 4
-17.3266 4
-17.255 2
-17.2128 2
-17.0596 1
-16.9644 2
-16.7846 4
-16.7626 4
-16.5851 12
-16.4533 2
-16.4401 2
-16.3328 4
-16.3107 12
-16.0645 4
-15.9462 1
-15.7827 2
-15.7569 8
-15.7286 2
-15.7274 4
-15.6244 2
-15.6066 2
-15.5133 8
-15.4218 2
-15.3137 4
-15.2389 12
-15.2169 4
-15.1956 4
-15.182 4
-15.1744 4
-15.1704 2
-15.0376 4
-15.0155 2
-14.8974 1
-14.8067 8
-14.7786 2
-14.6996 2
-14.6851 2
-14.6626 2
-14.619 4
-14.583 4
-14.383 2
-14.237 4
-14.1537 1
-14.0806 4
-14.064 2
-14.0574 2
-13.9676 4
-13.8564 24
-13.8034 2
-13.7662 4
-13.5251 4
-13.5112 8
-13.4892 4
-13.4003 4
-13.2665 2
-13.255 4
-13.2467 2
-13.2306 1
-13.2128 4
-13.1124 2
-13.1064 2
-13.0283 2
-12.9988 4
-12.9146 4
-12.7851 2
-12.7846 6
-12.7626 4
-12.7405 2
-12.6981 4
-12.611 2
-12.5851 20
-12.563 4
-12.4005 2
-12.3397 1
-12.3107 28
-12.2437 4
-12.2399 4
-12.1094 2
-12.0705 8
-11.9835 2
-11.944 6
-11.9301 2
-11.8889 2
-11.7286 2
-11.7274 4
-11.704 2
-11.6595 2
-11.5133 8
-11.4912 8
-11.3137 8
-11.2389 14
-11.2209 2
-11.2169 8
-11.1979 2
-11.1956 4
-11.1744 8
-11.1278 2
-11.0693 2
-11.0684 1
-10.9502 4
-10.9282 24
-10.8706 2
-10.6626 2
-10.6556 4
-10.6539 4
-10.5969 6
-10.583 6
-10.5471 1
-10.5367 4
-10.4856 2
-10.4721 4
-10.3844 4
-10.3711 4
-10.3268 2
-10.3017 2
-10.2846 8
-10.2419 6
-10.0806 8
-10.0706 4
-9.97433 2
-9.96759 8
-9.85641 12
-9.8562 2
-9.83437 10
-9.66436 8
-9.65685 8
-9.63802 2
-9.62405 1
-9.58208 8
-9.53532 4
-9.53092 4
-9.52887 2
-9.52515 4
-9.51121 2
-9.40456 4
-9.28339 2
-9.27135 4
-9.2665 2
-9.2128 2
-9.20319 2
-9.16526 1
-9.15835 4
-9.13632 4
-9.01584 4
-8.96631 2
-8.91463 4
-8.89259 2
-8.85765 4
-8.8545 6
-8.84057 2
-8.83793 2
-8.82872 2
-8.75878 2
-8.58506 16
-8.52661 2
-8.5106 1
-8.4984 2
-8.45607 4
-8.40053 4
-8.38408 4
-8.31073 20
-8.29986 4
-8.2887 4
-8.24621 4
-8.2437 4
-8.23986 4
-8.17107 2
-8.1411 4
-8.10936 4
-8 8
-7.98347 2
-7.94404 8
-7.94167 2
-7.92201 4
-7.91857 4
-7.87846 4
-7.86829 4
-7.85044 2
-7.72741 8
-7.72385 4
-7.67684 4
-7.64328 4
-7.63049 4
-7.55595 2
-7.51326 4
-7.48013 2
-7.47575 2
-7.37274 1
-7.29489 4
-7.27706 4
-7.23894 4
-7.2209 2
-7.21951 2
-7.15238 4
-7.07836 2
-7.04541 2
-7.03939 8
-6.98345 2
-6.95024 4
-6.9282 80
-6.90617 12
-6.79916 4
-6.75068 4
-6.72865 4
-6.71808 1
-6.6727 4
-6.59694 8
-6.58387 2
-6.58301 4
-6.47214 12
-6.44966 1
-6.37112 4
-6.35448 2
-6.29467 2
-6.24191 4
-6.21988 2
-6.12233 2
-6.07055 4
-6.046 4
-6.02715 2
-5.98642 2
-5.96759 4
-5.92945 4
-5.9263 4
-5.85641 16
-5.83437 12
-5.81234 2
-5.795 1
-5.79189 4
-5.76985 4
-5.67889 8
-5.67687 2
-5.65685 28
-5.63231 2
-5.53092 4
-5.52515 2
-5.47232 8
-5.40456 8
-5.38253 10
-5.33621 1
-5.30498 2
-5.27135 12
-5.21441 4
-5.18115 4
-5.1423 4
-5.13632 8
-5.0232 4
-5.01584 6
-5.01325 2
-5.0019 6
-4.99876 4
-4.99668 2
-4.97056 2
-4.8545 8
-4.83247 4
-4.82872 4
-4.81496 1
-4.7992 4
-4.75878 2
-4.66935 2
-4.61625 2
-4.58506 16
-4.56302 4
-4.45607 4
-4.40053 2
-4.39302 4
-4.38551 2
-4.32513 4
-4.31073 10
-4.29986 4
-4.25549 4
-4.22389 2
-4.19955 8
-4.19204 8
-4.17933 2
-4.10936 4
-4.08967 2
-4.02203 10
-4 40
-3.94404 2
-3.91857 4
-3.89188 1
-3.87846 8
-3.86829 4
-3.85044 4
-3.79214 4
-3.76234 2
-3.72741 4
-3.72385 4
-3.71779 2
-3.70182 2
-3.66874 2
-3.6548 6
-3.60845 4
-3.59344 4
-3.58315 4
-3.5718 4
-3.54393 4
-3.54369 1
-3.51508 2
-3.47575 2
-3.39046 2
-3.3564 2
-3.33321 2
-3.31371 2
-3.27706 4
-3.2734 2
-3.27233 2
-3.25624 2
-3.2008 4
-3.19341 2
-3.11274 2
-3.08025 2
-3.07836 2
-3.06931 2
-2.9282 72
-2.90617 28
-2.86609 2
-2.7871 2
-2.74367 2
-2.73616 4
-2.72865 12
-2.6727 4
-2.65388 4
-2.63669 2
-2.62061 1
-2.59694 2
-2.58301 4
-2.57064 2
-2.47636 4
-2.47214 8
-2.4525 8
-2.4389 2
-2.25386 4
-2.23015 4
-2.20811 4
-2.17515 2
-2.10967 4
-2.09936 1
-2.0737 4
-2.07055 8
-2.046 4
-2.0381 2
-1.98642 4
-1.92945 4
-1.9263 6
-1.91453 2
-1.91236 6
-1.90052 4
-1.85641 12
-1.84782 2
-1.83437 14
-1.81234 4
-1.80326 2
-1.7859 8
-1.76985 8
-1.72969 1
-1.72773 4
-1.72087 4
-1.65685 62
-1.60092 4
-1.54567 4
-1.52786 4
-1.45588 2
-1.38253 12
-1.27889 2
-1.27135 20
-1.24932 4
-1.18115 4
-1.17451 2
-1.1423 8
-1.11586 2
-1.09383 12
-1.0811 2
-1.0232 4
-1.01584 4
-1.0019 8
-0.985911 1
-0.979872 4
-0.950259 8
-0.926151 4
-0.922239 2
-0.896259 2
-0.857651 4
-0.854502 2
-0.847615 4
-0.828721 2
-0.795649 2
-0.702282 4
-0.641516 4
-0.635636 2
-0.616246 2
-0.585057 12
-0.563024 8
-0.556725 2
-0.52661 2
-0.461541 2
-0.407538 2
-0.325127 4
-0.310734 8
-0.272593 4
-0.260623 2
-0.255489 4
-0.233456 2
-0.200973 2
-0.199552 8
-0.177519 8
-0.108525 2
-0.0628293 1
-0.0220331 12
0 101
0.0628293 1
0.108525 2
0.121538 4
0.141105 4
0.201376 2
0.207864 4
0.246215 4
0.260623 2
0.269444 4
0.272593 4
0.345198 8
0.391548 8
0.406555 4
0.416847 4
0.438259 2
0.456067 4
0.461541 2
0.556725 2
0.633538 2
0.635636 2
0.641516 4
0.643601 4
0.666785 2
0.686292 4
0.828133 2
0.857651 4
0.896259 2
0.94178 4
0.950259 8
0.979872 4
0.985911 1
1.01584 4
1.01586 4
1.0718 54
1.07931 4
1.0811 2
1.09383 20
1.11586 2
1.13632 4
1.15835 4
1.17451 2
1.24932 4
1.26384 8
1.27135 20
1.27889 2
1.34612 8
1.41699 2
1.42936 2
1.45588 2
1.54567 4
1.65685 8
1.67569 2
1.69954 2
1.72087 4
1.72773 4
1.72969 1
1.74614 4
1.76985 8
1.77408 4
1.77839 4
1.7859 8
1.80326 2
1.84782 2
1.86745 4
1.90052 4
1.91236 6
1.91453 2
1.9263 6
1.92945 4
1.9619 4
2.01358 4
2.07055 8
2.0737 4
2.08764 8
2.09936 1
2.10967 4
2.11052 2
2.14359 6
2.16563 4
2.17515 2
2.25386 4
2.27913 4
2.34315 40
2.36518 8
2.39908 4
2.42112 2
2.4389 2
2.45433 4
2.47214 12
2.47636 4
2.54412 4
2.57064 2
2.61747 14
2.62061 1
2.63669 2
2.65388 4
2.67271 2
2.72865 16
2.73616 4
2.7871 2
2.82549 2
2.8577 4
2.86609 2
2.90617 28
2.9282 24
2.98416 4
2.9981 2
3.07385 4
3.1099 2
3.19341 2
3.2008 4
3.20435 4
3.25624 2
3.27233 2
3.2734 2
3.29772 8
3.31975 4
3.33321 2
3.3564 2
3.35848 4
3.35899 4
3.39046 2
3.41494 12
3.43698 4
3.48545 4
3.54369 1
3.5718 4
3.59344 4
3.61449 6
3.6548 6
3.66874 2
3.67043 8
3.68927 2
3.71779 2
3.72568 8
3.72741 4
3.76234 2
3.79214 4
3.80045 4
3.89147 2
3.89188 1
3.97797 14
4 90
4.02203 10
4.08967 2
4.10853 2
4.17933 2
4.19204 8
4.22389 2
4.26944 4
4.27432 8
4.32513 4
4.3452 2
4.38551 2
4.51455 4
4.56302 4
4.58506 4
4.61625 2
4.63354 4
4.64101 4
4.64152 4
4.6436 2
4.66935 2
4.68025 4
4.68629 4
4.69806 4
4.7992 4
4.81496 1
4.83247 4
4.8901 2
4.94178 4
4.99668 2
4.99876 4
5.0019 6
5.01584 6
5.0232 4
5.0718 20
5.09383 10
5.13632 8
5.1423 4
5.17451 2
5.2129 2
5.21441 4
5.24932 8
5.26384 4
5.27135 16
5.30498 2
5.32729 2
5.33621 1
5.34612 4
5.38253 10
5.40034 4
5.45588 4
5.47232 8
5.54567 4
5.57888 2
5.63231 2
5.63482 8
5.65685 28
5.67687 2
5.72087 4
5.795 1
5.81234 2
5.86745 4
5.88948 2
5.91236 8
5.9263 4
5.92945 4
6.02715 2
6.046 4
6.07055 4
6.0737 4
6.08059 4
6.08764 2
6.12233 2
6.13255 4
6.22161 4
6.22592 4
6.25386 4
6.30046 2
6.32431 2
6.34315 16
6.35448 2
6.44966 1
6.47214 8
6.54412 2
6.57064 2
6.58301 4
6.58387 2
6.61747 4
6.67271 4
6.71808 1
6.72865 16
6.73616 8
6.75068 4
6.90617 20
6.92069 4
6.9282 80
6.98416 2
7.00297 2
7.04541 2
7.05822 4
7.07836 2
7.1388 4
7.17187 2
7.17442 4
7.20435 4
7.21951 2
7.27706 4
7.29489 4
7.31371 4
7.33321 2
7.3564 4
7.35899 4
7.36646 2
7.37274 1
7.47575 2
7.48013 2
7.56174 2
7.59344 4
7.61449 4
7.6548 8
7.67684 4
7.72741 8
7.73056 4
7.79214 4
7.79862 2
7.87846 4
7.91857 4
7.92201 4
7.94167 2
7.97797 4
8 82
8.02203 12
8.06452 4
8.17107 2
8.17752 8
8.20097 2
8.23346 2
8.2887 4
8.29986 4
8.31073 12
8.32513 4
8.38408 4
8.4984 2
8.5106 1
8.52661 2
8.58506 12
8.61625 2
8.64101 4
8.70228 4
8.75878 2
8.79565 2
8.82872 2
8.83793 2
8.84057 2
8.8545 6
8.85765 4
8.8612 4
8.92224 2
8.92615 4
8.99703 2
9.0019 8
9.01584 4
9.0232 4
9.0718 8
9.09383 8
9.1423 8
9.16526 1
9.24932 4
9.27135 16
9.28339 2
9.32729 4
9.38253 12
9.40034 4
9.40456 4
9.45588 2
9.52887 2
9.53092 4
9.60092 4
9.62405 1
9.65685 62
9.66436 8
9.81234 4
9.83437 10
9.8562 2
9.85641 8
9.91236 2
9.9263 4
9.97433 2
10.0381 2
10.046 4
10.0706 4
10.0737 2
10.0806 8
10.1326 4
10.2846 8
10.3017 2
10.3431 4
10.3711 4
10.3844 4
10.5471 1
10.583 6
10.5969 6
10.6539 4
10.6556 4
10.6727 4
10.7287 12
10.7362 4
10.7437 2
10.7507 8
10.7871 2
10.8706 2
10.9062 10
10.9282 72
10.9502 4
11.0582 4
11.0684 1
11.0693 2
11.0784 2
11.0803 2
11.1127 2
11.1744 8
11.1979 2
11.2209 2
11.2771 4
11.3137 8
11.3564 2
11.3665 4
11.4548 4
11.4757 2
11.5151 2
11.5832 4
11.6085 4
11.6548 2
11.6595 2
11.7018 2
11.704 2
11.7274 4
11.7306 4
11.8785 8
11.8889 2
11.9186 4
11.9301 2
11.944 6
11.9835 2
12 46
12.022 14
12.0705 8
12.1996 8
12.2437 4
12.2555 4
12.2999 4
12.3107 28
12.3296 8
12.3397 1
12.3855 6
12.393 4
12.4005 2
12.563 4
12.5851 20
12.611 2
12.7023 8
12.7405 2
12.7588 2
12.7851 2
12.7956 4
12.8287 4
12.8545 8
12.9262 4
12.9988 4
13.0019 2
13.0088 4
13.0133 2
13.0158 4
13.0718 6
13.0938 2
13.1124 2
13.1423 4
13.1812 4
13.2306 1
13.2467 2
13.2665 2
13.2713 12
13.3273 4
13.3825 14
13.4046 8
13.4892 4
13.5251 4
13.5309 4
13.6009 4
13.6569 40
13.6789 8
13.8034 2
13.8344 12
13.8564 24
13.9263 2
13.9676 4
13.9864 2
14.0381 4
14.064 2
14.1026 4
14.1537 1
14.237 4
14.2947 2
14.3431 4
14.3711 4
14.583 4
14.5969 8
14.619 4
14.6539 8
14.6626 2
14.6727 4
14.6996 2
14.7287 12
14.7507 4
14.7992 4
14.8067 8
14.8974 1
14.9062 8
14.9282 54
14.9502 4
14.9834 2
14.9841 4
15.0394 8
15.1956 4
15.2169 4
15.2209 2
15.4218 2
15.556 2
15.5832 4
15.6066 2
15.6085 8
15.6305 4
15.7239 4
15.7274 4
15.7286 2
15.7569 8
15.7827 2
15.8504 2
15.8683 4
15.8785 4
15.944 8
15.9462 1
15.9835 2
16 22
16.022 4
16.1996 8
16.2437 4
16.2555 4
16.3107 20
16.3328 4
16.3855 4
16.4005 4
16.4075 2
16.4401 2
16.5266 2
16.563 8
16.5851 16
16.7626 4
16.7956 4
16.8287 2
16.8545 2
16.8926 2
16.9644 2
16.9663 2
17.0158 2
17.0596 1
17.1812 4
17.2032 2
17.2128 2
17.2665 2
17.2713 12
17.3266 4
17.3825 4
17.5112 6
17.5251 6
17.5353 4
17.5821 8
17.638 2
17.6569 16
17.6933 2
17.8344 14
17.8564 12
17.9827 1
17.9864 4
18.2419 2
18.3268 2
18.4525 8
18.4856 2
18.504 1
18.5367 4
18.583 4
18.5969 2
18.6539 4
18.6556 4
18.6626 2
18.6727 4
18.8722 2
18.9062 2
18.9282 20
19.0693 2
19.1278 2
19.1396 2
19.1704 2
19.1956 4
19.2169 8
19.2389 10
19.3137 2
19.3287 4
19.4912 8
19.7239 4
19.7286 2
19.7752 1
19.8504 4
19.8683 4
19.944 2
20 2
20.1094 2
20.1996 4
20.2399 4
20.3107 10
20.4005 2
20.4313 4
20.563 4
20.5851 16
20.7626 4
20.7846 6
20.9146 4
21.0283 2
21.1064 2
21.2128 4
21.5112 8
21.5251 4
21.6569 4
21.6783 1
21.8344 4
21.8564 16
21.9676 4
21.9864 4
22.0057 2
22.0574 2
22.1451 4
22.2199 2
22.333 1
22.383 2
22.583 2
22.6851 2
22.7786 2
22.8937 4
22.9282 8
23.0155 2
23.1704 2
23.2389 12
23.3129 2
23.3137 4
23.5133 8
23.6433 4
24 2
24.1094 4
24.141 4
24.2399 4
24.3107 8
24.4394 2
24.4533 6
24.5851 12
24.6215 2
24.7846 4
24.9146 4
25.2128 2
25.255 2
25.5074 1
25.5112 2
25.5251 4
25.6569 4
25.8564 12
25.9676 8
26.1671 4
26.2419 6
26.2972 2
26.6851 4
26.8697 2
26.9282 6
27.0376 4
27.182 4
27.2389 14
27.3129 2
27.3137 4
27.5133 8
27.7128 2
27.8206 2
28.1094 4
28.3107 2
28.4533 8
28.5851 12
28.6215 4
28.7846 6
28.8958 8
28.9706 2
29.1139 1
29.255 4
29.5251 2
29.6133 4
29.7662 4
29.8359 4
29.8564 6
29.9676 4
30.1671 4
30.2419 4
30.383 2
30.4415 2
30.6851 2
31.0376 4
31.182 4
31.2389 4
31.3816 2
31.5133 4
31.5497 2
31.6244 2
31.8206 2
32.1832 2
32.342 2
32.4201 2
32.4533 2
32.943 1
