-50.51 2
-49.2429 4
-49.1701 8
-48.9067 8
-48.2187 8
-47.0265 16
-46.6274 16
-46.4779 32
-45.8564 16
-45.5657 8
-45.3703 8
-43.9352 32
-43.7128 64
-43.3137 24
-43.0503 32
-42.0958 32
-41.9646 32
-41.5692 24
-41.1701 160
-41.1054 8
-40.8635 8
-40.6215 66
-40.2187 16
-40 10
-39.8979 32
-39.8384 32
-38.6274 32
-38.4779 64
-37.8564 256
-37.5657 8
-37.0733 128
-36.905 32
-36.8635 32
-36.4389 32
-36.3974 32
-36.1612 32
-36.1082 128
-35.9728 8
-35.7128 320
-35.7099 32
-35.3137 288
-35.2931 8
-35.0857 32
-35.0503 56
-35.0224 8
-34.7556 32
-34.5306 128
-34.51 2
-34.4256 8
-34.2419 32
-34.0958 64
-34.026 32
-33.9573 32
-33.497 8
-33.4366 32
-33.3079 32
-33.255 16
-33.1701 248
-32.6215 384
-32.4294 32
-32.2299 32
-32.2187 16
-32.1612 16
-32.1094 128
-32 224
-31.9192 32
-31.7009 2
-31.5138 32
-31.4589 8
-31.3816 128
-31.3356 32
-31.261 128
-31.2169 264
-31.0936 16
-31.0265 16
-30.9282 64
-30.7821 128
-30.6333 16
-30.6274 48
-30.5908 8
-30.5636 128
-30.541 128
-30.4779 32
-30.4338 72
-30.3488 36
-30.2419 128
-29.9573 8
-29.8564 1728
-29.8535 128
-29.8368 32
-29.7662 128
-29.6133 160
-29.5657 8
-29.4649 128
-29.4553 128
-29.3238 32
-29.255 128
-29.166 32
-29.0733 256
-29.013 32
-28.905 96
-28.7846 128
-28.7183 128
-28.598 32
-28.5527 40
-28.4389 128
-28.1612 36
-28.1082 224
-27.9728 16
-27.9352 32
-27.9192 40
-27.9105 64
-27.8274 128
-27.7798 32
-27.7271 64
-27.7128 512
-27.6772 8
-27.6687 32
-27.4852 32
-27.4589 32
-27.4514 128
-27.3137 1400
-27.2169 16
-27.2072 32
-27.0936 16
-27.0503 32
-26.9282 256
-26.9222 128
-26.8772 96
-26.7566 8
-26.5587 128
-26.5427 8
-26.4525 128
-26.3913 128
-26.3657 128
-26.3488 16
-26.0958 64
-26.0415 128
-25.9864 128
-25.8885 32
-25.689 16
-25.6466 64
-25.5913 8
-25.5251 512
-25.4366 64
-25.4213 192
-25.4046 264
-25.255 16
-25.1701 320
-25.1269 64
-25.126 32
-25.1252 32
-25.1054 8
-25.0913 192
-25.013 40
-24.8635 8
-24.8011 8
-24.7846 512
-24.6591 32
-24.6215 812
-24.5527 160
-24.471 96
-24.4394 128
-24.3991 16
-24.3107 128
-24.2187 16
-24.141 160
-24.1094 512
-24.016 128
-24 2080
-23.9804 128
-23.9192 32
-23.8881 8
-23.8504 16
-23.7271 64
-23.6433 128
-23.6354 64
-23.6085 264
-23.5988 512
-23.5821 64
-23.4852 32
-23.3137 64
-23.261 256
-23.2169 1556
-23.2006 32
-23.0249 128
-22.9282 384
-22.8946 32
-22.8254 128
-22.7829 64
-22.7821 384
-22.7416 128
-22.6851 288
-22.6274 64
-22.541 224
-22.5146 32
-22.5131 32
-22.3913 32
-22.3551 128
-22.3488 32
-22.2419 128
-22.1493 16
-22.1229 128
-22.0541 256
-21.931 32
-21.8564 5184
-21.8535 224
-21.8123 66
-21.7662 256
-21.7349 192
-21.689 80
-21.6569 256
-21.6558 128
-21.6466 160
-21.5657 8
-21.4649 256
-21.4573 8
-21.4471 32
-21.4048 32
-21.4046 16
-21.3078 32
-21.2292 128
-21.1939 8
-21.1908 32
-21.1863 8
-21.166 56
-21.0733 128
-21.0292 32
-21.013 32
-20.9443 148
-20.905 128
-20.8992 192
-20.8635 32
-20.821 16
-20.7985 128
-20.7956 128
-20.7023 264
-20.6863 24
-20.5692 32
-20.5527 64
-20.5093 512
-20.4389 192
-20.3855 32
-20.3296 128
-20.3107 160
-20.279 128
-20.1612 32
-20.1187 32
-20.1111 128
-20.1082 128
-20.0762 2
-20.0687 8
-20 128
-19.9728 16
-19.949 576
-19.9192 160
-19.8504 128
-19.7798 128
-19.7128 320
-19.6772 8
-19.6687 64
-19.6085 160
-19.4852 128
-19.4684 32
-19.4514 224
-19.4236 32
-19.3287 160
-19.3137 2672
-19.2931 8
-19.2705 256
-19.2169 16
-19.0249 32
-18.9987 192
-18.9749 32
-18.9282 1792
-18.8722 128
-18.8091 72
-18.7829 320
-18.7651 32
-18.7566 8
-18.7404 32
-18.6687 32
-18.6546 8
-18.583 512
-18.5587 256
-18.5427 160
-18.5306 128
-18.5146 40
-18.4931 96
-18.4525 768
-18.3913 32
-18.3226 64
-18.2801 8
-18.2726 36
-18.2419 64
-18.1848 64
-18.1631 96
-18.1493 16
-18.1436 16
-18.0958 64
-18.0806 128
-18.0381 16
-18.0317 32
-17.9864 512
-17.9573 32
-17.8564 256
-17.7257 256
-17.709 8
-17.689 128
-17.6574 8
-17.6466 40
-17.5913 16
-17.5428 576
-17.5251 896
-17.497 8
-17.4471 32
-17.4366 64
-17.4046 1556
-17.3442 128
-17.3275 128
-17.3273 128
-17.255 16
-17.2128 288
-17.2125 32
-17.1701 248
-17.1541 128
-17.1252 128
-17.0718 64
-17.0382 128
-17.013 160
-16.9868 128
-16.9459 32
-16.9443 160
-16.7846 512
-16.7072 128
-16.7023 160
-16.6591 96
-16.6567 128
-16.64 64
-16.6215 384
-16.5926 192
-16.484 8
-16.4661 32
-16.3855 128
-16.3107 128
-16.2625 96
-16.242 64
-16.2187 8
-16.1612 16
-16.1187 128
-16.1094 768
-16.0687 32
-16.0441 32
-16 10624
-15.9804 224
-15.9192 32
-15.8767 128
-15.8504 16
-15.7994 512
-15.7827 128
-15.7569 784
-15.7009 2
-15.6433 256
-15.6085 1736
-15.5988 896
-15.5339 32
-15.4589 8
-15.4269 64
-15.4164 80
-15.4012 64
-15.3665 16
-15.3137 64
-15.261 128
-15.2169 2864
-15.1744 32
-15.1482 32
-15.1367 128
-15.1319 8
-14.9841 128
-14.9749 8
-14.9421 512
-14.9282 1088
-14.9062 128
-14.8067 960
-14.7829 320
-14.7821 512
-14.7416 224
-14.7404 8
-14.7329 2
-14.7137 32
-14.6727 128
-14.6274 48
-14.6114 128
-14.5908 8
-14.541 128
-14.5409 128
-14.5146 32
-14.4766 128
-14.3488 36
-14.3226 64
-14.2726 16
-14.2547 512
-14.2517 32
-14.248 128
-14.2419 128
-14.1229 384
-14.1068 128
-14.0806 320
-14.0541 448
-14.0381 128
-13.971 128
-13.9573 8
-13.8564 8056
-13.8535 128
-13.8386 64
-13.8123 384
-13.7961 32
-13.7662 128
-13.6569 1024
-13.6203 32
-13.5672 128
-13.5014 32
-13.4649 128
-13.4573 160
-13.4471 128
-13.4208 32
-13.4046 16
-13.3783 64
-13.3508 192
-13.3454 8
-13.3358 40
-13.255 128
-13.1908 64
-13.166 32
-13.0718 256
-13.0208 672
-13.0158 512
-13.013 32
-12.9991 32
-12.9868 32
-12.9443 148
-12.905 96
-12.7956 512
-12.7846 128
-12.7448 128
-12.7183 128
-12.7023 1736
-12.6863 288
-12.5527 40
-12.5316 32
-12.5102 64
-12.5093 896
-12.4603 32
-12.4518 128
-12.4389 128
-12.4005 288
-12.3296 768
-12.3284 256
-12.3116 64
-12.3107 128
-12.2845 16
-12.2682 32
-12.242 160
-12.1851 32
-12.1612 36
-12.0705 960
-12.0425 32
-12 1056
-11.9728 16
-11.9301 128
-11.9192 40
-11.9032 128
-11.8767 80
-11.8526 32
-11.7798 192
-11.7128 64
-11.7053 128
-11.6772 8
-11.6704 128
-11.6687 32
-11.6247 4
-11.6145 32
-11.6085 160
-11.5649 192
-11.5397 36
-11.4711 512
-11.4684 64
-11.4589 32
-11.4514 128
-11.4503 96
-11.4164 80
-11.3665 128
-11.3137 2816
-11.2977 264
-11.2705 448
-11.2349 192
-11.2169 16
-11.2044 128
-11.1744 608
-11.1482 8
-11.1202 192
-11.0895 128
-11.0728 64
-10.9446 32
-10.9324 16
-10.9282 5632
-10.9222 128
-10.9062 160
-10.8092 32
-10.7836 256
-10.7829 64
-10.7669 32
-10.7651 64
-10.7566 8
-10.7141 32
-10.6716 8
-10.6642 64
-10.6546 16
-10.6146 672
-10.583 896
-10.5587 128
-10.5427 248
-10.5409 32
-10.5146 160
-10.4721 80
-10.4525 1280
-10.4296 8
-10.3853 128
-10.3488 16
-10.3431 256
-10.2846 784
-10.2726 32
-10.2039 32
-10.1877 66
-10.1436 256
-10.0958 32
-10.0806 608
-10.0381 16
-10.0317 56
-10.0038 8
-9.98642 768
-9.9263 512
-9.90914 128
-9.88854 32
-9.87707 128
-9.85641 256
-9.8386 320
-9.79611 40
-9.72572 448
-9.66436 960
-9.64655 64
-9.5913 16
-9.57035 32
-9.54477 256
-9.52805 64
-9.52515 512
-9.43664 64
-9.40456 2864
-9.37831 320
-9.3605 128
-9.34419 224
-9.33582 160
-9.33434 576
-9.32729 512
-9.25501 16
-9.17011 160
-9.15412 256
-9.13632 32
-9.12605 32
-9.12522 192
-9.09383 128
-9.0718 384
-9.04413 32
-9.03823 224
-9.01302 40
-8.98676 32
-8.86807 8
-8.8612 128
-8.85728 128
-8.84057 128
-8.82872 288
-8.74477 80
-8.71411 192
-8.70228 160
-8.68458 32
-8.67602 32
-8.65914 128
-8.65671 224
-8.63354 16
-8.62147 66
-8.55272 160
-8.51024 64
-8.50278 32
-8.4987 128
-8.46608 128
-8.46029 16
-8.3991 16
-8.39155 264
-8.38551 128
-8.38408 160
-8.31073 128
-8.28924 32
-8.28448 16
-8.26825 32
-8.24199 40
-8.20848 64
-8.10936 512
-8.04407 64
-8.04249 32
-8.01599 128
-8 29816
-7.99709 32
-7.98037 128
-7.91919 32
-7.87846 1248
-7.8767 16
-7.85044 16
-7.80796 128
-7.79942 896
-7.75801 40
-7.64328 128
-7.61449 128
-7.60845 2864
-7.60175 128
-7.59885 512
-7.56597 64
-7.54844 192
-7.53971 16
-7.53392 128
-7.37284 32
-7.36646 16
-7.34086 32
-7.31371 64
-7.3096 8
-7.29772 160
-7.25822 192
-7.2169 1556
-7.17442 320
-7.14272 128
-7.1388 128
-7.13193 8
-7.04282 32
-6.98414 256
-6.94214 896
-6.93243 80
-6.9282 1696
-6.91427 128
-6.90617 128
-6.87478 32
-6.78207 384
-6.74156 128
-6.71413 128
-6.7128 8
-6.67271 512
-6.66418 160
-6.6395 128
-6.62742 32
-6.59818 192
-6.59544 264
-6.54088 32
-6.51462 32
-6.47214 656
-6.45523 256
-6.42965 32
-6.42258 128
-6.4087 8
-6.34884 32
-6.30797 32
-6.25465 896
-6.24795 256
-6.24191 128
-6.23015 128
-6.20389 40
-6.12293 512
-6.09256 576
-6.09086 128
-6.08059 32
-6.0737 512
-6.05698 128
-6.05408 256
-6.01358 128
-5.97794 192
-5.9619 16
-5.85641 5184
-5.8386 320
-5.81234 812
-5.79611 32
-5.76985 32
-5.72737 32
-5.65685 1536
-5.64655 160
-5.59504 32
-5.57035 8
-5.56716 224
-5.5475 128
-5.47232 784
-5.4573 248
-5.40456 16
-5.37831 320
-5.34543 16
-5.33582 64
-5.32836 8
-5.30776 32
-5.21642 256
-5.1997 32
-5.19077 64
-5.18626 8
-5.1423 1248
-5.13632 608
-5.09383 160
-5.0718 1792
-5.01584 896
-5.01302 32
-4.94427 148
-4.91046 128
-4.90501 32
-4.85184 8
-4.81817 32
-4.81228 128
-4.79565 768
-4.74477 16
-4.70228 2864
-4.68629 1400
-4.67602 32
-4.63354 128
-4.55272 64
-4.53164 64
-4.52893 512
-4.52206 576
-4.51221 32
-4.5093 512
-4.46029 36
-4.45184 256
-4.43893 32
-4.43403 64
-4.39155 160
-4.38551 64
-4.32957 1280
-4.32835 448
-4.31073 160
-4.29474 128
-4.26825 128
-4.22021 32
-4.19204 960
-4.1474 32
-4.13068 64
-4.0968 128
-4.0762 2
-4.06874 8
-4.04249 128
-4 2720
-3.97285 8
-3.8526 56
-3.85044 128
-3.82472 8
-3.80796 32
-3.77979 128
-3.75801 160
-3.68642 576
-3.6772 8
-3.67165 256
-3.67043 768
-3.66874 128
-3.60845 160
-3.59222 32
-3.5718 160
-3.56597 320
-3.54816 128
-3.53971 32
-3.47107 896
-3.46836 64
-3.3564 288
-3.3402 16
-3.31371 2672
-3.29772 1736
-3.2734 128
-3.27049 256
-3.24178 96
-3.2169 16
-3.20435 512
-3.17442 128
-3.10567 64
-3.08954 224
-3.05573 148
-2.98416 512
-2.97491 32
-2.93243 128
-2.9282 5632
-2.91176 8
-2.90617 128
-2.86368 128
-2.80923 64
-2.78358 448
-2.76506 32
-2.75661 8
-2.74038 32
-2.73616 1248
-2.66418 40
-2.65457 16
-2.59544 16
-2.58591 64
-2.58301 512
-2.5427 320
-2.51462 40
-2.49863 32
-2.47214 656
-2.4525 768
-2.43284 128
-2.40614 672
-2.34315 1024
-2.28009 8
-2.27263 36
-2.24191 32
-2.23015 320
-2.20389 32
-2.18766 384
-2.14359 1728
-2.12397 32
-2.0381 16
-2.03168 32
-2.01184 16
-1.98642 512
-1.9619 128
-1.9263 896
-1.90052 160
-1.87707 384
-1.8386 64
-1.79611 160
-1.7859 960
-1.76985 608
-1.75205 128
-1.74535 512
-1.74244 128
-1.72737 16
-1.72572 256
-1.64655 40
-1.59661 32
-1.5913 16
-1.54477 448
-1.52786 80
-1.48538 32
-1.45588 288
-1.43664 32
-1.40456 1556
-1.38857 128
-1.37831 64
-1.37258 16
-1.3605 256
-1.3471 128
-1.34419 128
-1.32729 768
-1.28028 128
-1.26708 2
-1.25962 8
-1.21793 128
-1.17011 8
-1.15412 128
-1.13632 320
-1.12522 128
-1.11006 32
-1.09383 128
-1.0718 1088
-1.05786 512
-1.03823 128
-1.02509 8
-1.01586 128
-0.950259 960
-0.944272 160
-0.901786 32
-0.894326 64
-0.885157 32
-0.868068 8
-0.861205 256
-0.857283 224
-0.85184 32
-0.835644 96
-0.783096 264
-0.702282 160
-0.686292 64
-0.676024 128
-0.659796 16
-0.659138 96
-0.656707 128
-0.633538 16
-0.620237 128
-0.505622 32
-0.48398 8
-0.466081 192
-0.434034 320
-0.391548 1736
-0.385505 128
-0.330021 96
-0.310734 128
-0.24199 64
-0.200577 512
-0.199504 16
-0.197669 64
-0.149558 16
-0.109358 128
-0.0687443 32
-0.0440662 32
0 43492
0.0440662 32
0.0687443 32
0.109358 128
0.149558 16
0.197669 64
0.199504 16
0.200577 512
0.24199 64
0.310734 128
0.330021 96
0.385505 128
0.391548 1736
0.434034 320
0.466081 192
0.48398 8
0.505622 32
0.620237 128
0.633538 16
0.656707 128
0.659138 96
0.659796 16
0.676024 128
0.686292 64
0.702282 160
0.783096 264
0.835644 96
0.85184 32
0.857283 224
0.861205 256
0.868068 8
0.885157 32
0.894326 64
0.901786 32
0.944272 160
0.950259 960
1.01586 128
1.02509 8
1.03823 128
1.05786 512
1.0718 1088
1.09383 128
1.11006 32
1.12522 128
1.13632 320
1.15412 128
1.17011 8
1.21793 128
1.25962 8
1.26708 2
1.28028 128
1.32729 768
1.34419 128
1.3471 128
1.3605 256
1.37258 16
1.37831 64
1.38857 128
1.40456 1556
1.43664 32
1.45588 288
1.48538 32
1.52786 80
1.54477 448
1.5913 16
1.59661 32
1.64655 40
1.72572 256
1.72737 16
1.74244 128
1.74535 512
1.75205 128
1.76985 608
1.7859 960
1.79611 160
1.8386 64
1.87707 384
1.90052 160
1.9263 896
1.9619 128
1.98642 512
2.01184 16
2.03168 32
2.0381 16
2.12397 32
2.14359 1728
2.18766 384
2.20389 32
2.23015 320
2.24191 32
2.27263 36
2.28009 8
2.34315 1024
2.40614 672
2.43284 128
2.4525 768
2.47214 656
2.49863 32
2.51462 40
2.5427 320
2.58301 512
2.58591 64
2.59544 16
2.65457 16
2.66418 40
2.73616 1248
2.74038 32
2.75661 8
2.76506 32
2.78358 448
2.80923 64
2.86368 128
2.90617 128
2.91176 8
2.9282 5632
2.93243 128
2.97491 32
2.98416 512
3.05573 148
3.08954 224
3.10567 64
3.17442 128
3.20435 512
3.2169 16
3.24178 96
3.27049 256
3.2734 128
3.29772 1736
3.31371 2672
3.3402 16
3.3564 288
3.46836 64
3.47107 896
3.53971 32
3.54816 128
3.56597 320
3.5718 160
3.59222 32
3.60845 160
3.66874 128
3.67043 768
3.67165 256
3.6772 8
3.68642 576
3.75801 160
3.77979 128
3.80796 32
3.82472 8
3.85044 128
3.8526 56
3.97285 8
4 2720
4.04249 128
4.06874 8
4.0762 2
4.0968 128
4.13068 64
4.1474 32
4.19204 960
4.22021 32
4.26825 128
4.29474 128
4.31073 160
4.32835 448
4.32957 1280
4.38551 64
4.39155 160
4.43403 64
4.43893 32
4.45184 256
4.46029 36
4.5093 512
4.51221 32
4.52206 576
4.52893 512
4.53164 64
4.55272 64
4.63354 128
4.67602 32
4.68629 1400
4.70228 2864
4.74477 16
4.79565 768
4.81228 128
4.81817 32
4.85184 8
4.90501 32
4.91046 128
4.94427 148
5.01302 32
5.01584 896
5.0718 1792
5.09383 160
5.13632 608
5.1423 1248
5.18626 8
5.19077 64
5.1997 32
5.21642 256
5.30776 32
5.32836 8
5.33582 64
5.34543 16
5.37831 320
5.40456 16
5.4573 248
5.47232 784
5.5475 128
5.56716 224
5.57035 8
5.59504 32
5.64655 160
5.65685 1536
5.72737 32
5.76985 32
5.79611 32
5.81234 812
5.8386 320
5.85641 5184
5.9619 16
5.97794 192
6.01358 128
6.05408 256
6.05698 128
6.0737 512
6.08059 32
6.09086 128
6.09256 576
6.12293 512
6.20389 40
6.23015 128
6.24191 128
6.24795 256
6.25465 896
6.30797 32
6.34884 32
6.4087 8
6.42258 128
6.42965 32
6.45523 256
6.47214 656
6.51462 32
6.54088 32
6.59544 264
6.59818 192
6.62742 32
6.6395 128
6.66418 160
6.67271 512
6.7128 8
6.71413 128
6.74156 128
6.78207 384
6.87478 32
6.90617 128
6.91427 128
6.9282 1696
6.93243 80
6.94214 896
6.98414 256
7.04282 32
7.13193 8
7.1388 128
7.14272 128
7.17442 320
7.2169 1556
7.25822 192
7.29772 160
7.3096 8
7.31371 64
7.34086 32
7.36646 16
7.37284 32
7.53392 128
7.53971 16
7.54844 192
7.56597 64
7.59885 512
7.60175 128
7.60845 2864
7.61449 128
7.64328 128
7.75801 40
7.79942 896
7.80796 128
7.85044 16
7.8767 16
7.87846 1248
7.91919 32
7.98037 128
7.99709 32
8 29816
8.01599 128
8.04249 32
8.04407 64
8.10936 512
8.20848 64
8.24199 40
8.26825 32
8.28448 16
8.28924 32
8.31073 128
8.38408 160
8.38551 128
8.39155 264
8.3991 16
8.46029 16
8.46608 128
8.4987 128
8.50278 32
8.51024 64
8.55272 160
8.62147 66
8.63354 16
8.65671 224
8.65914 128
8.67602 32
8.68458 32
8.70228 160
8.71411 192
8.74477 80
8.82872 288
8.84057 128
8.85728 128
8.8612 128
8.86807 8
8.98676 32
9.01302 40
9.03823 224
9.04413 32
9.0718 384
9.09383 128
9.12522 192
9.12605 32
9.13632 32
9.15412 256
9.17011 160
9.25501 16
9.32729 512
9.33434 576
9.33582 160
9.34419 224
9.3605 128
9.37831 320
9.40456 2864
9.43664 64
9.52515 512
9.52805 64
9.54477 256
9.57035 32
9.5913 16
9.64655 64
9.66436 960
9.72572 448
9.79611 40
9.8386 320
9.85641 256
9.87707 128
9.88854 32
9.90914 128
9.9263 512
9.98642 768
10.0038 8
10.0317 56
10.0381 16
10.0806 608
10.0958 32
10.1436 256
10.1877 66
10.2039 32
10.2726 32
10.2846 784
10.3431 256
10.3488 16
10.3853 128
10.4296 8
10.4525 1280
10.4721 80
10.5146 160
10.5409 32
10.5427 248
10.5587 128
10.583 896
10.6146 672
10.6546 16
10.6642 64
10.6716 8
10.7141 32
10.7566 8
10.7651 64
10.7669 32
10.7829 64
10.7836 256
10.8092 32
10.9062 160
10.9222 128
10.9282 5632
10.9324 16
10.9446 32
11.0728 64
11.0895 128
11.1202 192
11.1482 8
11.1744 608
11.2044 128
11.2169 16
11.2349 192
11.2705 448
11.2977 264
11.3137 2816
11.3665 128
11.4164 80
11.4503 96
11.4514 128
11.4589 32
11.4684 64
11.4711 512
11.5397 36
11.5649 192
11.6085 160
11.6145 32
11.6247 4
11.6687 32
11.6704 128
11.6772 8
11.7053 128
11.7128 64
11.7798 192
11.8526 32
11.8767 80
11.9032 128
11.9192 40
11.9301 128
11.9728 16
12 1056
12.0425 32
12.0705 960
12.1612 36
12.1851 32
12.242 160
12.2682 32
12.2845 16
12.3107 128
12.3116 64
12.3284 256
12.3296 768
12.4005 288
12.4389 128
12.4518 128
12.4603 32
12.5093 896
12.5102 64
12.5316 32
12.5527 40
12.6863 288
12.7023 1736
12.7183 128
12.7448 128
12.7846 128
12.7956 512
12.905 96
12.9443 148
12.9868 32
12.9991 32
13.013 32
13.0158 512
13.0208 672
13.0718 256
13.166 32
13.1908 64
13.255 128
13.3358 40
13.3454 8
13.3508 192
13.3783 64
13.4046 16
13.4208 32
13.4471 128
13.4573 160
13.4649 128
13.5014 32
13.5672 128
13.6203 32
13.6569 1024
13.7662 128
13.7961 32
13.8123 384
13.8386 64
13.8535 128
13.8564 8056
13.9573 8
13.971 128
14.0381 128
14.0541 448
14.0806 320
14.1068 128
14.1229 384
14.2419 128
14.248 128
14.2517 32
14.2547 512
14.2726 16
14.3226 64
14.3488 36
14.4766 128
14.5146 32
14.5409 128
14.541 128
14.5908 8
14.6114 128
14.6274 48
14.6727 128
14.7137 32
14.7329 2
14.7404 8
14.7416 224
14.7821 512
14.7829 320
14.8067 960
14.9062 128
14.9282 1088
14.9421 512
14.9749 8
14.9841 128
15.1319 8
15.1367 128
15.1482 32
15.1744 32
15.2169 2864
15.261 128
15.3137 64
15.3665 16
15.4012 64
15.4164 80
15.4269 64
15.4589 8
15.5339 32
15.5988 896
15.6085 1736
15.6433 256
15.7009 2
15.7569 784
15.7827 128
15.7994 512
15.8504 16
15.8767 128
15.9192 32
15.9804 224
16 10624
16.0441 32
16.0687 32
16.1094 768
16.1187 128
16.1612 16
16.2187 8
16.242 64
16.2625 96
16.3107 128
16.3855 128
16.4661 32
16.484 8
16.5926 192
16.6215 384
16.64 64
16.6567 128
16.6591 96
16.7023 160
16.7072 128
16.7846 512
16.9443 160
16.9459 32
16.9868 128
17.013 160
17.0382 128
17.0718 64
17.1252 128
17.1541 128
17.1701 248
17.2125 32
17.2128 288
17.255 16
17.3273 128
17.3275 128
17.3442 128
17.4046 1556
17.4366 64
17.4471 32
17.497 8
17.5251 896
17.5428 576
17.5913 16
17.6466 40
17.6574 8
17.689 128
17.709 8
17.7257 256
17.8564 256
17.9573 32
17.9864 512
18.0317 32
18.0381 16
18.0806 128
18.0958 64
18.1436 16
18.1493 16
18.1631 96
18.1848 64
18.2419 64
18.2726 36
18.2801 8
18.3226 64
18.3913 32
18.4525 768
18.4931 96
18.5146 40
18.5306 128
18.5427 160
18.5587 256
18.583 512
18.6546 8
18.6687 32
18.7404 32
18.7566 8
18.7651 32
18.7829 320
18.8091 72
18.8722 128
18.9282 1792
18.9749 32
18.9987 192
19.0249 32
19.2169 16
19.2705 256
19.2931 8
19.3137 2672
19.3287 160
19.4236 32
19.4514 224
19.4684 32
19.4852 128
19.6085 160
19.6687 64
19.6772 8
19.7128 320
19.7798 128
19.8504 128
19.9192 160
19.949 576
19.9728 16
20 128
20.0687 8
20.0762 2
20.1082 128
20.1111 128
20.1187 32
20.1612 32
20.279 128
20.3107 160
20.3296 128
20.3855 32
20.4389 192
20.5093 512
20.5527 64
20.5692 32
20.6863 24
20.7023 264
20.7956 128
20.7985 128
20.821 16
20.8635 32
20.8992 192
20.905 128
20.9443 148
21.013 32
21.0292 32
21.0733 128
21.166 56
21.1863 8
21.1908 32
21.1939 8
21.2292 128
21.3078 32
21.4046 16
21.4048 32
21.4471 32
21.4573 8
21.4649 256
21.5657 8
21.6466 160
21.6558 128
21.6569 256
21.689 80
21.7349 192
21.7662 256
21.8123 66
21.8535 224
21.8564 5184
21.931 32
22.0541 256
22.1229 128
22.1493 16
22.2419 128
22.3488 32
22.3551 128
22.3913 32
22.5131 32
22.5146 32
22.541 224
22.6274 64
22.6851 288
22.7416 128
22.7821 384
22.7829 64
22.8254 128
22.8946 32
22.9282 384
23.0249 128
23.2006 32
23.2169 1556
23.261 256
23.3137 64
23.4852 32
23.5821 64
23.5988 512
23.6085 264
23.6354 64
23.6433 128
23.7271 64
23.8504 16
23.8881 8
23.9192 32
23.9804 128
24 2080
24.016 128
24.1094 512
24.141 160
24.2187 16
24.3107 128
24.3991 16
24.4394 128
24.471 96
24.5527 160
24.6215 812
24.6591 32
24.7846 512
24.8011 8
24.8635 8
25.013 40
25.0913 192
25.1054 8
25.1252 32
25.126 32
25.1269 64
25.1701 320
25.255 16
25.4046 264
25.4213 192
25.4366 64
25.5251 512
25.5913 8
25.6466 64
25.689 16
25.8885 32
25.9864 128
26.0415 128
26.0958 64
26.3488 16
26.3657 128
26.3913 128
26.4525 128
26.5427 8
26.5587 128
26.7566 8
26.8772 96
26.9222 128
26.9282 256
27.0503 32
27.0936 16
27.2072 32
27.2169 16
27.3137 1400
27.4514 128
27.4589 32
27.4852 32
27.6687 32
27.6772 8
27.7128 512
27.7271 64
27.7798 32
27.8274 128
27.9105 64
27.9192 40
27.9352 32
27.9728 16
28.1082 224
28.1612 36
28.4389 128
28.5527 40
28.598 32
28.7183 128
28.7846 128
28.905 96
29.013 32
29.0733 256
29.166 32
29.255 128
29.3238 32
29.4553 128
29.4649 128
29.5657 8
29.6133 160
29.7662 128
29.8368 32
29.8535 128
29.8564 1728
29.9573 8
30.2419 128
30.3488 36
30.4338 72
30.4779 32
30.541 128
30.5636 128
30.5908 8
30.6274 48
30.6333 16
30.7821 128
30.9282 64
31.0265 16
31.0936 16
31.2169 264
31.261 128
31.3356 32
31.3816 128
31.4589 8
31.5138 32
31.7009 2
31.9192 32
32 224
32.1094 128
32.1612 16
32.2187 16
32.2299 32
32.4294 32
32.6215 384
33.1701 248
33.255 16
33.3079 32
33.4366 32
33.497 8
33.9573 32
34.026 32
34.0958 64
34.2419 32
34.4256 8
34.51 2
34.5306 128
34.7556 32
35.0224 8
35.0503 56
35.0857 32
35.2931 8
35.3137 288
35.7099 32
35.7128 320
35.9728 8
36.1082 128
36.1612 32
36.3974 32
36.4389 32
36.8635 32
36.905 32
37.0733 128
37.5657 8
37.8564 256
38.4779 64
38.6274 32
39.8384 32
39.8979 32
40 10
40.2187 16
40.6215 66
40.8635 8
41.1054 8
41.1701 160
41.5692 24
41.9646 32
42.0958 32
43.0503 32
43.3137 24
43.7128 64
43.9352 32
45.3703 8
45.5657 8
45.8564 16
46.4779 32
46.6274 16
47.0265 16
48.2187 8
48.9067 8
49.1701 8
49.2429 4
50.51 2
