-24.6215 1
-24.4533 2
-22.6851 2
-20.7846 2
-19.2389 4
-17.5251 2
-17.5112 2
-17.255 1
-17.2128 2
-15.5133 2
-15.2389 4
-15.2169 2
-15.1744 2
-14.0806 2
-13.9676 4
-13.8564 6
-13.5251 4
-12.4005 2
-12.3107 3
-12.1094 2
-11.944 2
-10.9282 8
-10.5969 2
-10.583 2
-10.4721 2
-9.85641 4
-9.83437 4
-9.65685 4
-9.40456 2
-9.13632 2
-8.8545 2
-8.82872 2
-8.58506 6
-8.31073 4
-8.10936 2
-7.87846 4
-7.85044 1
-6.9282 16
-6.58301 4
-6.47214 2
-5.98642 2
-5.85641 6
-5.83437 4
-5.81234 1
-5.76985 2
-5.65685 8
-5.38253 4
-5.1423 4
-5.01584 2
-5.0019 2
-4.58506 8
-4.56302 4
-4.31073 5
-4.19955 2
-4.02203 4
-4 8
-3.6548 2
-3.60845 2
-3.3564 2
-3.31371 2
-2.9282 8
-2.90617 3
-2.73616 4
-2.65388 4
-2.23015 2
-2.0381 1
-1.98642 2
-1.9263 2
-1.91236 2
-1.65685 6
-1.52786 2
-1.45588 2
-1.38253 4
-1.01584 4
-0.795649 2
-0.702282 2
-0.585057 2
-0.0220331 4
0 37
0.633538 1
0.686292 2
1.0718 8
1.09383 4
1.13632 2
1.24932 4
1.45588 2
1.65685 4
1.91236 2
1.9263 2
2.0737 4
2.34315 4
2.47214 2
2.67271 2
2.72865 6
2.73616 4
2.90617 3
2.9282 8
3.20435 2
3.3564 2
3.6548 2
4 30
4.02203 4
5.0019 2
5.01584 2
5.0718 8
5.09383 5
5.1423 4
5.27135 6
5.32729 2
5.38253 4
5.65685 8
5.81234 1
5.9263 4
6.08059 2
6.34315 4
6.67271 2
6.72865 8
6.75068 4
6.90617 4
6.9282 16
7.17442 2
7.36646 1
7.87846 4
8 22
8.02203 4
8.70228 2
8.79565 2
8.82872 2
8.8545 2
9.01584 4
9.0718 2
9.27135 8
9.32729 2
9.38253 4
9.40456 2
9.65685 6
9.83437 4
10.0381 1
10.3431 2
10.583 2
10.5969 2
10.6539 4
10.7287 2
10.9062 5
10.9282 8
11.6085 2
11.944 2
12 6
12.1996 2
12.3107 3
12.4005 2
12.563 4
12.7956 2
13.2713 2
13.6569 4
13.8344 4
13.8564 6
13.9864 2
14.583 4
14.9282 8
15.2169 2
15.8504 1
16 2
16.3107 4
16.5851 6
17.2128 2
17.5112 2
17.5251 2
17.6569 4
17.8564 4
17.9864 2
18.9282 8
19.2389 4
19.3137 2
20 1
20.1094 2
20.3107 5
20.5851 8
20.7846 2
21.5251 4
21.6569 2
21.8564 6
21.9676 4
22.6851 2
22.9282 2
23.2389 4
23.3137 2
23.5133 2
24.1094 2
24.4533 2
24.5851 2
24.6215 1
25.255 1
