-35.0405
-34.906
-34.7884
-34.5251
-34.0371
-32.9103
-32.6874
-32.5795
-32.4159
-31.4792
-31.3813
-31.3498
-31.2542
-31.155
-31.0648
-30.8712
-30.7953
-30.3391
-30.1944
-29.7408
-29.7031
-29.6125
-29.5825
-29.5034
-29.4925
-29.3792
-29.2553
-29.1506
-29.0901
-28.8523
-28.6565
-28.3964
-28.2066
-27.4335
-27.3676
-27.347
-27.346
-27.186
-26.896
-26.6565
-26.4757
-26.4105
-26.2765
-26.1648
-26.1417
-26.1301
-26.074
-25.9773
-25.9503
-25.928
-25.8994
-25.8846
-25.829
-25.79
-25.7878
-25.7792
-25.7467
-25.7191
-25.6943
-25.6891
-25.6635
-25.6389
-25.5934
-25.5371
-25.5134
-25.4609
-25.39
-25.3196
-25.0447
-25.0034
-24.9834
-24.7992
-24.7843
-24.7042
-24.6925
-24.6296
-24.5961
-24.5126
-24.4892
-24.484
-24.4726
-24.4531
-24.418
-24.3805
-24.3654
-24.3356
-24.3237
-24.2974
-24.2837
-24.2504
-24.2218
-24.2099
-24.2004
-24.174
-24.1495
-24.1344
-24.1234
-24.1204
-24.1119
-24.0621
-24.0318
-24.0231
-24.0053
-23.9882
-23.9748
-23.9691
-23.9147
-23.8674
-23.8585
-23.8391
-23.8074
-23.7571
-23.7353
-23.7156
-23.6455
-23.6141
-23.6008
-23.5815
-23.5464
-23.4787
-23.4553
-23.4122
-23.3907
-23.3708
-23.3639
-23.2894
-23.2444
-23.1981
-23.1903
-23.1663
-23.1351
-23.0241
-23.011
-22.964
-22.8949
-22.8278
-22.8052
-22.7977
-22.783
-22.7421
-22.7032
-22.6915
-22.671
-22.6462
-22.6222
-22.5867
-22.5801
-22.5317
-22.5144
-22.462
-22.3972
-22.3858
-22.3714
-22.3457
-22.3188
-22.3015
-22.287
-22.2782
-22.2539
-22.2473
-22.2219
-22.1966
-22.1942
-22.1784
-22.1574
-22.144
-22.1079
-22.0987
-22.0791
-22.0557
-22.0495
-22.0269
-22.0167
-22.0117
-21.9924
-21.982
-21.9426
-21.9302
-21.8896
-21.8797
-21.847
-21.8342
-21.828
-21.8024
-21.7705
-21.752
-21.7126
-21.6752
-21.6655
-21.6173
-21.5895
-21.5856
-21.5688
-21.5639
-21.5616
-21.5407
-21.5235
-21.5028
-21.4959
-21.4744
-21.4543
-21.3182
-21.2745
-21.2304
-21.2169
-21.1788
-21.1731
-21.1549
-21.1372
-21.1088
-21.0999
-21.0612
-21.0115
-21.0057
-20.9892
-20.9807
-20.9363
-20.92
-20.8877
-20.8633
-20.8395
-20.7563
-20.7474
-20.7441
-20.726
-20.7155
-20.6979
-20.6588
-20.6397
-20.6116
-20.5973
-20.5646
-20.551
-20.5362
-20.5207
-20.5147
-20.5072
-20.489
-20.4716
-20.4535
-20.4318
-20.4202
-20.409
-20.3866
-20.3653
-20.357
-20.345
-20.3415
-20.3256
-20.2897
-20.281
-20.2733
-20.2651
-20.2291
-20.2225
-20.2122
-20.2063
-20.1812
-20.1466
-20.143
-20.1199
-20.1061
-20.092
-20.0761
-20.049
-20.021
-20.0029
-19.994
-19.9457
-19.9282
-19.9074
-19.8856
-19.8654
-19.8213
-19.7832
-19.7173
-19.6504
-19.6238
-19.613
-19.6073
-19.5842
-19.5503
-19.5213
-19.5132
-19.5072
-19.496
-19.4842
-19.4746
-19.4429
-19.4268
-19.4098
-19.3969
-19.3688
-19.362
-19.3567
-19.3404
-19.3222
-19.3009
-19.285
-19.2825
-19.2636
-19.2488
-19.2354
-19.2316
-19.2218
-19.2057
-19.178
-19.1682
-19.1562
-19.1389
-19.1031
-19.0882
-19.0843
-19.0697
-19.0488
-19.0484
-19.0437
-19.0339
-19.026
-19.0173
-18.9976
-18.9784
-18.9692
-18.9665
-18.9523
-18.9415
-18.9392
-18.9189
-18.911
-18.9033
-18.8814
-18.8703
-18.8623
-18.8438
-18.8266
-18.8255
-18.8073
-18.7983
-18.7832
-18.7817
-18.7458
-18.73
-18.7122
-18.6973
-18.6905
-18.6821
-18.6729
-18.6525
-18.6484
-18.6402
-18.6341
-18.6276
-18.6188
-18.6028
-18.5982
-18.5915
-18.58
-18.5488
-18.5394
-18.523
-18.5178
-18.4904
-18.4834
-18.4527
-18.44
-18.4269
-18.4231
-18.4055
-18.3887
-18.3778
-18.3481
-18.3357
-18.3057
-18.2701
-18.2451
-18.2399
-18.2199
-18.2112
-18.1769
-18.1591
-18.144
-18.133
-18.1111
-18.1051
-18.092
-18.0884
-18.0579
-18.0309
-18.0191
-18.0003
-17.9858
-17.9643
-17.948
-17.911
-17.8812
-17.8804
-17.8568
-17.8557
-17.8487
-17.8414
-17.8288
-17.7981
-17.7881
-17.7738
-17.7579
-17.7575
-17.7443
-17.7358
-17.7257
-17.717
-17.7009
-17.6815
-17.6663
-17.659
-17.6517
-17.6435
-17.6284
-17.6002
-17.5941
-17.5817
-17.5787
-17.561
-17.5309
-17.5214
-17.5154
-17.4982
-17.4914
-17.4641
-17.4598
-17.4406
-17.417
-17.4062
-17.3996
-17.3811
-17.3775
-17.3707
-17.356
-17.3523
-17.3353
-17.3202
-17.3064
-17.29
-17.2786
-17.27
-17.255
-17.2537
-17.23
-17.2177
-17.2141
-17.2081
-17.1981
-17.1845
-17.1811
-17.1634
-17.1617
-17.1484
-17.1329
-17.1157
-17.1089
-17.0994
-17.0831
-17.0784
-17.066
-17.0577
-17.0535
-17.0434
-17.0282
-17.0102
-16.9887
-16.9737
-16.9595
-16.9503
-16.9289
-16.9271
-16.9179
-16.9135
-16.9021
-16.8885
-16.8693
-16.8593
-16.8578
-16.842
-16.8229
-16.817
-16.8127
-16.7979
-16.7845
-16.7703
-16.7605
-16.7562
-16.7463
-16.7412
-16.73
-16.7231
-16.7121
-16.7108
-16.7071
-16.6931
-16.6907
-16.6806
-16.6713
-16.6636
-16.6602
-16.6501
-16.6425
-16.6382
-16.6283
-16.6197
-16.618
-16.6155
-16.6123
-16.6043
-16.6015
-16.5937
-16.5875
-16.5784
-16.5704
-16.5624
-16.553
-16.5508
-16.5352
-16.527
-16.5172
-16.5126
-16.5034
-16.499
-16.4824
-16.4749
-16.4716
-16.4662
-16.438
-16.4361
-16.4228
-16.4151
-16.413
-16.402
-16.396
-16.39
-16.3817
-16.3638
-16.362
-16.351
-16.3437
-16.3393
-16.3373
-16.3232
-16.3202
-16.3132
-16.3094
-16.3068
-16.3013
-16.2711
-16.2651
-16.254
-16.2504
-16.236
-16.2321
-16.2191
-16.2145
-16.2052
-16.1939
-16.1895
-16.1816
-16.1737
-16.1628
-16.1459
-16.1329
-16.1323
-16.1161
-16.1061
-16.0943
-16.0854
-16.0743
-16.0691
-16.0665
-16.0396
-16.038
-16.0326
-16.0228
-16.0167
-16.0124
-15.9989
-15.9794
-15.9613
-15.9577
-15.9521
-15.9274
-15.9132
-15.9
-15.8868
-15.8835
-15.8742
-15.864
-15.8502
-15.8384
-15.8244
-15.816
-15.8075
-15.7951
-15.7886
-15.7818
-15.7704
-15.7595
-15.7558
-15.743
-15.7352
-15.7263
-15.7125
-15.6967
-15.6894
-15.6828
-15.6703
-15.6611
-15.6566
-15.6457
-15.6218
-15.6157
-15.6004
-15.5848
-15.5798
-15.5701
-15.5609
-15.5508
-15.5466
-15.5372
-15.5296
-15.5248
-15.5144
-15.5051
-15.4957
-15.4818
-15.4812
-15.4703
-15.466
-15.4563
-15.4452
-15.4397
-15.4329
-15.4276
-15.4089
-15.4037
-15.3973
-15.3916
-15.3897
-15.3829
-15.3803
-15.3716
-15.3595
-15.3557
-15.3442
-15.3406
-15.3359
-15.3241
-15.3201
-15.3143
-15.3047
-15.2941
-15.2806
-15.2725
-15.2668
-15.2557
-15.2471
-15.2356
-15.2278
-15.2258
-15.2084
-15.2011
-15.1931
-15.1871
-15.1788
-15.1677
-15.1632
-15.1596
-15.1481
-15.1443
-15.1378
-15.1295
-15.1222
-15.1165
-15.1103
-15.0969
-15.0894
-15.0869
-15.0779
-15.0728
-15.07
-15.0688
-15.0541
-15.0499
-15.0425
-15.0325
-15.0244
-15.0214
-15.0152
-15.0082
-15.0039
-14.9954
-14.9907
-14.9844
-14.9769
-14.9723
-14.9669
-14.9595
-14.9559
-14.9493
-14.9474
-14.9397
-14.9343
-14.9241
-14.9193
-14.9174
-14.9136
-14.9093
-14.903
-14.8975
-14.8856
-14.8825
-14.8769
-14.8755
-14.8671
-14.8645
-14.8553
-14.8491
-14.837
-14.8315
-14.8229
-14.8191
-14.8159
-14.8058
-14.7889
-14.7821
-14.7796
-14.7773
-14.7675
-14.7632
-14.7559
-14.747
-14.7341
-14.7309
-14.7272
-14.7141
-14.7088
-14.7003
-14.6951
-14.691
-14.6859
-14.682
-14.6743
-14.6685
-14.6585
-14.6463
-14.6404
-14.6331
-14.6271
-14.6088
-14.5997
-14.5922
-14.587
-14.5832
-14.5693
-14.5639
-14.5548
-14.5472
-14.5344
-14.5329
-14.5283
-14.5205
-14.5168
-14.5094
-14.4994
-14.491
-14.4856
-14.4779
-14.4751
-14.4684
-14.4669
-14.4632
-14.4545
-14.4519
-14.4357
-14.4288
-14.421
-14.4194
-14.4151
-14.4065
-14.3956
-14.3842
-14.3792
-14.3702
-14.3593
-14.3481
-14.3386
-14.3351
-14.3245
-14.3122
-14.2995
-14.2841
-14.2828
-14.2798
-14.2708
-14.2673
-14.26
-14.2543
-14.2479
-14.2326
-14.2303
-14.2284
-14.2164
-14.2092
-14.19
-14.1842
-14.1753
-14.1633
-14.1516
-14.1397
-14.1355
-14.1239
-14.1115
-14.1064
-14.1043
-14.093
-14.0793
-14.0765
-14.0747
-14.0663
-14.0517
-14.0448
-14.0382
-14.0298
-14.0224
-14.0149
-14.0041
-13.9959
-13.9914
-13.98
-13.9739
-13.9704
-13.9644
-13.9494
-13.9445
-13.9402
-13.9178
-13.9008
-13.892
-13.8887
-13.8754
-13.8739
-13.8595
-13.8489
-13.8478
-13.8395
-13.8323
-13.8181
-13.8154
-13.8087
-13.7965
-13.7885
-13.7824
-13.7725
-13.7659
-13.7576
-13.7515
-13.7502
-13.7361
-13.7344
-13.7239
-13.7208
-13.7192
-13.7133
-13.6987
-13.6964
-13.6949
-13.6869
-13.6759
-13.6738
-13.6724
-13.6665
-13.6628
-13.6424
-13.6354
-13.6323
-13.6304
-13.6211
-13.6178
-13.6135
-13.6063
-13.6038
-13.5975
-13.5859
-13.5826
-13.572
-13.5628
-13.5533
-13.5444
-13.5373
-13.5304
-13.5279
-13.5179
-13.5102
-13.4987
-13.4938
-13.4885
-13.478
-13.4724
-13.4696
-13.4521
-13.4451
-13.4429
-13.4408
-13.4311
-13.4292
-13.4183
-13.4088
-13.3991
-13.3935
-13.3849
-13.3777
-13.3728
-13.3616
-13.3607
-13.3575
-13.3514
-13.343
-13.3377
-13.3319
-13.3242
-13.3195
-13.3125
-13.31
-13.3086
-13.2924
-13.2853
-13.2759
-13.2717
-13.2701
-13.2668
-13.2559
-13.2473
-13.2408
-13.2325
-13.2217
-13.2197
-13.2115
-13.2017
-13.1932
-13.1909
-13.1839
-13.1757
-13.1734
-13.1638
-13.159
-13.1527
-13.145
-13.141
-13.1357
-13.1336
-13.1236
-13.1223
-13.1142
-13.1097
-13.1095
-13.0931
-13.0831
-13.0787
-13.0705
-13.0605
-13.0521
-13.0511
-13.0465
-13.0335
-13.0276
-13.0195
-13.0032
-12.9972
-12.9928
-12.9896
-12.9719
-12.9669
-12.96
-12.9546
-12.9455
-12.9332
-12.93
-12.9239
-12.9179
-12.916
-12.907
-12.9051
-12.8993
-12.8986
-12.8885
-12.8819
-12.8772
-12.8699
-12.8665
-12.8608
-12.8524
-12.85
-12.8448
-12.8367
-12.8173
-12.8123
-12.8036
-12.7999
-12.7887
-12.7818
-12.7776
-12.7663
-12.7574
-12.7495
-12.7443
-12.7337
-12.7266
-12.7255
-12.7214
-12.7099
-12.7032
-12.6976
-12.6924
-12.6857
-12.6791
-12.675
-12.6711
-12.6624
-12.6523
-12.6495
-12.6318
-12.6276
-12.6182
-12.6181
-12.6114
-12.6064
-12.6057
-12.5988
-12.5915
-12.5809
-12.5732
-12.5709
-12.5685
-12.563
-12.5577
-12.5555
-12.5489
-12.5459
-12.5409
-12.5325
-12.5304
-12.5289
-12.5196
-12.5116
-12.5017
-12.5002
-12.4988
-12.4921
-12.4856
-12.4824
-12.4761
-12.4747
-12.4652
-12.4568
-12.4549
-12.4513
-12.4511
-12.4457
-12.4362
-12.4355
-12.4313
-12.4288
-12.4257
-12.4166
-12.4098
-12.4094
-12.404
-12.4005
-12.3937
-12.3841
-12.3809
-12.3739
-12.3704
-12.3664
-12.3579
-12.3574
-12.3553
-12.3458
-12.3356
-12.332
-12.3304
-12.3234
-12.3213
-12.3157
-12.3109
-12.3053
-12.2981
-12.2916
-12.2858
-12.2794
-12.2787
-12.2699
-12.2619
-12.2603
-12.2549
-12.2497
-12.2459
-12.243
-12.2366
-12.2312
-12.228
-12.221
-12.2177
-12.2161
-12.2056
-12.2015
-12.1915
-12.1904
-12.1834
-12.1775
-12.1755
-12.1688
-12.1641
-12.1579
-12.155
-12.1436
-12.1408
-12.1292
-12.1285
-12.1248
-12.1182
-12.1153
-12.1123
-12.1026
-12.0993
-12.0937
-12.0856
-12.0848
-12.0821
-12.0691
-12.0655
-12.0576
-12.053
-12.0469
-12.0391
-12.0332
-12.0297
-12.0213
-12.0164
-12.0143
-12.0128
-12.0075
-12.0043
-11.9996
-11.9902
-11.9894
-11.9781
-11.9746
-11.9691
-11.9649
-11.9611
-11.957
-11.9545
-11.9427
-11.936
-11.935
-11.9322
-11.922
-11.9171
-11.9103
-11.9062
-11.9032
-11.8959
-11.8917
-11.8851
-11.8838
-11.8716
-11.8656
-11.8624
-11.8618
-11.8476
-11.8428
-11.8353
-11.8352
-11.8335
-11.8267
-11.8188
-11.8124
-11.8059
-11.8034
-11.7995
-11.7921
-11.782
-11.7787
-11.7747
-11.7626
-11.7544
-11.7492
-11.7443
-11.7433
-11.7327
-11.7323
-11.724
-11.7133
-11.7115
-11.7075
-11.7047
-11.6955
-11.6909
-11.6857
-11.6807
-11.6613
-11.6585
-11.6464
-11.645
-11.6307
-11.6285
-11.6241
-11.622
-11.6148
-11.6098
-11.6004
-11.5959
-11.5871
-11.5865
-11.5829
-11.5785
-11.5677
-11.5597
-11.5536
-11.5367
-11.5315
-11.5231
-11.5195
-11.5179
-11.5045
-11.4985
-11.4907
-11.4868
-11.4832
-11.4796
-11.4716
-11.4654
-11.4623
-11.4596
-11.4501
-11.4478
-11.4363
-11.4275
-11.4193
-11.414
-11.4083
-11.3955
-11.3908
-11.3856
-11.3784
-11.3724
-11.3641
-11.3619
-11.3603
-11.3573
-11.3532
-11.3387
-11.3375
-11.3318
-11.3228
-11.3167
-11.3115
-11.3102
-11.3051
-11.2912
-11.29
-11.2864
-11.2797
-11.2757
-11.2727
-11.268
-11.2616
-11.2569
-11.2523
-11.2471
-11.2439
-11.2383
-11.2319
-11.2273
-11.2257
-11.2221
-11.2176
-11.2093
-11.2054
-11.2015
-11.2003
-11.1975
-11.1948
-11.1819
-11.1801
-11.1716
-11.17
-11.1651
-11.1568
-11.152
-11.15
-11.1413
-11.1376
-11.1333
-11.1266
-11.1196
-11.1132
-11.1087
-11.1055
-11.1012
-11.0939
-11.0892
-11.0844
-11.0769
-11.0705
-11.0645
-11.0609
-11.0579
-11.0542
-11.0501
-11.0433
-11.0353
-11.0295
-11.0275
-11.0269
-11.0241
-11.0167
-11.0108
-11.0094
-11.0076
-11.0011
-10.9967
-10.9934
-10.9918
-10.9861
-10.9807
-10.9783
-10.9731
-10.9697
-10.9618
-10.9583
-10.9566
-10.9533
-10.9493
-10.946
-10.9413
-10.9372
-10.932
-10.9289
-10.927
-10.9196
-10.9151
-10.9108
-10.9036
-10.8967
-10.8941
-10.8899
-10.8866
-10.8771
-10.8752
-10.8705
-10.862
-10.8567
-10.8536
-10.85
-10.8473
-10.8403
-10.8343
-10.8307
-10.8284
-10.8249
-10.8192
-10.8094
-10.8
-10.7974
-10.7943
-10.7915
-10.788
-10.7855
-10.7774
-10.7699
-10.7666
-10.7657
-10.756
-10.7532
-10.7512
-10.7439
-10.741
-10.7357
-10.7315
-10.7224
-10.7201
-10.714
-10.7089
-10.7042
-10.7
-10.6944
-10.6865
-10.6825
-10.6771
-10.6751
-10.6694
-10.662
-10.6596
-10.6551
-10.6493
-10.6443
-10.6403
-10.639
-10.6316
-10.6226
-10.6209
-10.6171
-10.6131
-10.6062
-10.6061
-10.5982
-10.5947
-10.5901
-10.5874
-10.5838
-10.5739
-10.5692
-10.5627
-10.5615
-10.5567
-10.5525
-10.5496
-10.5457
-10.5435
-10.54
-10.5341
-10.53
-10.5257
-10.5239
-10.5165
-10.5086
-10.4993
-10.4968
-10.4931
-10.4914
-10.4859
-10.4808
-10.476
-10.4663
-10.4624
-10.4544
-10.4498
-10.4483
-10.442
-10.4377
-10.4347
-10.4294
-10.4212
-10.4148
-10.4113
-10.4063
-10.4002
-10.3931
-10.3913
-10.3873
-10.3804
-10.3699
-10.3609
-10.3585
-10.3569
-10.3515
-10.3504
-10.3467
-10.3404
-10.3364
-10.3323
-10.3285
-10.322
-10.3181
-10.3146
-10.3065
-10.3045
-10.2991
-10.2969
-10.2861
-10.2801
-10.2736
-10.2712
-10.2659
-10.2612
-10.2557
-10.2529
-10.2481
-10.2455
-10.2419
-10.2373
-10.2314
-10.2294
-10.2198
-10.2181
-10.2163
-10.2118
-10.2096
-10.1999
-10.198
-10.1937
-10.1901
-10.186
-10.1838
-10.1812
-10.1775
-10.173
-10.1682
-10.1596
-10.1543
-10.1466
-10.1433
-10.1373
-10.1329
-10.13
-10.1231
-10.1195
-10.1159
-10.1129
-10.097
-10.0943
-10.0906
-10.0862
-10.0781
-10.074
-10.0685
-10.0663
-10.0629
-10.0586
-10.0548
-10.0515
-10.0474
-10.0446
-10.0424
-10.0321
-10.0288
-10.0257
-10.0208
-10.0083
-10.0045
-10.0022
-9.99467
-9.98837
-9.9824
-9.97745
-9.9746
-9.96899
-9.96412
-9.96087
-9.95709
-9.94738
-9.94232
-9.93848
-9.93622
-9.93206
-9.92917
-9.92038
-9.91702
-9.9115
-9.90667
-9.90285
-9.89983
-9.89451
-9.88786
-9.88203
-9.88049
-9.87525
-9.87142
-9.86257
-9.8615
-9.85544
-9.85341
-9.8447
-9.83924
-9.83782
-9.83162
-9.82785
-9.82711
-9.82335
-9.81978
-9.8177
-9.80561
-9.80331
-9.79544
-9.79407
-9.79125
-9.78558
-9.78402
-9.78236
-9.77774
-9.7719
-9.76693
-9.76203
-9.76102
-9.75537
-9.75476
-9.74563
-9.74138
-9.73967
-9.73663
-9.73035
-9.72708
-9.72125
-9.71398
-9.71336
-9.70565
-9.70497
-9.70262
-9.69984
-9.69364
-9.69059
-9.6852
-9.68357
-9.67863
-9.67638
-9.66907
-9.66842
-9.66574
-9.66191
-9.65722
-9.65479
-9.6497
-9.64581
-9.64212
-9.6401
-9.63188
-9.62813
-9.62643
-9.6229
-9.61887
-9.61213
-9.60556
-9.60325
-9.59791
-9.59117
-9.5894
-9.58689
-9.58428
-9.57639
-9.57593
-9.57028
-9.56824
-9.5634
-9.5617
-9.55551
-9.55263
-9.54729
-9.54454
-9.53684
-9.53565
-9.53216
-9.52835
-9.52621
-9.52267
-9.51993
-9.50947
-9.50789
-9.50446
-9.50087
-9.49683
-9.49407
-9.48965
-9.48336
-9.48045
-9.47938
-9.47032
-9.46545
-9.46102
-9.45841
-9.45043
-9.44479
-9.44081
-9.43623
-9.43136
-9.4251
-9.42219
-9.41867
-9.41212
-9.40632
-9.3992
-9.39755
-9.3858
-9.38399
-9.38268
-9.37569
-9.37144
-9.36494
-9.36405
-9.36032
-9.35687
-9.35196
-9.34766
-9.34357
-9.33739
-9.33649
-9.33104
-9.32506
-9.32197
-9.31708
-9.31493
-9.30988
-9.3081
-9.30612
-9.29698
-9.29252
-9.28843
-9.28632
-9.28212
-9.28116
-9.27976
-9.276
-9.26937
-9.26706
-9.26
-9.25845
-9.25408
-9.25172
-9.24961
-9.2419
-9.23961
-9.23521
-9.23407
-9.22983
-9.22316
-9.22198
-9.2134
-9.20942
-9.20696
-9.20181
-9.19427
-9.18907
-9.18771
-9.18634
-9.18127
-9.17587
-9.16684
-9.16493
-9.16239
-9.15471
-9.15052
-9.14634
-9.143
-9.13559
-9.13248
-9.12489
-9.11943
-9.11591
-9.11337
-9.10722
-9.10276
-9.10008
-9.09692
-9.09406
-9.08732
-9.08431
-9.08236
-9.07767
-9.0731
-9.07002
-9.0647
-9.05507
-9.05203
-9.04909
-9.04594
-9.0446
-9.03486
-9.0324
-9.02943
-9.02544
-9.02287
-9.01527
-9.01096
-9.0062
-9.0052
-9.00189
-8.9953
-8.99296
-8.99208
-8.98366
-8.9803
-8.97821
-8.97369
-8.96728
-8.96297
-8.96083
-8.95846
-8.95355
-8.94978
-8.94468
-8.94041
-8.93904
-8.93528
-8.92575
-8.92534
-8.92094
-8.91629
-8.91231
-8.90342
-8.89885
-8.89547
-8.89269
-8.88569
-8.88256
-8.87823
-8.87422
-8.87155
-8.86723
-8.86593
-8.86137
-8.85431
-8.8505
-8.84801
-8.84226
-8.83956
-8.83303
-8.82394
-8.82147
-8.81847
-8.81505
-8.81252
-8.8105
-8.80752
-8.80538
-8.79921
-8.79313
-8.78917
-8.78556
-8.77985
-8.77587
-8.76867
-8.76387
-8.75852
-8.75442
-8.75105
-8.74652
-8.74287
-8.73693
-8.73502
-8.73116
-8.72474
-8.72265
-8.71299
-8.70652
-8.70126
-8.69964
-8.69755
-8.69062
-8.68594
-8.68284
-8.68013
-8.67358
-8.67023
-8.66438
-8.66077
-8.65337
-8.65263
-8.64609
-8.64002
-8.63702
-8.63117
-8.62744
-8.62496
-8.62136
-8.61928
-8.61545
-8.61037
-8.60708
-8.59993
-8.59445
-8.59165
-8.5865
-8.58124
-8.57833
-8.56995
-8.56717
-8.5645
-8.56207
-8.55734
-8.5533
-8.55024
-8.54592
-8.54251
-8.5363
-8.5327
-8.53155
-8.5267
-8.52366
-8.52079
-8.5158
-8.50813
-8.50718
-8.50396
-8.50014
-8.4925
-8.49
-8.48719
-8.48353
-8.48027
-8.47781
-8.47416
-8.46905
-8.46636
-8.46132
-8.45773
-8.45065
-8.44769
-8.4429
-8.43984
-8.4362
-8.43442
-8.42857
-8.42367
-8.42073
-8.41887
-8.41315
-8.41067
-8.40739
-8.40422
-8.40053
-8.39943
-8.39537
-8.38923
-8.38821
-8.3858
-8.38465
-8.37961
-8.37425
-8.37244
-8.36338
-8.36191
-8.35955
-8.35385
-8.35151
-8.35019
-8.3492
-8.34288
-8.33899
-8.33538
-8.33174
-8.32655
-8.32595
-8.32175
-8.3164
-8.31262
-8.30565
-8.30462
-8.30007
-8.29941
-8.29185
-8.29021
-8.28805
-8.28501
-8.28025
-8.27808
-8.2731
-8.26964
-8.2659
-8.26365
-8.26152
-8.2546
-8.25213
-8.24818
-8.24406
-8.24351
-8.23654
-8.23088
-8.22977
-8.22324
-8.2222
-8.22032
-8.21839
-8.21069
-8.21031
-8.20522
-8.20178
-8.19869
-8.19212
-8.1891
-8.18789
-8.18408
-8.17838
-8.17506
-8.16849
-8.16738
-8.16534
-8.16377
-8.15451
-8.14937
-8.148
-8.14353
-8.13931
-8.13345
-8.13093
-8.12819
-8.1253
-8.11837
-8.11749
-8.11252
-8.11098
-8.10289
-8.09744
-8.09606
-8.09402
-8.08672
-8.08297
-8.08161
-8.07552
-8.07211
-8.06549
-8.06097
-8.05984
-8.05458
-8.05218
-8.04402
-8.04239
-8.04064
-8.03297
-8.03169
-8.02628
-8.0228
-8.01782
-8.01356
-8.01169
-8.0084
-8.00545
-7.99897
-7.99738
-7.99251
-7.98927
-7.98578
-7.97997
-7.97849
-7.97743
-7.97135
-7.9686
-7.96558
-7.96286
-7.95482
-7.95197
-7.94757
-7.94294
-7.94281
-7.93808
-7.93182
-7.92965
-7.9236
-7.92091
-7.91879
-7.91716
-7.91177
-7.91119
-7.90789
-7.90426
-7.90091
-7.89776
-7.89461
-7.8882
-7.88704
-7.88544
-7.88045
-7.8799
-7.87401
-7.87177
-7.86847
-7.86465
-7.85942
-7.85701
-7.85528
-7.85038
-7.84614
-7.84445
-7.83974
-7.83768
-7.83483
-7.83141
-7.82419
-7.82217
-7.8211
-7.81792
-7.81506
-7.81312
-7.81137
-7.80417
-7.79762
-7.79289
-7.78677
-7.78376
-7.78222
-7.77955
-7.77132
-7.76738
-7.7613
-7.75976
-7.7565
-7.75416
-7.75184
-7.7477
-7.74603
-7.74447
-7.73339
-7.73211
-7.72681
-7.72052
-7.71847
-7.71511
-7.71282
-7.70763
-7.70357
-7.69918
-7.69822
-7.69062
-7.68733
-7.68077
-7.6784
-7.67794
-7.66991
-7.66811
-7.66211
-7.66
-7.65803
-7.65189
-7.65019
-7.6468
-7.64528
-7.64231
-7.63582
-7.6296
-7.62884
-7.62744
-7.62502
-7.61527
-7.61082
-7.60762
-7.60733
-7.60253
-7.59697
-7.59463
-7.59278
-7.58905
-7.58771
-7.58073
-7.57933
-7.57587
-7.57484
-7.5668
-7.56162
-7.5588
-7.55769
-7.55184
-7.54826
-7.54085
-7.53979
-7.53877
-7.53284
-7.5284
-7.52708
-7.52416
-7.5187
-7.51523
-7.51144
-7.50686
-7.50426
-7.49771
-7.49287
-7.49111
-7.48328
-7.48001
-7.47848
-7.47348
-7.46832
-7.46755
-7.46292
-7.45706
-7.45572
-7.45326
-7.44862
-7.44493
-7.43956
-7.43694
-7.43545
-7.43179
-7.42705
-7.42304
-7.41889
-7.4164
-7.41107
-7.41003
-7.40438
-7.40262
-7.39379
-7.39275
-7.38996
-7.38775
-7.38415
-7.37838
-7.3731
-7.37007
-7.36765
-7.36323
-7.35961
-7.35838
-7.35043
-7.34583
-7.34333
-7.33913
-7.33351
-7.33128
-7.32628
-7.32524
-7.32044
-7.31664
-7.30974
-7.30825
-7.30381
-7.3013
-7.2968
-7.29006
-7.28961
-7.28452
-7.28181
-7.27916
-7.27614
-7.26999
-7.26579
-7.26351
-7.25889
-7.25518
-7.2535
-7.24724
-7.24449
-7.24006
-7.23609
-7.23446
-7.2285
-7.22607
-7.21869
-7.21479
-7.21226
-7.20644
-7.20269
-7.19986
-7.19572
-7.19243
-7.19193
-7.18878
-7.18512
-7.18101
-7.1805
-7.17843
-7.1767
-7.1697
-7.16526
-7.15995
-7.15728
-7.15541
-7.14971
-7.14601
-7.14285
-7.14146
-7.13967
-7.13364
-7.13238
-7.12974
-7.12645
-7.12226
-7.11788
-7.11489
-7.11067
-7.10939
-7.1071
-7.10207
-7.10132
-7.10053
-7.09508
-7.092
-7.08734
-7.08513
-7.08212
-7.08059
-7.0772
-7.07257
-7.06913
-7.06684
-7.06321
-7.06015
-7.05941
-7.05709
-7.05359
-7.04954
-7.04497
-7.0434
-7.04207
-7.03821
-7.03513
-7.03218
-7.0284
-7.02582
-7.02259
-7.01492
-7.0116
-7.0101
-7.00524
-7.0025
-6.99953
-6.99697
-6.99532
-6.99133
-6.98487
-6.98218
-6.97953
-6.97681
-6.97359
-6.97146
-6.96838
-6.96502
-6.96383
-6.95839
-6.95581
-6.95076
-6.94839
-6.94413
-6.94208
-6.94153
-6.93812
-6.93719
-6.93598
-6.93057
-6.92518
-6.92123
-6.91644
-6.91199
-6.90799
-6.90448
-6.90287
-6.90022
-6.89662
-6.89153
-6.88851
-6.88566
-6.88433
-6.88106
-6.87614
-6.87483
-6.86783
-6.86612
-6.86356
-6.85823
-6.8579
-6.85651
-6.85069
-6.84467
-6.84371
-6.84095
-6.83946
-6.83275
-6.83153
-6.82769
-6.82622
-6.82401
-6.81728
-6.81499
-6.81225
-6.8089
-6.80617
-6.80187
-6.80009
-6.79305
-6.79071
-6.78256
-6.77805
-6.77724
-6.77289
-6.76958
-6.76566
-6.76418
-6.76181
-6.75366
-6.75225
-6.74776
-6.74342
-6.73899
-6.7362
-6.73241
-6.72881
-6.72532
-6.72299
-6.71766
-6.71574
-6.71335
-6.71173
-6.70538
-6.70413
-6.70356
-6.70041
-6.69278
-6.69103
-6.68827
-6.68777
-6.68438
-6.68278
-6.67998
-6.67115
-6.66825
-6.66318
-6.66053
-6.65975
-6.65368
-6.65112
-6.64843
-6.64729
-6.64134
-6.63468
-6.62877
-6.62512
-6.62415
-6.62247
-6.61869
-6.61417
-6.61072
-6.60635
-6.60195
-6.5965
-6.59323
-6.59242
-6.58742
-6.58587
-6.58217
-6.57333
-6.56895
-6.56451
-6.56335
-6.56104
-6.5588
-6.55142
-6.5503
-6.54561
-6.54412
-6.54174
-6.53965
-6.53026
-6.52783
-6.52344
-6.51946
-6.51666
-6.51511
-6.51091
-6.50931
-6.507
-6.50421
-6.50135
-6.49571
-6.48945
-6.48863
-6.48261
-6.47742
-6.472
-6.46833
-6.46547
-6.46225
-6.45925
-6.4542
-6.45304
-6.44961
-6.4417
-6.43856
-6.43601
-6.4294
-6.4245
-6.4238
-6.42167
-6.41218
-6.40909
-6.40381
-6.40277
-6.3975
-6.39571
-6.39317
-6.38567
-6.3849
-6.38075
-6.37196
-6.36913
-6.36553
-6.36374
-6.36207
-6.35527
-6.3529
-6.3506
-6.3469
-6.34392
-6.34311
-6.33953
-6.33792
-6.32939
-6.32792
-6.32613
-6.32111
-6.31829
-6.31554
-6.3079
-6.30754
-6.30413
-6.30091
-6.29574
-6.29352
-6.29124
-6.28562
-6.28395
-6.27978
-6.27458
-6.27174
-6.27028
-6.26242
-6.25992
-6.25712
-6.25512
-6.25327
-6.24709
-6.24331
-6.23938
-6.23324
-6.23021
-6.22671
-6.22358
-6.22112
-6.21887
-6.2165
-6.21146
-6.20618
-6.20398
-6.1975
-6.19217
-6.18609
-6.18528
-6.18122
-6.17683
-6.17354
-6.17054
-6.16369
-6.16122
-6.15832
-6.15418
-6.15168
-6.14434
-6.14054
-6.1384
-6.13296
-6.12951
-6.12762
-6.12729
-6.12167
-6.11896
-6.10985
-6.10674
-6.10423
-6.10355
-6.10015
-6.09114
-6.08738
-6.08161
-6.07766
-6.07579
-6.07269
-6.06485
-6.06238
-6.06148
-6.0561
-6.05304
-6.04619
-6.0444
-6.03926
-6.03203
-6.03023
-6.02475
-6.02097
-6.01991
-6.01793
-6.01411
-6.01059
-6.00915
-6.00397
-6.00036
-5.99578
-5.99456
-5.99057
-5.98443
-5.98193
-5.97683
-5.97142
-5.96608
-5.96413
-5.96039
-5.95963
-5.9567
-5.94964
-5.94542
-5.9434
-5.93927
-5.93882
-5.9344
-5.92972
-5.92377
-5.92081
-5.91919
-5.91373
-5.91229
-5.90781
-5.9049
-5.90202
-5.89878
-5.89659
-5.89516
-5.88836
-5.88226
-5.87943
-5.87647
-5.87507
-5.87151
-5.86877
-5.86619
-5.86123
-5.85741
-5.8559
-5.85096
-5.84635
-5.84237
-5.84107
-5.83675
-5.83307
-5.82964
-5.82736
-5.82412
-5.8227
-5.82137
-5.8156
-5.80835
-5.80616
-5.8033
-5.79942
-5.79538
-5.79455
-5.79005
-5.78836
-5.78522
-5.78137
-5.78047
-5.7744
-5.77214
-5.76749
-5.76502
-5.76313
-5.75881
-5.75299
-5.74887
-5.74483
-5.74173
-5.73935
-5.7356
-5.73451
-5.73121
-5.72882
-5.72571
-5.72277
-5.72171
-5.7177
-5.712
-5.70823
-5.70695
-5.70542
-5.70045
-5.69612
-5.69428
-5.6888
-5.68408
-5.68279
-5.67677
-5.67465
-5.67212
-5.66842
-5.66161
-5.65923
-5.65651
-5.65277
-5.65049
-5.64603
-5.64228
-5.63865
-5.63615
-5.6321
-5.62985
-5.62454
-5.6169
-5.61442
-5.61091
-5.60917
-5.60593
-5.59987
-5.597
-5.59223
-5.58897
-5.58703
-5.58389
-5.5824
-5.57848
-5.5719
-5.5701
-5.56762
-5.55915
-5.5581
-5.55102
-5.54975
-5.5474
-5.54444
-5.5439
-5.5405
-5.53468
-5.53329
-5.53144
-5.52776
-5.5201
-5.51667
-5.51534
-5.51445
-5.50956
-5.50687
-5.50433
-5.49672
-5.49578
-5.48958
-5.48405
-5.48383
-5.47868
-5.47725
-5.47228
-5.47161
-5.46574
-5.4568
-5.45556
-5.45361
-5.45133
-5.44925
-5.44485
-5.44125
-5.43753
-5.43386
-5.43135
-5.42843
-5.42443
-5.42141
-5.41912
-5.4163
-5.40978
-5.40482
-5.40126
-5.39826
-5.39558
-5.39058
-5.38675
-5.38275
-5.38003
-5.37664
-5.36902
-5.36737
-5.36428
-5.3597
-5.35741
-5.35148
-5.34961
-5.34507
-5.3419
-5.34071
-5.33379
-5.33137
-5.32792
-5.32629
-5.31971
-5.31716
-5.31375
-5.31174
-5.30803
-5.30509
-5.30346
-5.29765
-5.2966
-5.29187
-5.29018
-5.28898
-5.28455
-5.27916
-5.2781
-5.27513
-5.27121
-5.26911
-5.26574
-5.26393
-5.25981
-5.25639
-5.25507
-5.25012
-5.24799
-5.24422
-5.24324
-5.24037
-5.23835
-5.23479
-5.23069
-5.22868
-5.22611
-5.22151
-5.22019
-5.21699
-5.21354
-5.21115
-5.20688
-5.2033
-5.19905
-5.19858
-5.1959
-5.19345
-5.18726
-5.18418
-5.18372
-5.17745
-5.1758
-5.17417
-5.17133
-5.16573
-5.16092
-5.16036
-5.15505
-5.15448
-5.14975
-5.14796
-5.14465
-5.14301
-5.13504
-5.13181
-5.12956
-5.12519
-5.12319
-5.11944
-5.11642
-5.11134
-5.10677
-5.10428
-5.10253
-5.09896
-5.09609
-5.09136
-5.08999
-5.08886
-5.08443
-5.08225
-5.07872
-5.07633
-5.07197
-5.06807
-5.06542
-5.06285
-5.05853
-5.0568
-5.05463
-5.04999
-5.04532
-5.04278
-5.03898
-5.03116
-5.02951
-5.02708
-5.02505
-5.02196
-5.02118
-5.01868
-5.01427
-5.01055
-5.0034
-5.00117
-5.0008
-4.99656
-4.99545
-4.99073
-4.98672
-4.98138
-4.98014
-4.97526
-4.97471
-4.96919
-4.96809
-4.96383
-4.96058
-4.95504
-4.9502
-4.94756
-4.94446
-4.94063
-4.93395
-4.93201
-4.92849
-4.92122
-4.91707
-4.91399
-4.9098
-4.9067
-4.90242
-4.89966
-4.89805
-4.89531
-4.88966
-4.88542
-4.88516
-4.88012
-4.87725
-4.87257
-4.86828
-4.86724
-4.85991
-4.85794
-4.8548
-4.84836
-4.84452
-4.8395
-4.83786
-4.83695
-4.83385
-4.83105
-4.82753
-4.82488
-4.82139
-4.81915
-4.81401
-4.81044
-4.80916
-4.80503
-4.80382
-4.79568
-4.79312
-4.78738
-4.78558
-4.77891
-4.77589
-4.77381
-4.77335
-4.76727
-4.76394
-4.76048
-4.75908
-4.75517
-4.75054
-4.74994
-4.74492
-4.74095
-4.73904
-4.73597
-4.73183
-4.72823
-4.72378
-4.72289
-4.71745
-4.71681
-4.71282
-4.71114
-4.70817
-4.70514
-4.7024
-4.6983
-4.69402
-4.69262
-4.68753
-4.68305
-4.68253
-4.67966
-4.67138
-4.66838
-4.66757
-4.66532
-4.66177
-4.65749
-4.65645
-4.6531
-4.65173
-4.64836
-4.64243
-4.63823
-4.63427
-4.63273
-4.6282
-4.62594
-4.62214
-4.62
-4.6191
-4.61664
-4.61132
-4.60911
-4.60542
-4.59944
-4.59846
-4.59548
-4.58914
-4.58839
-4.58517
-4.58289
-4.5791
-4.57663
-4.57538
-4.57131
-4.56857
-4.56611
-4.55706
-4.55618
-4.55262
-4.55037
-4.54923
-4.54629
-4.54453
-4.54128
-4.5371
-4.53561
-4.53382
-4.52853
-4.52519
-4.52215
-4.51659
-4.51313
-4.50918
-4.50775
-4.50406
-4.50199
-4.49968
-4.49452
-4.49193
-4.48803
-4.48451
-4.48316
-4.48013
-4.47614
-4.47352
-4.4716
-4.46966
-4.46236
-4.46004
-4.45641
-4.45303
-4.45192
-4.4458
-4.44446
-4.44211
-4.43705
-4.43447
-4.43351
-4.42953
-4.42202
-4.42071
-4.41832
-4.41547
-4.41435
-4.41062
-4.40825
-4.40379
-4.40186
-4.39631
-4.39298
-4.39133
-4.38825
-4.38776
-4.3821
-4.37965
-4.37343
-4.37334
-4.36918
-4.36718
-4.36622
-4.36131
-4.35551
-4.35464
-4.3518
-4.34952
-4.34886
-4.345
-4.3411
-4.34057
-4.33548
-4.33267
-4.33181
-4.32617
-4.3221
-4.32047
-4.3192
-4.31478
-4.31165
-4.30772
-4.30346
-4.30146
-4.30017
-4.29761
-4.29609
-4.2935
-4.2897
-4.28854
-4.28406
-4.28191
-4.27681
-4.27454
-4.26874
-4.26859
-4.26463
-4.26164
-4.25762
-4.25492
-4.25269
-4.25158
-4.2486
-4.24237
-4.24077
-4.23979
-4.23854
-4.23424
-4.23213
-4.22757
-4.22538
-4.2227
-4.22015
-4.21855
-4.21525
-4.21125
-4.20865
-4.20469
-4.20147
-4.20014
-4.1954
-4.19272
-4.19193
-4.18764
-4.18465
-4.18157
-4.18053
-4.17856
-4.17324
-4.17074
-4.16858
-4.16538
-4.16354
-4.1599
-4.15877
-4.15764
-4.15249
-4.14973
-4.1473
-4.14515
-4.14083
-4.1378
-4.1338
-4.13229
-4.1275
-4.12676
-4.12341
-4.12153
-4.11916
-4.11693
-4.11528
-4.11237
-4.10656
-4.10457
-4.10208
-4.09733
-4.09199
-4.08929
-4.08683
-4.08477
-4.0837
-4.07812
-4.07549
-4.07482
-4.07332
-4.06909
-4.06506
-4.06259
-4.06066
-4.05576
-4.05412
-4.05338
-4.05016
-4.04671
-4.04372
-4.04192
-4.04124
-4.03974
-4.03803
-4.03404
-4.03195
-4.02932
-4.027
-4.0243
-4.02036
-4.01819
-4.01593
-4.01536
-4.01258
-4.00923
-4.00533
-4.00315
-3.99911
-3.99517
-3.99385
-3.9889
-3.98655
-3.98078
-3.97842
-3.97571
-3.97234
-3.97075
-3.96497
-3.96291
-3.96063
-3.9589
-3.95606
-3.95521
-3.95192
-3.94738
-3.9443
-3.94075
-3.93912
-3.93627
-3.93213
-3.93072
-3.92837
-3.92269
-3.92193
-3.91838
-3.91665
-3.91103
-3.90945
-3.90707
-3.90385
-3.90278
-3.8997
-3.8973
-3.89246
-3.89091
-3.88824
-3.88596
-3.88426
-3.88296
-3.87809
-3.87647
-3.87404
-3.86873
-3.86608
-3.86448
-3.86325
-3.86123
-3.85777
-3.85491
-3.85204
-3.84849
-3.84704
-3.84192
-3.83993
-3.83768
-3.83446
-3.83164
-3.83126
-3.82608
-3.82476
-3.81916
-3.81842
-3.81417
-3.8112
-3.81033
-3.80877
-3.80621
-3.80449
-3.79859
-3.79728
-3.79424
-3.79194
-3.78879
-3.78769
-3.78422
-3.7821
-3.77941
-3.77672
-3.77366
-3.77277
-3.77024
-3.76845
-3.7654
-3.76312
-3.75829
-3.75627
-3.75374
-3.74982
-3.7477
-3.74533
-3.74174
-3.73921
-3.73898
-3.73511
-3.73064
-3.72933
-3.72562
-3.72359
-3.71935
-3.71557
-3.71275
-3.7105
-3.70789
-3.70422
-3.70385
-3.70187
-3.69738
-3.69526
-3.69405
-3.69296
-3.68556
-3.68417
-3.68297
-3.67994
-3.67596
-3.67043
-3.66828
-3.6672
-3.66309
-3.65974
-3.65756
-3.6564
-3.65491
-3.65284
-3.65014
-3.64725
-3.64423
-3.64147
-3.63702
-3.63401
-3.63282
-3.62789
-3.62556
-3.62297
-3.61999
-3.61792
-3.61462
-3.6116
-3.61067
-3.60722
-3.60538
-3.60338
-3.59884
-3.59421
-3.59095
-3.5899
-3.58479
-3.58378
-3.58225
-3.57987
-3.57585
-3.57461
-3.57033
-3.5653
-3.56166
-3.56064
-3.55657
-3.5552
-3.55379
-3.55074
-3.5474
-3.54559
-3.54274
-3.54062
-3.53727
-3.53495
-3.53247
-3.53052
-3.52876
-3.52127
-3.51883
-3.51318
-3.512
-3.50516
-3.50432
-3.50293
-3.50092
-3.49608
-3.49499
-3.49024
-3.48962
-3.48737
-3.485
-3.48292
-3.47813
-3.47663
-3.47535
-3.47053
-3.46789
-3.46411
-3.46364
-3.46037
-3.45891
-3.45399
-3.45303
-3.45056
-3.44741
-3.44337
-3.44129
-3.43549
-3.43486
-3.43219
-3.4298
-3.42778
-3.42239
-3.4208
-3.41699
-3.41618
-3.41415
-3.41226
-3.40825
-3.40564
-3.40146
-3.39987
-3.39586
-3.3948
-3.39246
-3.38866
-3.38736
-3.38197
-3.37954
-3.37718
-3.37658
-3.37608
-3.37244
-3.36766
-3.36564
-3.36032
-3.35982
-3.35452
-3.35138
-3.35029
-3.34996
-3.34651
-3.34521
-3.34187
-3.3407
-3.33646
-3.33151
-3.32993
-3.32667
-3.3258
-3.32273
-3.31731
-3.31214
-3.30615
-3.30512
-3.30355
-3.2983
-3.29582
-3.29401
-3.28933
-3.28458
-3.28228
-3.2784
-3.27614
-3.27416
-3.2718
-3.26663
-3.26423
-3.26218
-3.2592
-3.25758
-3.25452
-3.25215
-3.24999
-3.24587
-3.24461
-3.24188
-3.23742
-3.23616
-3.23165
-3.22897
-3.22526
-3.22243
-3.21795
-3.21644
-3.21386
-3.21315
-3.20893
-3.2079
-3.20559
-3.20346
-3.20183
-3.19906
-3.19588
-3.19299
-3.19181
-3.19083
-3.18447
-3.18014
-3.17513
-3.17274
-3.16966
-3.16926
-3.16445
-3.16258
-3.15959
-3.15799
-3.15614
-3.15381
-3.15344
-3.15077
-3.14959
-3.14759
-3.14485
-3.14134
-3.13887
-3.13603
-3.13425
-3.13347
-3.13177
-3.12952
-3.1218
-3.12104
-3.11807
-3.11521
-3.1108
-3.10898
-3.10818
-3.10533
-3.10409
-3.09916
-3.09392
-3.09238
-3.09104
-3.08754
-3.08381
-3.08073
-3.07542
-3.07398
-3.07278
-3.07052
-3.06828
-3.06407
-3.06198
-3.05392
-3.04962
-3.0466
-3.04527
-3.04477
-3.04264
-3.03859
-3.03663
-3.03491
-3.03031
-3.02693
-3.02294
-3.01871
-3.01745
-3.01642
-3.01315
-3.00768
-3.00652
-3.00372
-3.00019
-2.99833
-2.99486
-2.99095
-2.98873
-2.98494
-2.98182
-2.9795
-2.97934
-2.97281
-2.96879
-2.96633
-2.96383
-2.96018
-2.95797
-2.95586
-2.95467
-2.94937
-2.94664
-2.94652
-2.94323
-2.94083
-2.93723
-2.93335
-2.93155
-2.92786
-2.92573
-2.92315
-2.92239
-2.91577
-2.90996
-2.90701
-2.90479
-2.90012
-2.89783
-2.8968
-2.89371
-2.88832
-2.88771
-2.88399
-2.88139
-2.87849
-2.87468
-2.87303
-2.87064
-2.86955
-2.86664
-2.86048
-2.85965
-2.858
-2.85256
-2.85028
-2.84659
-2.84337
-2.83395
-2.83248
-2.8316
-2.82673
-2.82456
-2.82176
-2.8212
-2.81847
-2.81575
-2.81247
-2.80986
-2.80662
-2.80428
-2.80127
-2.79427
-2.79264
-2.79026
-2.78798
-2.78558
-2.77824
-2.77682
-2.77614
-2.76937
-2.76663
-2.7647
-2.76387
-2.75959
-2.75933
-2.75494
-2.75124
-2.74901
-2.74241
-2.73969
-2.73674
-2.73388
-2.72949
-2.72708
-2.72416
-2.72052
-2.71523
-2.71329
-2.7108
-2.70676
-2.70507
-2.7039
-2.70089
-2.69686
-2.69564
-2.69517
-2.68754
-2.68358
-2.68168
-2.67505
-2.67212
-2.66831
-2.66554
-2.66496
-2.66207
-2.66102
-2.65593
-2.65094
-2.64847
-2.64582
-2.64477
-2.64137
-2.63515
-2.63381
-2.6292
-2.62525
-2.62103
-2.61561
-2.61285
-2.61018
-2.60949
-2.60628
-2.60107
-2.59571
-2.59356
-2.59261
-2.59051
-2.58924
-2.58229
-2.57537
-2.57448
-2.5738
-2.57153
-2.56732
-2.56417
-2.56063
-2.55489
-2.55377
-2.54946
-2.54827
-2.54587
-2.54369
-2.5397
-2.53571
-2.53284
-2.53018
-2.52726
-2.52601
-2.52146
-2.51721
-2.51606
-2.51096
-2.50835
-2.50645
-2.50304
-2.49995
-2.49817
-2.49559
-2.49039
-2.48881
-2.4887
-2.48177
-2.47734
-2.47714
-2.46842
-2.46677
-2.46332
-2.45962
-2.45511
-2.45213
-2.44828
-2.44487
-2.44107
-2.43916
-2.43811
-2.43703
-2.43289
-2.42818
-2.42399
-2.42173
-2.41599
-2.41503
-2.41296
-2.4102
-2.40742
-2.40585
-2.4021
-2.40004
-2.39422
-2.3919
-2.38968
-2.38866
-2.38581
-2.37972
-2.37878
-2.37595
-2.37179
-2.37001
-2.36724
-2.36295
-2.36174
-2.3586
-2.3558
-2.35374
-2.35215
-2.34724
-2.3458
-2.34229
-2.34052
-2.33854
-2.33534
-2.33028
-2.32842
-2.32672
-2.32468
-2.32101
-2.3158
-2.31343
-2.31248
-2.31135
-2.30939
-2.30653
-2.30505
-2.30038
-2.2963
-2.29294
-2.28849
-2.28684
-2.28238
-2.27919
-2.27615
-2.27252
-2.27128
-2.27069
-2.26382
-2.26068
-2.25647
-2.25516
-2.25469
-2.24895
-2.24729
-2.24336
-2.24137
-2.23947
-2.23731
-2.23268
-2.23102
-2.22702
-2.22553
-2.22462
-2.22277
-2.21843
-2.21573
-2.21335
-2.20973
-2.20568
-2.20557
-2.19991
-2.19749
-2.19508
-2.19197
-2.18971
-2.18781
-2.18356
-2.18069
-2.17976
-2.17721
-2.17391
-2.1705
-2.16685
-2.16437
-2.16079
-2.15688
-2.15587
-2.15432
-2.1497
-2.14796
-2.14593
-2.14183
-2.14018
-2.13827
-2.13695
-2.12742
-2.12635
-2.12055
-2.11838
-2.11558
-2.11232
-2.10827
-2.10515
-2.10298
-2.10114
-2.09782
-2.09496
-2.09366
-2.09002
-2.08932
-2.08599
-2.08379
-2.08208
-2.07912
-2.07526
-2.07064
-2.06663
-2.06548
-2.06405
-2.06182
-2.05783
-2.05493
-2.053
-2.0494
-2.04449
-2.04252
-2.04076
-2.03996
-2.03378
-2.03222
-2.03089
-2.02811
-2.02473
-2.02193
-2.01778
-2.01637
-2.01102
-2.006
-2.00444
-2.00394
-2.0008
-1.99697
-1.99243
-1.98879
-1.98409
-1.98129
-1.9791
-1.97419
-1.97165
-1.97066
-1.96833
-1.96435
-1.96139
-1.95976
-1.95674
-1.9533
-1.95214
-1.94726
-1.94669
-1.94428
-1.93898
-1.93732
-1.93337
-1.93269
-1.92905
-1.92643
-1.92228
-1.92106
-1.91734
-1.91638
-1.91166
-1.90813
-1.90304
-1.90132
-1.89976
-1.89912
-1.89585
-1.89011
-1.88931
-1.88547
-1.8835
-1.88029
-1.87913
-1.87639
-1.87195
-1.86984
-1.86468
-1.86334
-1.86038
-1.85922
-1.85661
-1.85259
-1.84809
-1.84642
-1.84436
-1.84211
-1.83725
-1.83504
-1.8338
-1.83161
-1.82872
-1.82779
-1.8246
-1.82123
-1.81838
-1.81636
-1.81372
-1.8126
-1.80813
-1.80469
-1.80137
-1.79973
-1.79605
-1.79495
-1.79443
-1.79125
-1.78801
-1.78388
-1.78266
-1.77857
-1.77612
-1.77259
-1.77165
-1.77002
-1.76521
-1.76386
-1.76155
-1.75588
-1.75456
-1.75171
-1.74963
-1.74717
-1.74423
-1.7412
-1.73802
-1.7353
-1.73313
-1.73089
-1.72768
-1.72236
-1.71853
-1.71743
-1.71522
-1.71308
-1.71039
-1.7081
-1.706
-1.70058
-1.69847
-1.697
-1.69344
-1.69202
-1.68846
-1.68247
-1.6811
-1.6796
-1.67879
-1.67761
-1.67133
-1.66802
-1.66645
-1.66325
-1.66001
-1.65557
-1.6543
-1.65272
-1.64972
-1.64655
-1.64601
-1.64458
-1.64135
-1.6366
-1.63329
-1.62834
-1.62442
-1.62144
-1.62088
-1.61782
-1.61578
-1.61347
-1.60996
-1.60926
-1.60675
-1.60224
-1.59742
-1.59642
-1.59193
-1.59116
-1.5883
-1.58514
-1.58216
-1.57965
-1.57675
-1.57282
-1.56888
-1.56514
-1.56316
-1.56017
-1.55971
-1.55795
-1.55456
-1.55358
-1.54963
-1.54683
-1.54161
-1.53841
-1.53768
-1.53628
-1.53173
-1.52738
-1.52605
-1.52255
-1.52078
-1.51843
-1.5162
-1.51377
-1.51313
-1.51008
-1.50779
-1.50404
-1.50195
-1.49976
-1.49723
-1.49461
-1.49057
-1.48717
-1.48677
-1.48549
-1.48065
-1.47896
-1.47584
-1.47556
-1.4715
-1.46946
-1.46929
-1.46355
-1.4607
-1.45826
-1.45355
-1.45145
-1.449
-1.44692
-1.44638
-1.44131
-1.43939
-1.43815
-1.43489
-1.43025
-1.4265
-1.42529
-1.42406
-1.42089
-1.41949
-1.41648
-1.41326
-1.41168
-1.41048
-1.40651
-1.40236
-1.4012
-1.39857
-1.39643
-1.39287
-1.38904
-1.38777
-1.38528
-1.38219
-1.38129
-1.37619
-1.37501
-1.37075
-1.36932
-1.36729
-1.36316
-1.36182
-1.36049
-1.35895
-1.35668
-1.35448
-1.35326
-1.35264
-1.34806
-1.34658
-1.34367
-1.34034
-1.33663
-1.33407
-1.33207
-1.33005
-1.3276
-1.32381
-1.31905
-1.31793
-1.31543
-1.3141
-1.31205
-1.31079
-1.30771
-1.30553
-1.30205
-1.29962
-1.29651
-1.29573
-1.29417
-1.29373
-1.28966
-1.28558
-1.2829
-1.2791
-1.27788
-1.27421
-1.27192
-1.27017
-1.26697
-1.26508
-1.26196
-1.25925
-1.25677
-1.25183
-1.25072
-1.24746
-1.24617
-1.24459
-1.24165
-1.23847
-1.23395
-1.23054
-1.22978
-1.22718
-1.2259
-1.22296
-1.22246
-1.21864
-1.21524
-1.21376
-1.2113
-1.20521
-1.20411
-1.20028
-1.19914
-1.1968
-1.19592
-1.19273
-1.19136
-1.18796
-1.18583
-1.17948
-1.17666
-1.17591
-1.17431
-1.17033
-1.17
-1.16542
-1.16351
-1.15796
-1.1551
-1.15175
-1.15125
-1.15
-1.14756
-1.14506
-1.14059
-1.13774
-1.13623
-1.13423
-1.13091
-1.12992
-1.12635
-1.12359
-1.12264
-1.11943
-1.11792
-1.11649
-1.11038
-1.10831
-1.10607
-1.10474
-1.10219
-1.10163
-1.09605
-1.09459
-1.09139
-1.0882
-1.08704
-1.08322
-1.08068
-1.07551
-1.07466
-1.07199
-1.06736
-1.06392
-1.06182
-1.05781
-1.05666
-1.05593
-1.05428
-1.04904
-1.04719
-1.04445
-1.04186
-1.03857
-1.03685
-1.03347
-1.03335
-1.03219
-1.03038
-1.02817
-1.02446
-1.02147
-1.0203
-1.01847
-1.01696
-1.01352
-1.00959
-1.00732
-1.00622
-1.0053
-1.00184
-0.998416
-0.99696
-0.991409
-0.990153
-0.986879
-0.986207
-0.982221
-0.979393
-0.978905
-0.975338
-0.974605
-0.972824
-0.9711
-0.967743
-0.965332
-0.96132
-0.958847
-0.955981
-0.951967
-0.949128
-0.947216
-0.945739
-0.94052
-0.939575
-0.938001
-0.936815
-0.933452
-0.93099
-0.930551
-0.927378
-0.922246
-0.92009
-0.918696
-0.914933
-0.913286
-0.91158
-0.909516
-0.903518
-0.902417
-0.898609
-0.895346
-0.891814
-0.89098
-0.888886
-0.885064
-0.88391
-0.882307
-0.880342
-0.87774
-0.874937
-0.872238
-0.870925
-0.867728
-0.864055
-0.860062
-0.858459
-0.85602
-0.853209
-0.848812
-0.847615
-0.846641
-0.84201
-0.840291
-0.83647
-0.833763
-0.832388
-0.829988
-0.82652
-0.825215
-0.821734
-0.820336
-0.818551
-0.812434
-0.811273
-0.809668
-0.806299
-0.804819
-0.800319
-0.797822
-0.793734
-0.790196
-0.788138
-0.784217
-0.782445
-0.780074
-0.779185
-0.773478
-0.771917
-0.770977
-0.766851
-0.764991
-0.762093
-0.758854
-0.755043
-0.754473
-0.752644
-0.74836
-0.747069
-0.742218
-0.740443
-0.739745
-0.737933
-0.736079
-0.730242
-0.729133
-0.725776
-0.724481
-0.723391
-0.721797
-0.716143
-0.715341
-0.710202
-0.708838
-0.705081
-0.704066
-0.702912
-0.701863
-0.697804
-0.696511
-0.693488
-0.68909
-0.687391
-0.684155
-0.681286
-0.676206
-0.674453
-0.670494
-0.667433
-0.665137
-0.663544
-0.663213
-0.659753
-0.657962
-0.655696
-0.653565
-0.648809
-0.647071
-0.645451
-0.642774
-0.638331
-0.637017
-0.634692
-0.627864
-0.627026
-0.62281
-0.621731
-0.618935
-0.616515
-0.613973
-0.613329
-0.610216
-0.606491
-0.604964
-0.602158
-0.60071
-0.599348
-0.596718
-0.595165
-0.591618
-0.58844
-0.586028
-0.585293
-0.58393
-0.579918
-0.578073
-0.576487
-0.575195
-0.570941
-0.567848
-0.566996
-0.564569
-0.560204
-0.556722
-0.555243
-0.551797
-0.549773
-0.547849
-0.545864
-0.543136
-0.539952
-0.537906
-0.534122
-0.533673
-0.524973
-0.524043
-0.522403
-0.518813
-0.517592
-0.515972
-0.514175
-0.513163
-0.50982
-0.509564
-0.505015
-0.500834
-0.500552
-0.497107
-0.494781
-0.491803
-0.488152
-0.484263
-0.482901
-0.48118
-0.48004
-0.476867
-0.475523
-0.473265
-0.467141
-0.465538
-0.462001
-0.46026
-0.458376
-0.454333
-0.452035
-0.451762
-0.447064
-0.446378
-0.44306
-0.441951
-0.435806
-0.434094
-0.43357
-0.43089
-0.427119
-0.426054
-0.42131
-0.418581
-0.417642
-0.415388
-0.410938
-0.408526
-0.407834
-0.405979
-0.405222
-0.40308
-0.399805
-0.398601
-0.397913
-0.391559
-0.389593
-0.387951
-0.383231
-0.382251
-0.379795
-0.37818
-0.372432
-0.37141
-0.370585
-0.366538
-0.361954
-0.360659
-0.358474
-0.357311
-0.355091
-0.3533
-0.348052
-0.34586
-0.343553
-0.341244
-0.338615
-0.335508
-0.334129
-0.330165
-0.328467
-0.324481
-0.322602
-0.320661
-0.31981
-0.318041
-0.315524
-0.314408
-0.312384
-0.310414
-0.307723
-0.30495
-0.303211
-0.300146
-0.299674
-0.295472
-0.293255
-0.290332
-0.287454
-0.285071
-0.283506
-0.280496
-0.279368
-0.276154
-0.274771
-0.272672
-0.26716
-0.263509
-0.262205
-0.260422
-0.258244
-0.25557
-0.254542
-0.250621
-0.249118
-0.246464
-0.242952
-0.240889
-0.238986
-0.236173
-0.235972
-0.232878
-0.231472
-0.229354
-0.226797
-0.226226
-0.220903
-0.220539
-0.217576
-0.213487
-0.211962
-0.209751
-0.207203
-0.205442
-0.201833
-0.201121
-0.198166
-0.197203
-0.195989
-0.188961
-0.188886
-0.18644
-0.183347
-0.180581
-0.176891
-0.175444
-0.169618
-0.167331
-0.165664
-0.158496
-0.157762
-0.156625
-0.155005
-0.151364
-0.148847
-0.144318
-0.143855
-0.143496
-0.141481
-0.139116
-0.136917
-0.135125
-0.134275
-0.131327
-0.127871
-0.124723
-0.121574
-0.11747
-0.116603
-0.114982
-0.113042
-0.110355
-0.107455
-0.105882
-0.102064
-0.101476
-0.100027
-0.0976982
-0.095422
-0.0932988
-0.0921049
-0.0910869
-0.0869241
-0.0825259
-0.0809639
-0.0800419
-0.0769674
-0.0719733
-0.0697712
-0.0675606
-0.0655088
-0.0649285
-0.0596303
-0.057164
-0.0567623
-0.0531215
-0.0477129
-0.0451548
-0.0416373
-0.0407304
-0.0379818
-0.0359741
-0.0331784
-0.0302663
-0.0251355
-0.023911
-0.0212642
-0.0196404
-0.0171416
-0.0161854
-0.0124928
-0.00869029
-0.00679812
-0.00323335
-0.000500041
0
0.00148418
0.00285576
0.00525833
0.00702569
0.00917021
0.011527
0.0145478
0.0157264
0.0171803
0.0189682
0.0241131
0.0264694
0.0289959
0.0318736
0.0336592
0.0343064
0.0369324
0.041332
0.043178
0.046045
0.0479597
0.0563593
0.0584668
0.0593363
0.0649615
0.0651223
0.068043
0.0693614
0.0716559
0.0740875
0.0748247
0.0777669
0.0788541
0.0816131
0.0837389
0.0848272
0.0888507
0.0903531
0.094646
0.0974633
0.0985035
0.100801
0.101916
0.103506
0.105952
0.111982
0.113736
0.115123
0.119227
0.124185
0.124576
0.130923
0.131649
0.134458
0.137393
0.139778
0.141469
0.143483
0.146117
0.148569
0.152333
0.155691
0.158577
0.161585
0.163287
0.166105
0.167161
0.169339
0.174143
0.175082
0.178022
0.179176
0.181061
0.183227
0.186194
0.188612
0.194611
0.198027
0.199222
0.200145
0.20288
0.205371
0.210076
0.212541
0.214626
0.217355
0.21969
0.221004
0.225119
0.22814
0.230585
0.232342
0.236787
0.238599
0.23981
0.240768
0.245893
0.248301
0.252649
0.254718
0.25637
0.256628
0.260568
0.264761
0.265416
0.270393
0.271509
0.275385
0.277175
0.278016
0.281934
0.283671
0.286573
0.288711
0.292808
0.295214
0.296383
0.298894
0.299436
0.303102
0.306631
0.310002
0.311597
0.316426
0.316555
0.322441
0.323385
0.326461
0.329551
0.330905
0.335184
0.339089
0.340776
0.343646
0.344625
0.346575
0.349028
0.352891
0.355823
0.356931
0.36182
0.36519
0.367017
0.368046
0.373244
0.375793
0.377591
0.378792
0.381925
0.385307
0.385519
0.388268
0.389261
0.394716
0.399136
0.400643
0.404361
0.407365
0.410768
0.411678
0.41397
0.415143
0.419078
0.420051
0.422069
0.430555
0.43208
0.433941
0.43721
0.439857
0.44379
0.44524
0.447776
0.450503
0.453637
0.455691
0.458665
0.460497
0.461662
0.465314
0.466574
0.469995
0.471139
0.474255
0.479383
0.480418
0.485338
0.48721
0.487806
0.492102
0.493756
0.495998
0.499167
0.500287
0.502478
0.509333
0.512945
0.514257
0.519641
0.521386
0.524042
0.528038
0.529414
0.531963
0.535424
0.537395
0.541128
0.543789
0.546561
0.547807
0.550106
0.551484
0.55545
0.556633
0.560167
0.56161
0.562437
0.567076
0.570476
0.572558
0.575751
0.577072
0.579224
0.584305
0.587805
0.590933
0.592087
0.594677
0.599083
0.601378
0.606005
0.608274
0.611136
0.612088
0.616713
0.617105
0.621745
0.622412
0.625295
0.626686
0.629888
0.631207
0.635131
0.636267
0.638814
0.643071
0.646974
0.648893
0.650126
0.653974
0.654759
0.657369
0.660826
0.666705
0.667848
0.672719
0.674094
0.67586
0.678762
0.680919
0.686528
0.687148
0.689225
0.690426
0.691505
0.699117
0.699533
0.700972
0.706286
0.707397
0.708079
0.713624
0.716263
0.720248
0.722613
0.725119
0.727295
0.731159
0.734702
0.736939
0.737224
0.73814
0.740959
0.744562
0.747174
0.748277
0.750914
0.753791
0.756994
0.762302
0.762984
0.764899
0.767195
0.771296
0.773902
0.778049
0.779298
0.780752
0.783235
0.786067
0.78843
0.793778
0.79506
0.796394
0.80268
0.802908
0.804676
0.809395
0.810796
0.814594
0.815242
0.8161
0.819713
0.822323
0.828038
0.829162
0.831953
0.835408
0.838316
0.842849
0.84518
0.846524
0.849825
0.852619
0.854518
0.857128
0.863762
0.865554
0.866764
0.869427
0.874454
0.877532
0.880031
0.881521
0.883593
0.885657
0.887538
0.891331
0.893973
0.89733
0.899073
0.904403
0.907253
0.909717
0.910917
0.911446
0.916249
0.916381
0.919188
0.921872
0.925751
0.926341
0.928268
0.9365
0.937096
0.939926
0.943434
0.94593
0.94738
0.949622
0.951575
0.955255
0.95806
0.959545
0.961759
0.962134
0.965454
0.96846
0.972603
0.97431
0.977245
0.981919
0.987905
0.990722
0.991362
0.994438
0.996693
0.997522
1.00199
1.0033
1.00701
1.00735
1.01161
1.01434
1.01707
1.02017
1.02571
1.02876
1.0292
1.03215
1.03443
1.03927
1.04079
1.04451
1.04672
1.05003
1.05192
1.0539
1.0555
1.05703
1.0603
1.06246
1.06404
1.06745
1.0693
1.07187
1.07575
1.0769
1.08089
1.08143
1.08845
1.09006
1.09602
1.0964
1.09896
1.10057
1.10343
1.10555
1.1072
1.11083
1.11238
1.11493
1.11739
1.12128
1.12233
1.12461
1.12873
1.13027
1.13291
1.13609
1.13715
1.14025
1.14279
1.14569
1.14676
1.14791
1.14844
1.15309
1.15607
1.1592
1.16004
1.16299
1.16602
1.16967
1.17292
1.17647
1.17711
1.17895
1.1843
1.1884
1.18926
1.1914
1.19262
1.19544
1.20051
1.20166
1.2036
1.20428
1.20986
1.21156
1.21355
1.21452
1.21641
1.22028
1.22489
1.22591
1.22923
1.23074
1.23435
1.23763
1.23791
1.24072
1.24428
1.24786
1.25055
1.25143
1.25501
1.25961
1.26062
1.26358
1.26433
1.26767
1.27323
1.27619
1.27785
1.28092
1.28506
1.28743
1.29034
1.2915
1.29359
1.29525
1.30029
1.30162
1.30407
1.30522
1.30707
1.3115
1.31211
1.31542
1.32023
1.32125
1.32268
1.32529
1.327
1.32937
1.32975
1.33563
1.33831
1.34135
1.34507
1.34841
1.34957
1.3518
1.35472
1.35629
1.36018
1.36483
1.36672
1.36861
1.37074
1.37402
1.37601
1.37978
1.38137
1.38244
1.38909
1.39019
1.39334
1.39643
1.39818
1.39973
1.40215
1.40445
1.40787
1.4092
1.41079
1.41364
1.41501
1.41841
1.4206
1.42436
1.42742
1.42924
1.43198
1.43291
1.43751
1.44019
1.44238
1.44477
1.44529
1.44826
1.44948
1.45361
1.45431
1.45793
1.45943
1.46203
1.46579
1.46876
1.46892
1.47058
1.47188
1.47736
1.48184
1.48384
1.48462
1.48882
1.49254
1.49463
1.49543
1.49816
1.50034
1.50525
1.50724
1.5097
1.51312
1.51373
1.51531
1.52053
1.52372
1.52573
1.52816
1.52952
1.5318
1.53385
1.53758
1.53929
1.54053
1.54378
1.54602
1.54878
1.55062
1.55313
1.55582
1.5574
1.56086
1.56299
1.56335
1.56648
1.57102
1.57394
1.57506
1.57674
1.57917
1.58165
1.58718
1.58818
1.58937
1.59456
1.59628
1.60045
1.60433
1.6074
1.60928
1.61451
1.61595
1.61701
1.61922
1.62137
1.62559
1.62724
1.62953
1.63151
1.63474
1.63663
1.63845
1.64105
1.6439
1.64595
1.64698
1.65096
1.65191
1.65584
1.65817
1.66158
1.66194
1.66309
1.66758
1.67005
1.67271
1.67428
1.67653
1.68073
1.6824
1.68451
1.69112
1.69229
1.6942
1.69645
1.69776
1.69996
1.70304
1.70722
1.70901
1.7109
1.71127
1.71341
1.71532
1.71754
1.71822
1.72126
1.72548
1.72851
1.72959
1.73338
1.73489
1.73898
1.74031
1.74232
1.74515
1.74781
1.75028
1.75555
1.75641
1.7582
1.76162
1.76382
1.76628
1.76948
1.77244
1.77338
1.77921
1.78125
1.7823
1.78324
1.78594
1.78928
1.7902
1.79283
1.79358
1.79826
1.80062
1.80254
1.80639
1.8092
1.81114
1.81669
1.81781
1.82008
1.82061
1.82504
1.82673
1.82802
1.8328
1.83457
1.83597
1.84201
1.8429
1.84491
1.84659
1.84765
1.85224
1.85416
1.8582
1.86034
1.86099
1.86499
1.86566
1.86843
1.87022
1.87077
1.8735
1.8758
1.87778
1.87904
1.8838
1.88625
1.88949
1.89104
1.89358
1.89875
1.89915
1.90376
1.90631
1.90712
1.90929
1.91409
1.91422
1.91484
1.91937
1.92011
1.92262
1.92355
1.92721
1.93172
1.93237
1.93313
1.93489
1.93836
1.94287
1.94581
1.94697
1.94886
1.9492
1.95203
1.95478
1.9583
1.95881
1.96201
1.96491
1.96836
1.9699
1.9721
1.97286
1.97701
1.97831
1.98293
1.9844
1.98718
1.99057
1.99118
1.99463
1.99516
1.9998
2.00091
2.00335
2.00626
2.00973
2.01102
2.01522
2.01678
2.01824
2.02115
2.02213
2.02402
2.0285
2.02954
2.03194
2.03394
2.03672
2.0404
2.0415
2.04176
2.04539
2.04787
2.05065
2.05586
2.05662
2.05955
2.06023
2.06147
2.06363
2.06664
2.06732
2.06902
2.07226
2.07705
2.08048
2.08337
2.08438
2.08774
2.09104
2.0935
2.09518
2.0975
2.09807
2.10089
2.10358
2.10621
2.10909
2.11273
2.11388
2.11634
2.12006
2.12106
2.12245
2.12545
2.1281
2.13029
2.13036
2.13166
2.13466
2.1406
2.14093
2.1434
2.14454
2.14756
2.15017
2.15348
2.15569
2.15723
2.16012
2.16261
2.16387
2.16882
2.17102
2.17429
2.17535
2.18233
2.18345
2.18743
2.18956
2.1907
2.19243
2.19419
2.19789
2.2012
2.20167
2.20237
2.20726
2.20956
2.21117
2.21444
2.2171
2.21835
2.22011
2.22326
2.22473
2.22802
2.23078
2.23579
2.2393
2.24188
2.24457
2.24504
2.24664
2.25195
2.25305
2.25415
2.26061
2.26101
2.26167
2.26581
2.26961
2.27348
2.275
2.27854
2.28012
2.2852
2.28628
2.28973
2.29142
2.29379
2.29566
2.29803
2.30338
2.3042
2.30683
2.31125
2.31481
2.31546
2.3181
2.31991
2.32739
2.32803
2.32886
2.33008
2.3317
2.33706
2.33747
2.33972
2.34351
2.34499
2.34619
2.34928
2.3515
2.35411
2.35451
2.35861
2.36078
2.36379
2.36429
2.36679
2.3702
2.37123
2.37406
2.37891
2.37995
2.38119
2.38372
2.3864
2.39143
2.39209
2.3968
2.39989
2.4015
2.40318
2.40719
2.40769
2.41061
2.41374
2.41539
2.41916
2.42071
2.42352
2.42776
2.42887
2.43323
2.43449
2.43555
2.43775
2.44033
2.4416
2.44476
2.44771
2.44895
2.45164
2.4533
2.4547
2.45838
2.46111
2.46288
2.46699
2.46981
2.47
2.47325
2.47576
2.47855
2.47938
2.48014
2.48199
2.48276
2.48814
2.48893
2.49123
2.49585
2.50096
2.50167
2.50372
2.50537
2.50725
2.50984
2.51284
2.5151
2.51848
2.51859
2.51958
2.52111
2.52585
2.52695
2.52996
2.53319
2.53481
2.53824
2.54243
2.54374
2.54588
2.54793
2.55055
2.55414
2.55668
2.5579
2.55933
2.5643
2.56662
2.56906
2.57068
2.57262
2.57343
2.57686
2.57984
2.58164
2.58538
2.58631
2.58925
2.59077
2.59234
2.59299
2.59723
2.59852
2.60037
2.60175
2.6028
2.60671
2.60791
2.6121
2.61391
2.61447
2.61645
2.61857
2.6242
2.62719
2.63026
2.63358
2.63559
2.64012
2.64158
2.64296
2.64427
2.64899
2.65103
2.65314
2.65464
2.65748
2.65872
2.66139
2.66244
2.66422
2.66822
2.67012
2.67285
2.67329
2.67669
2.67913
2.68258
2.6838
2.68564
2.68771
2.69028
2.6922
2.6929
2.69674
2.69776
2.7015
2.70373
2.7051
2.70877
2.71323
2.71523
2.71768
2.71967
2.72043
2.72335
2.72454
2.72752
2.73194
2.73433
2.73483
2.73599
2.74157
2.74196
2.74426
2.74868
2.75203
2.7523
2.75587
2.7584
2.75987
2.76166
2.76593
2.76984
2.77152
2.77392
2.77555
2.77734
2.77795
2.78088
2.78194
2.78495
2.78754
2.79191
2.79316
2.79536
2.79697
2.80144
2.80575
2.80682
2.80982
2.81384
2.81564
2.81867
2.81925
2.82058
2.82386
2.82549
2.82777
2.83232
2.83637
2.83983
2.84143
2.84206
2.84333
2.84948
2.85267
2.85422
2.85707
2.8575
2.85953
2.86129
2.86565
2.86651
2.86706
2.86815
2.87057
2.87699
2.88011
2.88198
2.88429
2.88491
2.88892
2.89165
2.89421
2.89595
2.89919
2.90164
2.90245
2.90531
2.90886
2.91106
2.91484
2.91762
2.91877
2.92146
2.92248
2.92475
2.92847
2.93129
2.93254
2.93497
2.93513
2.93828
2.94014
2.94335
2.94576
2.94742
2.94966
2.9507
2.95438
2.9568
2.95778
2.96007
2.9634
2.96423
2.96654
2.96783
2.96935
2.97349
2.97634
2.97831
2.98258
2.98553
2.98824
2.98985
2.99205
2.9949
2.99802
2.99943
3.0028
3.00547
3.0075
3.00977
3.01194
3.01514
3.01618
3.01766
3.01918
3.0211
3.02563
3.03008
3.0336
3.03532
3.03561
3.03927
3.04181
3.04356
3.04648
3.05055
3.05164
3.05369
3.05574
3.05857
3.0606
3.06258
3.06574
3.06989
3.07079
3.07481
3.07631
3.0776
3.07871
3.08214
3.08312
3.08875
3.08988
3.09016
3.09321
3.09499
3.09903
3.10025
3.10251
3.10337
3.10712
3.11268
3.11598
3.11721
3.11917
3.12014
3.12256
3.12571
3.12839
3.13016
3.13108
3.13594
3.13839
3.13927
3.14134
3.14322
3.14517
3.14837
3.14943
3.15251
3.15782
3.16021
3.1617
3.16336
3.16351
3.16768
3.17369
3.17415
3.17592
3.17969
3.18214
3.18481
3.18556
3.18997
3.19301
3.19714
3.19961
3.20131
3.20491
3.20733
3.2095
3.21004
3.21243
3.21352
3.21694
3.21863
3.22121
3.22297
3.2246
3.22636
3.22921
3.23191
3.23694
3.23725
3.23958
3.2402
3.24585
3.24777
3.24989
3.25212
3.25483
3.2581
3.26104
3.26322
3.2646
3.2684
3.26924
3.27192
3.27545
3.27706
3.27772
3.28103
3.28364
3.2843
3.28768
3.29261
3.29467
3.29657
3.2985
3.30371
3.30461
3.30649
3.30834
3.30969
3.31494
3.31584
3.3177
3.31841
3.32312
3.32473
3.32648
3.32872
3.32927
3.33522
3.33609
3.33843
3.34245
3.34585
3.34888
3.35139
3.35355
3.35562
3.35604
3.35678
3.36051
3.36418
3.36496
3.36578
3.36758
3.37072
3.37364
3.37483
3.37708
3.38245
3.38311
3.38461
3.38764
3.39006
3.39188
3.39292
3.39617
3.39914
3.4019
3.40571
3.40758
3.40902
3.41257
3.41483
3.41754
3.42171
3.42226
3.42616
3.42893
3.43026
3.43305
3.43579
3.43774
3.43814
3.44018
3.44632
3.44765
3.44798
3.45307
3.45359
3.45526
3.45845
3.45912
3.46413
3.46551
3.46674
3.46869
3.4689
3.47546
3.4787
3.48089
3.48158
3.48604
3.48845
3.49055
3.49245
3.49459
3.49685
3.4978
3.5028
3.50403
3.50723
3.51134
3.51419
3.51564
3.51719
3.52143
3.52389
3.52654
3.52823
3.52936
3.53332
3.53521
3.5357
3.54202
3.54303
3.54501
3.54645
3.54972
3.55401
3.55667
3.55769
3.55907
3.56219
3.56604
3.56942
3.57077
3.5722
3.57618
3.58008
3.5811
3.58195
3.58642
3.59009
3.59036
3.59345
3.59421
3.59627
3.59896
3.602
3.60382
3.60675
3.61086
3.61426
3.61821
3.62362
3.62585
3.62796
3.62973
3.63084
3.6337
3.63764
3.63854
3.64159
3.64452
3.64517
3.64826
3.65254
3.65338
3.65807
3.66171
3.66324
3.66646
3.66945
3.67136
3.67407
3.67559
3.67835
3.68309
3.6843
3.68726
3.68803
3.69074
3.69119
3.69597
3.7004
3.70227
3.70419
3.7067
3.70899
3.71144
3.71301
3.71703
3.7175
3.72208
3.72584
3.72878
3.73092
3.73404
3.73459
3.73655
3.74093
3.74366
3.74695
3.74889
3.75147
3.75561
3.75762
3.76252
3.76477
3.76735
3.76848
3.77235
3.7753
3.77749
3.78176
3.78385
3.78588
3.78759
3.7897
3.79321
3.79651
3.79912
3.80094
3.80491
3.80665
3.8084
3.81064
3.81254
3.81272
3.81785
3.81997
3.82208
3.82434
3.82735
3.83316
3.83615
3.83735
3.83836
3.84189
3.84425
3.84627
3.84953
3.85122
3.85655
3.85931
3.86103
3.86704
3.86908
3.87131
3.87405
3.87545
3.87617
3.88121
3.88318
3.885
3.88868
3.89019
3.89112
3.89479
3.89801
3.89894
3.90385
3.90631
3.91118
3.91174
3.91524
3.91666
3.91946
3.9216
3.92236
3.92423
3.92746
3.92814
3.93162
3.93268
3.93954
3.94081
3.94424
3.94543
3.94957
3.95304
3.95378
3.96012
3.96159
3.96489
3.96629
3.96895
3.97178
3.9732
3.97775
3.98006
3.98126
3.98385
3.9899
3.99038
3.99174
3.99715
3.99926
4.00054
4.00261
4.00775
4.0114
4.01321
4.01483
4.01756
4.02083
4.0232
4.02965
4.03072
4.03149
4.03499
4.03908
4.04046
4.04147
4.04328
4.04669
4.04748
4.05237
4.0543
4.05938
4.06108
4.06189
4.0643
4.07019
4.07336
4.07384
4.07821
4.07884
4.0812
4.08555
4.08695
4.08917
4.0906
4.09357
4.0967
4.09897
4.10356
4.10506
4.10779
4.11008
4.11243
4.11575
4.11835
4.12055
4.12312
4.12494
4.13298
4.13422
4.13711
4.13827
4.14174
4.14584
4.14897
4.14956
4.15081
4.15171
4.15503
4.1589
4.16244
4.16478
4.16719
4.16875
4.16951
4.17196
4.17875
4.18085
4.18454
4.18714
4.18812
4.19138
4.19203
4.19403
4.19751
4.20053
4.20144
4.20299
4.20673
4.20928
4.21177
4.21901
4.21982
4.22348
4.22406
4.22866
4.23088
4.2324
4.23411
4.23588
4.23839
4.24204
4.24515
4.24798
4.25249
4.25288
4.25411
4.25548
4.25727
4.2602
4.26208
4.26732
4.26839
4.26935
4.27129
4.2769
4.28107
4.28582
4.28889
4.29052
4.2928
4.2956
4.30095
4.30419
4.3062
4.30812
4.30958
4.31188
4.3124
4.31806
4.32237
4.32441
4.3255
4.32691
4.33107
4.33322
4.33431
4.33632
4.34036
4.34166
4.34449
4.3479
4.35133
4.3538
4.35592
4.35656
4.35915
4.36316
4.36606
4.3683
4.37109
4.37291
4.37392
4.37722
4.37854
4.38375
4.38562
4.3887
4.38983
4.39534
4.3957
4.39762
4.40171
4.40359
4.40526
4.40679
4.41133
4.41725
4.41769
4.4204
4.42205
4.42374
4.42634
4.42732
4.43165
4.43347
4.43668
4.44102
4.44127
4.44282
4.44788
4.4508
4.45411
4.45508
4.45606
4.45717
4.46078
4.46393
4.46675
4.47078
4.47206
4.47652
4.47831
4.47897
4.48133
4.4866
4.4878
4.49159
4.49268
4.49789
4.50051
4.50223
4.50614
4.50868
4.51015
4.51324
4.51694
4.51815
4.51931
4.52426
4.5263
4.52897
4.53422
4.53589
4.53827
4.5414
4.54366
4.5458
4.54724
4.55181
4.55498
4.55693
4.55933
4.56158
4.56536
4.56726
4.57148
4.57446
4.57658
4.58081
4.58424
4.58646
4.58805
4.59053
4.59355
4.59525
4.60058
4.60195
4.60646
4.60914
4.61245
4.61296
4.61933
4.61974
4.62301
4.62547
4.62591
4.63147
4.63315
4.63528
4.63894
4.6394
4.64244
4.6442
4.64711
4.64815
4.65136
4.6559
4.65968
4.66163
4.6652
4.66597
4.6701
4.67273
4.67413
4.67778
4.68136
4.68176
4.68353
4.68621
4.68722
4.68966
4.69578
4.69782
4.70045
4.70367
4.70785
4.71008
4.71245
4.71494
4.71639
4.71791
4.72204
4.72429
4.72906
4.73107
4.73442
4.73992
4.74057
4.74229
4.74504
4.74729
4.74796
4.75039
4.75463
4.75618
4.76238
4.76322
4.76724
4.76831
4.77132
4.77339
4.77774
4.7815
4.7832
4.78645
4.78781
4.79258
4.79606
4.79784
4.79882
4.8048
4.80563
4.8093
4.81405
4.81553
4.81687
4.81821
4.82073
4.82259
4.82682
4.82913
4.82983
4.83299
4.83528
4.83674
4.84023
4.84196
4.84464
4.84859
4.85224
4.85544
4.85618
4.86199
4.86365
4.86584
4.86855
4.86882
4.87279
4.87424
4.87643
4.87695
4.88075
4.88125
4.88555
4.88816
4.89089
4.89557
4.89856
4.90059
4.90343
4.90379
4.90581
4.91016
4.91127
4.91447
4.91457
4.91725
4.92147
4.92187
4.92864
4.93388
4.9352
4.9368
4.93924
4.94329
4.94797
4.95065
4.95378
4.95409
4.95671
4.9577
4.95981
4.96227
4.9656
4.96756
4.9695
4.97368
4.97719
4.97813
4.98151
4.98741
4.98841
4.98988
4.99293
4.99395
4.99656
4.99835
5.00002
5.00252
5.00687
5.00818
5.01037
5.01278
5.0156
5.01626
5.02377
5.0247
5.02693
5.02806
5.03144
5.03216
5.03437
5.03927
5.03988
5.0417
5.04547
5.0483
5.05097
5.05478
5.0558
5.06286
5.06505
5.06543
5.07238
5.07307
5.07423
5.07532
5.07881
5.08333
5.08637
5.09034
5.09299
5.09334
5.09651
5.09797
5.09996
5.10408
5.1065
5.11009
5.11184
5.11452
5.11648
5.11756
5.11957
5.12015
5.12474
5.12784
5.13496
5.13733
5.13946
5.14048
5.14252
5.14492
5.14768
5.15115
5.15258
5.15559
5.1568
5.15913
5.16268
5.16427
5.16593
5.17119
5.17312
5.17627
5.18069
5.18417
5.18518
5.18727
5.19128
5.19221
5.1968
5.19971
5.20363
5.20479
5.20862
5.21226
5.21611
5.21854
5.22223
5.22388
5.2271
5.22847
5.23313
5.23733
5.2387
5.24008
5.24355
5.24431
5.24717
5.25096
5.25181
5.25843
5.26001
5.26058
5.26574
5.26709
5.26771
5.27089
5.27327
5.27701
5.27754
5.28036
5.28463
5.28668
5.28858
5.29486
5.29626
5.29773
5.30182
5.30553
5.30798
5.31
5.31288
5.31486
5.31706
5.31902
5.32029
5.3226
5.32572
5.32691
5.32964
5.33217
5.33548
5.33685
5.34034
5.34285
5.34469
5.34785
5.34894
5.35452
5.35718
5.36113
5.36368
5.36439
5.36786
5.37012
5.37461
5.37785
5.37964
5.38089
5.38369
5.38667
5.38976
5.39092
5.39537
5.39944
5.40053
5.4009
5.4034
5.40769
5.4089
5.41103
5.41394
5.41657
5.41772
5.42089
5.42286
5.42412
5.42568
5.42941
5.43416
5.43565
5.43938
5.44241
5.44565
5.446
5.45047
5.45235
5.4554
5.45861
5.46044
5.46418
5.46951
5.47009
5.47266
5.47323
5.4767
5.47821
5.47872
5.48231
5.48686
5.48902
5.49173
5.49445
5.49768
5.49808
5.50264
5.50609
5.50864
5.50928
5.51239
5.51443
5.51994
5.52134
5.52517
5.52642
5.5275
5.53527
5.53688
5.53926
5.54153
5.54591
5.54674
5.54898
5.55107
5.55438
5.5555
5.55962
5.56092
5.56333
5.56671
5.56795
5.57232
5.57296
5.57487
5.57814
5.58067
5.58349
5.58476
5.58534
5.59103
5.59288
5.59696
5.60007
5.60193
5.60733
5.60786
5.61112
5.61465
5.61649
5.61811
5.62268
5.62454
5.62739
5.62975
5.63382
5.63621
5.6371
5.64075
5.64137
5.64654
5.64775
5.65022
5.6543
5.65759
5.65912
5.6626
5.66609
5.66954
5.67258
5.67356
5.67612
5.68244
5.68508
5.68576
5.68792
5.69178
5.6951
5.69703
5.69944
5.70306
5.70441
5.70884
5.71124
5.71227
5.71516
5.7163
5.71858
5.72128
5.72423
5.72615
5.72642
5.72983
5.73285
5.73508
5.74086
5.74148
5.74604
5.74852
5.75216
5.75465
5.75802
5.75895
5.76066
5.76504
5.7675
5.77144
5.77174
5.77431
5.78145
5.78381
5.78466
5.78626
5.78788
5.79043
5.79496
5.79714
5.80017
5.80269
5.80465
5.8096
5.81149
5.81351
5.81749
5.81853
5.82179
5.82452
5.82595
5.8285
5.83162
5.83217
5.8375
5.84062
5.8447
5.84579
5.84872
5.85337
5.85455
5.85736
5.86124
5.86439
5.86535
5.87017
5.87081
5.87175
5.87545
5.87843
5.87949
5.88219
5.88468
5.88591
5.88916
5.88998
5.89384
5.89644
5.89721
5.90157
5.90358
5.906
5.91004
5.9119
5.91439
5.91633
5.91811
5.92026
5.92326
5.92524
5.92743
5.93138
5.93539
5.93886
5.94256
5.94508
5.94644
5.94934
5.95207
5.95322
5.95619
5.96047
5.96352
5.96434
5.96701
5.96733
5.96922
5.97515
5.97658
5.97898
5.9825
5.98554
5.98737
5.98829
5.99035
5.99296
5.99539
6.00155
6.003
6.00335
6.00501
6.00999
6.01213
6.01476
6.01759
6.01892
6.02138
6.02225
6.02575
6.02768
6.02889
6.02984
6.03372
6.03772
6.03896
6.04031
6.04369
6.04486
6.04753
6.05028
6.05645
6.05866
6.05909
6.06164
6.06497
6.0679
6.06948
6.0717
6.07397
6.07906
6.0811
6.08337
6.0855
6.08599
6.091
6.09377
6.09821
6.09961
6.102
6.10501
6.10796
6.11136
6.11343
6.11483
6.11973
6.12216
6.12496
6.12731
6.13092
6.13213
6.13754
6.13845
6.13987
6.14357
6.14929
6.15033
6.15228
6.15476
6.15769
6.16022
6.16125
6.16197
6.16678
6.16759
6.17018
6.17243
6.17711
6.17787
6.181
6.18452
6.18742
6.18888
6.18986
6.19643
6.198
6.1991
6.20164
6.20385
6.20691
6.21066
6.21486
6.21599
6.21753
6.21939
6.22161
6.22365
6.2285
6.23048
6.2373
6.24109
6.24359
6.24689
6.24825
6.24846
6.25288
6.25649
6.25674
6.2599
6.26179
6.2656
6.26811
6.26876
6.27433
6.27788
6.27996
6.28247
6.28431
6.2873
6.29038
6.29246
6.29441
6.29586
6.2969
6.29793
6.30202
6.30299
6.3067
6.30871
6.31592
6.31737
6.31981
6.32152
6.32338
6.3273
6.33147
6.33583
6.33682
6.34241
6.34325
6.34747
6.34969
6.35097
6.35292
6.35657
6.3613
6.36393
6.36529
6.36888
6.37038
6.37316
6.37754
6.37878
6.38078
6.38287
6.38606
6.391
6.39632
6.39729
6.39894
6.40321
6.40659
6.40836
6.4107
6.4137
6.41578
6.41907
6.42094
6.42446
6.42584
6.43084
6.43314
6.43567
6.4382
6.4393
6.44407
6.44438
6.44772
6.45131
6.45324
6.45676
6.45849
6.46037
6.46143
6.46299
6.46894
6.46978
6.47436
6.47542
6.47642
6.48047
6.48351
6.48679
6.48807
6.49241
6.49477
6.49488
6.49984
6.5017
6.50372
6.50761
6.51032
6.5121
6.51757
6.51838
6.52326
6.52383
6.52893
6.53163
6.53503
6.53817
6.53881
6.53955
6.54526
6.54597
6.5472
6.55449
6.5567
6.56043
6.56227
6.56347
6.56645
6.56696
6.57
6.57354
6.57573
6.57684
6.58079
6.5832
6.58734
6.58963
6.59203
6.59507
6.59669
6.60059
6.60249
6.60415
6.60861
6.61225
6.61382
6.61555
6.61977
6.62048
6.62218
6.6248
6.62816
6.62965
6.63225
6.63741
6.63837
6.64065
6.64275
6.64534
6.64727
6.65157
6.65271
6.65606
6.66118
6.66452
6.6662
6.66761
6.66919
6.67127
6.67508
6.67626
6.67882
6.68265
6.68725
6.6882
6.69011
6.69551
6.69645
6.6981
6.70133
6.70367
6.70562
6.70859
6.70982
6.71166
6.7131
6.7188
6.72009
6.72051
6.72376
6.72823
6.73032
6.73202
6.73502
6.73644
6.739
6.74208
6.74567
6.74665
6.75064
6.75406
6.75496
6.75685
6.76118
6.76359
6.76572
6.77122
6.77222
6.77342
6.77543
6.77839
6.78261
6.78354
6.78749
6.78837
6.79122
6.79351
6.79609
6.79836
6.80068
6.80332
6.80552
6.80828
6.81176
6.81294
6.81655
6.82036
6.82222
6.82305
6.82506
6.82863
6.83089
6.83244
6.83698
6.83804
6.84096
6.84393
6.84771
6.84927
6.85334
6.85538
6.8587
6.85965
6.86274
6.8658
6.86739
6.86869
6.8715
6.87351
6.87707
6.8804
6.88234
6.88359
6.8853
6.88701
6.88792
6.89251
6.89434
6.89547
6.89914
6.90168
6.90374
6.90774
6.91065
6.91244
6.91433
6.91795
6.92008
6.92351
6.92544
6.92883
6.93191
6.93238
6.93603
6.93802
6.94164
6.94324
6.9451
6.94759
6.9505
6.95327
6.95491
6.95785
6.96008
6.9649
6.96634
6.96767
6.97349
6.97645
6.9806
6.98124
6.98406
6.9872
6.98978
6.99194
6.99503
6.99735
6.99899
7.00309
7.00598
7.00898
7.01151
7.01739
7.01912
7.01988
7.0227
7.02583
7.02863
7.03144
7.03517
7.03945
7.04036
7.0424
7.04564
7.04795
7.0509
7.05122
7.053
7.0546
7.05824
7.06154
7.06269
7.06531
7.06966
7.07181
7.07745
7.08047
7.083
7.08439
7.08596
7.09026
7.09374
7.09528
7.09657
7.09892
7.10161
7.10346
7.10592
7.10663
7.10818
7.11136
7.1159
7.11993
7.1207
7.12285
7.12469
7.12917
7.13107
7.13476
7.13844
7.14033
7.1432
7.14428
7.15212
7.1528
7.15463
7.15577
7.16069
7.16172
7.16493
7.16776
7.17076
7.17579
7.17973
7.18016
7.1824
7.18453
7.18958
7.19147
7.19554
7.19712
7.20009
7.20089
7.20417
7.20807
7.21196
7.21389
7.21623
7.21832
7.22163
7.22557
7.22687
7.2295
7.23349
7.23609
7.23832
7.23982
7.24187
7.24493
7.24833
7.25327
7.25521
7.25676
7.2609
7.2636
7.26642
7.26773
7.27313
7.27507
7.27723
7.27812
7.28219
7.28357
7.28587
7.2891
7.29132
7.29734
7.29915
7.30283
7.30433
7.3061
7.30891
7.31072
7.31431
7.31515
7.31933
7.32246
7.32433
7.3247
7.32964
7.33192
7.33577
7.33676
7.34013
7.34234
7.3446
7.34572
7.34891
7.35287
7.35659
7.36026
7.36201
7.36733
7.3704
7.37353
7.37532
7.37783
7.3804
7.38261
7.38585
7.38743
7.38905
7.39223
7.39653
7.40027
7.40232
7.40372
7.40648
7.41023
7.41252
7.41614
7.41832
7.42336
7.42733
7.4301
7.43363
7.43525
7.43842
7.44026
7.44479
7.44664
7.45109
7.45424
7.45586
7.45816
7.4607
7.46173
7.4665
7.46878
7.46937
7.47414
7.47824
7.47965
7.48252
7.48577
7.48891
7.49319
7.49901
7.50014
7.50337
7.50668
7.50831
7.51214
7.51314
7.51578
7.52022
7.52281
7.52676
7.52704
7.53019
7.53575
7.53804
7.54088
7.54385
7.54681
7.54869
7.55176
7.55412
7.55688
7.55913
7.56097
7.56321
7.56832
7.5712
7.57517
7.57746
7.581
7.58178
7.58583
7.58761
7.59017
7.59161
7.59344
7.59563
7.5991
7.59998
7.60515
7.6079
7.60974
7.6137
7.61628
7.6196
7.62062
7.62463
7.62985
7.63476
7.63755
7.63988
7.64437
7.64724
7.64805
7.65204
7.65311
7.65629
7.65974
7.66227
7.66602
7.66957
7.6697
7.67129
7.67498
7.67994
7.68287
7.68687
7.68796
7.6948
7.6968
7.69781
7.70021
7.70373
7.7116
7.71215
7.71258
7.71718
7.71933
7.72142
7.7241
7.72934
7.73277
7.73447
7.73544
7.74122
7.74218
7.74672
7.74843
7.75199
7.75621
7.75733
7.76016
7.76636
7.76733
7.76914
7.77467
7.77722
7.77753
7.78105
7.78553
7.78678
7.79209
7.79703
7.79765
7.80397
7.80471
7.80929
7.81132
7.8153
7.81886
7.82204
7.82719
7.82871
7.83227
7.83342
7.83578
7.83878
7.8442
7.84647
7.84933
7.85303
7.85628
7.8596
7.86457
7.8655
7.86836
7.87239
7.87366
7.87723
7.88036
7.88235
7.88648
7.88711
7.88826
7.89202
7.89302
7.89709
7.90223
7.90395
7.90777
7.90875
7.90999
7.91313
7.91438
7.91888
7.92293
7.92711
7.93006
7.93397
7.93959
7.94159
7.94259
7.94516
7.94925
7.95227
7.95833
7.95921
7.96167
7.96371
7.96647
7.96821
7.96997
7.97224
7.97597
7.97795
7.98276
7.98549
7.99327
7.99529
7.9981
8.00031
8.00161
8.00269
8.01041
8.01285
8.01593
8.02049
8.02396
8.02748
8.03164
8.03533
8.03968
8.04252
8.0429
8.04875
8.04969
8.05419
8.05699
8.05968
8.06312
8.06573
8.06626
8.07034
8.07136
8.07459
8.07779
8.08675
8.0878
8.09075
8.09468
8.09665
8.09881
8.1021
8.10632
8.11186
8.11538
8.11713
8.11871
8.12581
8.12842
8.12879
8.13434
8.1368
8.1409
8.14216
8.14409
8.14678
8.15194
8.15362
8.15489
8.16016
8.16255
8.16776
8.17002
8.17201
8.1761
8.17765
8.18636
8.18852
8.18955
8.19227
8.19659
8.19862
8.20107
8.20259
8.20892
8.21293
8.21512
8.21793
8.22066
8.22266
8.22439
8.22507
8.22841
8.2333
8.23708
8.24403
8.24685
8.25004
8.25353
8.25394
8.25688
8.26188
8.2643
8.26537
8.26768
8.27226
8.27519
8.28151
8.28269
8.28545
8.28972
8.29391
8.2953
8.29858
8.30134
8.30474
8.30768
8.31043
8.31101
8.31607
8.31772
8.3199
8.32256
8.32481
8.32793
8.33032
8.33496
8.33563
8.3395
8.34505
8.34535
8.35001
8.35399
8.35697
8.35777
8.3601
8.36215
8.36634
8.36954
8.37119
8.37538
8.37646
8.37997
8.3837
8.38456
8.38963
8.39196
8.39459
8.39709
8.39992
8.40414
8.40558
8.41121
8.41554
8.41851
8.41933
8.42089
8.42478
8.42682
8.43193
8.43226
8.43588
8.43758
8.44151
8.44368
8.44453
8.45008
8.45131
8.456
8.45694
8.45938
8.4614
8.46528
8.46728
8.46906
8.47371
8.47504
8.47773
8.48192
8.48497
8.48655
8.49376
8.49609
8.49988
8.5018
8.50303
8.5054
8.50928
8.51282
8.51468
8.5183
8.51878
8.52154
8.52423
8.52778
8.5298
8.53005
8.53311
8.53638
8.54058
8.5438
8.54645
8.55062
8.55103
8.55401
8.55681
8.55866
8.56546
8.56731
8.57005
8.57171
8.57535
8.57689
8.58031
8.58213
8.58407
8.5888
8.59022
8.59459
8.59667
8.60043
8.6028
8.60501
8.60826
8.60996
8.61059
8.61669
8.61981
8.62164
8.62594
8.62774
8.6298
8.63354
8.63564
8.63846
8.64115
8.64312
8.64693
8.64997
8.65172
8.65447
8.65702
8.65946
8.66056
8.66828
8.66974
8.67186
8.67477
8.67639
8.6789
8.6836
8.68622
8.68862
8.69018
8.69295
8.69723
8.70248
8.70427
8.70602
8.70899
8.71126
8.71401
8.71522
8.72066
8.72447
8.7252
8.73175
8.73501
8.73586
8.73716
8.74024
8.74112
8.74277
8.74416
8.7495
8.75423
8.7575
8.76013
8.76261
8.76672
8.76793
8.77193
8.77464
8.77695
8.78148
8.78224
8.78664
8.78964
8.79
8.79443
8.79698
8.8034
8.80524
8.80663
8.81026
8.81078
8.81386
8.81534
8.82059
8.82429
8.82918
8.83105
8.83329
8.83462
8.83709
8.83804
8.84244
8.84623
8.84826
8.85063
8.85215
8.8581
8.86172
8.8652
8.86823
8.86907
8.87042
8.87443
8.87764
8.88013
8.88262
8.88648
8.88946
8.89299
8.89486
8.89989
8.90378
8.90474
8.90938
8.90959
8.91053
8.91411
8.92075
8.92247
8.92627
8.92924
8.93071
8.93281
8.93794
8.93859
8.94225
8.94329
8.94843
8.95185
8.95394
8.95835
8.95986
8.96336
8.96725
8.97
8.97172
8.97495
8.97866
8.98218
8.9852
8.9871
8.99168
8.99289
8.99583
8.99689
9.00068
9.00296
9.00678
9.00747
9.00939
9.01197
9.01507
9.01645
9.02138
9.02476
9.02779
9.03107
9.033
9.03626
9.04034
9.04315
9.04403
9.04843
9.0492
9.05139
9.05829
9.05987
9.06471
9.06592
9.06698
9.07164
9.07812
9.08126
9.08453
9.08689
9.08945
9.09207
9.09565
9.09897
9.09965
9.10137
9.10567
9.10815
9.10951
9.1153
9.11725
9.12238
9.12513
9.12742
9.12933
9.13362
9.13513
9.1376
9.13988
9.1443
9.14678
9.1501
9.15326
9.15699
9.15745
9.16223
9.16377
9.16815
9.1697
9.17115
9.17408
9.17587
9.17998
9.18142
9.1854
9.19228
9.1933
9.19985
9.20103
9.20479
9.20861
9.21219
9.21271
9.21705
9.21817
9.22188
9.22702
9.22842
9.23531
9.23828
9.23925
9.23992
9.244
9.24852
9.24985
9.25207
9.25589
9.25752
9.26026
9.26267
9.26486
9.26957
9.271
9.27504
9.2754
9.28028
9.28306
9.28553
9.29031
9.29272
9.29546
9.30041
9.30578
9.30865
9.30917
9.31343
9.31535
9.31947
9.32045
9.32563
9.3286
9.33161
9.33292
9.33598
9.33915
9.34161
9.3437
9.3505
9.35199
9.35737
9.35897
9.36179
9.36748
9.3692
9.37195
9.37335
9.37749
9.38111
9.38193
9.3857
9.38844
9.39093
9.3941
9.39638
9.39892
9.40259
9.40628
9.40864
9.41063
9.41233
9.41439
9.42185
9.42419
9.42512
9.43097
9.43265
9.43692
9.44034
9.44148
9.4438
9.44748
9.45264
9.45405
9.45803
9.45924
9.461
9.46279
9.46805
9.47437
9.47653
9.482
9.48303
9.48544
9.48821
9.49056
9.49392
9.49496
9.49889
9.50098
9.50711
9.509
9.51288
9.51528
9.51807
9.51896
9.52438
9.52514
9.5299
9.53331
9.53741
9.53988
9.54512
9.5468
9.5509
9.55161
9.55504
9.55817
9.55957
9.56156
9.56557
9.56779
9.57397
9.57519
9.57656
9.57978
9.58217
9.58563
9.5903
9.59283
9.59423
9.59522
9.599
9.60171
9.60359
9.60907
9.61115
9.61411
9.61715
9.61887
9.62385
9.62438
9.62828
9.63106
9.6333
9.63637
9.63934
9.64147
9.64332
9.64845
9.65135
9.65236
9.657
9.66013
9.66037
9.662
9.66797
9.6741
9.67652
9.67863
9.68197
9.6857
9.68623
9.68734
9.69232
9.69782
9.69999
9.70252
9.7063
9.70823
9.70878
9.71171
9.71577
9.71959
9.72409
9.72545
9.72924
9.73395
9.73925
9.74124
9.74482
9.74708
9.74812
9.75115
9.75539
9.75719
9.7597
9.76131
9.76568
9.76911
9.76949
9.77135
9.77627
9.77657
9.78085
9.78897
9.79287
9.79453
9.79731
9.79771
9.80389
9.80839
9.81021
9.8122
9.81628
9.81816
9.81992
9.82425
9.82438
9.82683
9.82942
9.83441
9.83678
9.83997
9.84448
9.8495
9.84972
9.85209
9.85598
9.85825
9.85858
9.85994
9.86684
9.87113
9.87268
9.878
9.88216
9.88394
9.8862
9.88723
9.89202
9.89535
9.8972
9.90076
9.90289
9.90713
9.90985
9.91378
9.91474
9.92097
9.92361
9.92679
9.93104
9.93605
9.93851
9.9399
9.94381
9.94645
9.95074
9.9534
9.95488
9.95762
9.9623
9.96482
9.96627
9.96928
9.97175
9.97419
9.97822
9.98124
9.98648
9.9879
9.98991
9.99219
9.99572
9.99686
10.0026
10.0042
10.0059
10.009
10.014
10.0152
10.0201
10.0209
10.0242
10.0287
10.0315
10.0344
10.0385
10.0401
10.0419
10.0437
10.0487
10.0517
10.0563
10.058
10.0598
10.063
10.0666
10.0697
10.0711
10.0754
10.0796
10.0819
10.0842
10.0864
10.093
10.0946
10.0975
10.1005
10.102
10.1048
10.1078
10.1105
10.1116
10.1128
10.1148
10.1234
10.1249
10.1296
10.1314
10.1355
10.14
10.1427
10.1455
10.1518
10.1531
10.1566
10.1587
10.1618
10.1648
10.1664
10.1671
10.172
10.1762
10.1776
10.1804
10.1854
10.1862
10.1904
10.1937
10.1976
10.1987
10.2016
10.2041
10.2089
10.2126
10.2166
10.2185
10.2202
10.2223
10.2236
10.2277
10.233
10.235
10.2365
10.2397
10.2423
10.2449
10.2466
10.2501
10.2513
10.2551
10.2597
10.2604
10.2656
10.2689
10.27
10.2721
10.2739
10.2767
10.2811
10.2887
10.2894
10.2959
10.2969
10.2987
10.3001
10.3053
10.3077
10.3103
10.3119
10.3148
10.3195
10.3221
10.3244
10.3256
10.3321
10.3328
10.3343
10.339
10.3418
10.3455
10.3487
10.3505
10.3542
10.3582
10.3606
10.3636
10.3644
10.3681
10.3724
10.3763
10.3769
10.3801
10.3815
10.3863
10.3925
10.3938
10.3956
10.4016
10.4027
10.4067
10.4123
10.4137
10.4191
10.4202
10.4227
10.4269
10.4338
10.4344
10.4372
10.4388
10.4436
10.4448
10.4491
10.4525
10.4571
10.4591
10.4642
10.4647
10.4689
10.4707
10.4733
10.4768
10.4803
10.4815
10.4853
10.4864
10.4894
10.4951
10.5015
10.5031
10.5086
10.5102
10.5155
10.5169
10.5195
10.5207
10.5234
10.5254
10.5268
10.5326
10.5388
10.542
10.5431
10.547
10.5498
10.5519
10.5532
10.5584
10.5653
10.5662
10.5684
10.5696
10.5779
10.5785
10.5827
10.5858
10.5872
10.592
10.5964
10.5995
10.6013
10.6062
10.6082
10.6102
10.6168
10.6184
10.623
10.6239
10.6271
10.6303
10.6323
10.6377
10.6405
10.6448
10.6481
10.6515
10.6551
10.6577
10.6633
10.6659
10.6685
10.672
10.6749
10.677
10.682
10.6868
10.6906
10.694
10.6943
10.6973
10.7007
10.7016
10.7045
10.7094
10.7143
10.7168
10.7195
10.7238
10.7265
10.7278
10.7343
10.7366
10.7377
10.7426
10.7466
10.7493
10.7513
10.758
10.7607
10.7649
10.7684
10.7709
10.7725
10.7762
10.7807
10.7854
10.7873
10.792
10.7951
10.8002
10.8009
10.805
10.8063
10.8097
10.8146
10.8176
10.8189
10.8222
10.8259
10.829
10.8373
10.8391
10.8415
10.8441
10.848
10.8523
10.8582
10.8611
10.8639
10.8647
10.8697
10.8732
10.8755
10.8845
10.8856
10.89
10.8909
10.8936
10.8993
10.9011
10.9042
10.9068
10.91
10.9151
10.919
10.9202
10.9258
10.9302
10.9322
10.9385
10.9387
10.9435
10.9461
10.9492
10.9509
10.955
10.9589
10.9628
10.9672
10.9689
10.9731
10.9798
10.9833
10.9846
10.9874
10.9922
10.9957
11.001
11.0032
11.0105
11.0111
11.013
11.0153
11.017
11.0188
11.0242
11.0291
11.0312
11.035
11.0365
11.0377
11.0456
11.0493
11.0519
11.0556
11.0628
11.0639
11.0658
11.0709
11.0766
11.0782
11.0802
11.0844
11.0884
11.0907
11.0955
11.0982
11.0994
11.1058
11.1096
11.1131
11.1154
11.1187
11.1251
11.1297
11.1315
11.1352
11.1399
11.1432
11.1443
11.1507
11.1535
11.1569
11.1603
11.1634
11.1644
11.1694
11.1721
11.1743
11.1778
11.1805
11.1849
11.1866
11.1895
11.1961
11.198
11.2015
11.2059
11.2096
11.2117
11.2148
11.2174
11.2181
11.2256
11.2301
11.2318
11.2343
11.2368
11.2395
11.246
11.2485
11.2498
11.2552
11.2572
11.26
11.2637
11.2656
11.268
11.2752
11.2792
11.2817
11.2867
11.2873
11.291
11.2931
11.2981
11.3015
11.3042
11.3081
11.3112
11.315
11.3188
11.3207
11.3258
11.3263
11.3294
11.3334
11.3369
11.3384
11.3413
11.3462
11.3476
11.3509
11.3562
11.3593
11.362
11.3633
11.3648
11.3722
11.3747
11.3753
11.3797
11.382
11.3858
11.3903
11.3937
11.3952
11.3987
11.4024
11.4083
11.411
11.4134
11.4166
11.4214
11.4249
11.4281
11.4302
11.4337
11.4365
11.4379
11.4434
11.4457
11.4472
11.4496
11.4545
11.4572
11.4641
11.47
11.4736
11.4751
11.483
11.4845
11.487
11.488
11.4942
11.4948
11.4994
11.5022
11.5033
11.5087
11.5095
11.5122
11.518
11.5223
11.5238
11.5246
11.5308
11.5336
11.5391
11.543
11.5468
11.5484
11.5526
11.5591
11.5602
11.5654
11.5687
11.5732
11.5744
11.5769
11.5811
11.5825
11.5853
11.5906
11.5944
11.5996
11.6006
11.6017
11.6084
11.613
11.6151
11.6183
11.6201
11.6247
11.626
11.6302
11.6325
11.6358
11.6389
11.6398
11.6443
11.6509
11.6514
11.6573
11.6597
11.6616
11.6664
11.671
11.6734
11.6761
11.6803
11.684
11.6864
11.6901
11.6965
11.6968
11.7009
11.7036
11.7053
11.71
11.7131
11.7151
11.7193
11.7207
11.7248
11.7303
11.7306
11.7402
11.7425
11.7468
11.7475
11.7513
11.7537
11.7561
11.7644
11.7711
11.7723
11.7745
11.7774
11.7809
11.7825
11.7849
11.7872
11.7921
11.795
11.7967
11.7992
11.8032
11.8058
11.8063
11.8113
11.8191
11.8209
11.8282
11.8289
11.8338
11.8374
11.8398
11.8451
11.8465
11.8521
11.8561
11.8599
11.8607
11.8622
11.868
11.8693
11.8748
11.8764
11.8775
11.8804
11.8857
11.8874
11.8887
11.8919
11.8957
11.9009
11.9047
11.9069
11.9118
11.9131
11.9145
11.9196
11.9224
11.9264
11.9309
11.9321
11.9365
11.9431
11.9439
11.9495
11.9497
11.9563
11.9564
11.959
11.9635
11.9697
11.9721
11.9777
11.9796
11.9836
11.986
11.9888
11.9922
11.9993
12.0018
12.0065
12.0095
12.0134
12.0144
12.0156
12.0193
12.0226
12.0277
12.0302
12.0333
12.037
12.0413
12.0432
12.0502
12.0505
12.0568
12.0618
12.063
12.0669
12.0678
12.0715
12.0733
12.0767
12.0824
12.0836
12.0851
12.0952
12.0963
12.104
12.1054
12.1083
12.1111
12.1126
12.1207
12.1214
12.128
12.1304
12.1312
12.1347
12.1367
12.1433
12.1457
12.1486
12.1543
12.1557
12.1601
12.1638
12.1674
12.1707
12.1737
12.1754
12.1787
12.1825
12.1848
12.19
12.1965
12.2007
12.2011
12.2046
12.2069
12.209
12.2144
12.2151
12.2174
12.2233
12.2244
12.2299
12.2352
12.2382
12.2413
12.2438
12.2488
12.2535
12.254
12.2573
12.2601
12.2636
12.266
12.2713
12.2744
12.2756
12.2774
12.2782
12.2847
12.2883
12.2946
12.2956
12.2977
12.3011
12.3066
12.3108
12.3154
12.3195
12.3237
12.3239
12.3276
12.3292
12.3331
12.3356
12.3406
12.3421
12.3441
12.3492
12.3508
12.3557
12.3596
12.3632
12.3655
12.3679
12.3704
12.3767
12.3797
12.3819
12.384
12.385
12.3875
12.3905
12.3957
12.3984
12.4033
12.4061
12.4099
12.4143
12.4166
12.4185
12.4205
12.4218
12.427
12.4286
12.4323
12.4345
12.4414
12.4453
12.4476
12.4489
12.4519
12.4552
12.4599
12.4639
12.4679
12.4718
12.4737
12.477
12.4802
12.4819
12.4854
12.4934
12.4956
12.4973
12.5042
12.5075
12.5134
12.5142
12.5156
12.5194
12.5242
12.5255
12.5262
12.5281
12.5338
12.5386
12.5405
12.5424
12.544
12.5465
12.5509
12.5526
12.5552
12.5593
12.5626
12.5682
12.5687
12.5746
12.5759
12.578
12.5813
12.5828
12.59
12.5922
12.5944
12.5973
12.6035
12.6064
12.6126
12.617
12.6196
12.6224
12.624
12.6289
12.6312
12.6367
12.6379
12.6396
12.6414
12.6475
12.6509
12.6576
12.6595
12.6629
12.6683
12.6714
12.6722
12.6748
12.679
12.6811
12.6841
12.6867
12.6928
12.694
12.6986
12.7004
12.7026
12.7056
12.7113
12.7143
12.7168
12.7219
12.7228
12.726
12.7316
12.736
12.7378
12.74
12.745
12.7465
12.7481
12.7535
12.7568
12.7606
12.7636
12.7645
12.7701
12.7727
12.7745
12.7805
12.7813
12.7859
12.7868
12.7896
12.7955
12.7964
12.7981
12.8029
12.8045
12.8082
12.8119
12.8128
12.8168
12.8176
12.8206
12.8249
12.8309
12.8329
12.834
12.8397
12.8419
12.8424
12.8503
12.8541
12.855
12.8596
12.8606
12.865
12.869
12.8702
12.8743
12.877
12.8818
12.8831
12.8894
12.8902
12.8958
12.8981
12.8995
12.9055
12.9087
12.9122
12.9145
12.9168
12.9221
12.9259
12.9265
12.9306
12.9364
12.9419
12.9451
12.9482
12.9509
12.9541
12.958
12.96
12.9616
12.9628
12.9684
12.9707
12.9741
12.9761
12.9842
12.9884
12.9891
12.9914
12.9956
12.9999
13.0003
13.0029
13.0107
13.0115
13.0188
13.0214
13.0258
13.0274
13.0294
13.0351
13.0352
13.0417
13.0473
13.0492
13.0516
13.055
13.06
13.0635
13.0673
13.0682
13.075
13.0759
13.0825
13.0841
13.088
13.0912
13.093
13.0949
13.0973
13.1015
13.104
13.1061
13.1078
13.113
13.1142
13.1156
13.1202
13.1292
13.1309
13.1334
13.1368
13.1384
13.1431
13.1453
13.1499
13.1535
13.1567
13.1581
13.1611
13.1641
13.1686
13.172
13.1754
13.1806
13.1837
13.1849
13.1881
13.1909
13.1957
13.1973
13.198
13.2053
13.21
13.2135
13.2168
13.2192
13.2218
13.2264
13.2307
13.233
13.2356
13.2401
13.2428
13.2446
13.2491
13.2508
13.2572
13.2587
13.2608
13.2641
13.2688
13.2732
13.2747
13.2798
13.2861
13.2881
13.2892
13.2918
13.2955
13.2971
13.2995
13.3033
13.3064
13.3109
13.3148
13.3179
13.3233
13.3273
13.3284
13.3332
13.3343
13.3363
13.3384
13.3444
13.3453
13.3488
13.3521
13.3533
13.358
13.362
13.3646
13.3674
13.3692
13.3732
13.3796
13.3819
13.3837
13.3871
13.3876
13.3923
13.3974
13.399
13.404
13.4056
13.4059
13.4119
13.418
13.4187
13.4242
13.4254
13.4277
13.434
13.4388
13.4402
13.4434
13.4468
13.4487
13.4515
13.4554
13.4578
13.4628
13.4649
13.4683
13.4699
13.4725
13.4766
13.4792
13.481
13.487
13.4886
13.4904
13.4955
13.4995
13.5014
13.5057
13.5091
13.5118
13.5145
13.5199
13.5236
13.5257
13.5301
13.532
13.5344
13.5415
13.5449
13.5469
13.552
13.5563
13.5589
13.5612
13.5658
13.5709
13.5718
13.5722
13.5777
13.5796
13.5813
13.5862
13.587
13.5907
13.5978
13.5984
13.6012
13.606
13.61
13.612
13.6137
13.6189
13.622
13.6234
13.6283
13.6301
13.6391
13.6419
13.6463
13.6496
13.6535
13.6546
13.6586
13.6624
13.6642
13.6706
13.6733
13.6752
13.6793
13.6858
13.6878
13.6916
13.695
13.6981
13.7026
13.7051
13.7083
13.7104
13.7132
13.7182
13.724
13.7259
13.7269
13.7309
13.7353
13.7383
13.7393
13.7408
13.7458
13.7531
13.7561
13.7591
13.7612
13.7666
13.7675
13.7757
13.7772
13.7864
13.7873
13.7914
13.7958
13.7985
13.803
13.8071
13.8121
13.8146
13.8193
13.8195
13.824
13.8269
13.8283
13.8331
13.8385
13.843
13.8494
13.8533
13.8551
13.8589
13.8615
13.8658
13.8691
13.8793
13.881
13.8838
13.8893
13.8929
13.8947
13.8969
13.9007
13.9058
13.9082
13.9129
13.9154
13.9198
13.924
13.9274
13.9285
13.9336
13.9373
13.9398
13.9436
13.9518
13.9551
13.9553
13.9631
13.964
13.9657
13.9721
13.978
13.9828
13.9868
13.9899
13.9931
13.9958
14.0005
14.007
14.0086
14.013
14.016
14.0215
14.0241
14.0271
14.0294
14.0327
14.0384
14.0401
14.0428
14.0507
14.0522
14.057
14.0611
14.0657
14.0696
14.0735
14.0789
14.0859
14.0885
14.0911
14.0946
14.0993
14.1078
14.1087
14.1122
14.118
14.1191
14.1305
14.1332
14.1379
14.1385
14.1417
14.1435
14.1474
14.155
14.1554
14.1586
14.1649
14.1659
14.1763
14.1794
14.1851
14.1874
14.1889
14.1948
14.196
14.2032
14.2061
14.2114
14.2148
14.223
14.2238
14.2319
14.2362
14.2398
14.2435
14.2457
14.2483
14.2537
14.2576
14.2611
14.2664
14.2704
14.2715
14.2772
14.2836
14.2883
14.2935
14.2962
14.3042
14.3049
14.3117
14.3167
14.3187
14.3209
14.324
14.3297
14.3346
14.336
14.3392
14.3412
14.3433
14.3565
14.3612
14.3687
14.3709
14.3736
14.3771
14.3804
14.3848
14.3872
14.3894
14.3926
14.396
14.3974
14.4043
14.4054
14.4068
14.4149
14.4185
14.4235
14.4294
14.4326
14.4358
14.4406
14.4421
14.4447
14.4489
14.4584
14.4598
14.4631
14.4702
14.4734
14.4744
14.48
14.4873
14.4887
14.496
14.4981
14.4992
14.5059
14.5073
14.5168
14.5222
14.5236
14.5266
14.5289
14.5346
14.5373
14.5408
14.5459
14.5514
14.553
14.5605
14.5621
14.5669
14.5689
14.5718
14.577
14.5793
14.5855
14.5934
14.5969
14.6009
14.6029
14.6077
14.6106
14.6171
14.621
14.6278
14.6326
14.6352
14.637
14.639
14.646
14.6513
14.6591
14.6631
14.6673
14.6682
14.6718
14.6755
14.6806
14.6895
14.6919
14.6938
14.6992
14.7067
14.7073
14.7116
14.7187
14.7221
14.7251
14.7332
14.7367
14.7382
14.7404
14.7479
14.7492
14.7572
14.7612
14.7662
14.7706
14.777
14.7824
14.785
14.7854
14.792
14.7951
14.8036
14.8052
14.8095
14.8144
14.8191
14.8272
14.8315
14.8338
14.8386
14.8399
14.8415
14.8486
14.852
14.8565
14.8603
14.8636
14.8654
14.8708
14.8801
14.8835
14.8845
14.8901
14.8992
14.9005
14.9046
14.9073
14.9116
14.9153
14.9203
14.9269
14.9302
14.9341
14.9374
14.9411
14.9455
14.95
14.9526
14.9534
14.9586
14.9683
14.9705
14.9772
14.9785
14.9839
14.9878
14.9948
14.9988
15.0025
15.0049
15.0073
15.0105
15.0133
15.0176
15.0224
15.0261
15.0328
15.0369
15.046
15.0498
15.0544
15.0572
15.0612
15.0648
15.0692
15.0729
15.0819
15.0848
15.093
15.0944
15.0959
15.0995
15.1074
15.1141
15.1177
15.1224
15.1304
15.1337
15.1365
15.1397
15.145
15.1473
15.1495
15.154
15.1568
15.1625
15.1692
15.1753
15.1784
15.1794
15.1879
15.1905
15.1974
15.2024
15.2057
15.2113
15.2131
15.2192
15.2209
15.2276
15.2297
15.2338
15.2415
15.2437
15.2474
15.2505
15.2525
15.2584
15.2669
15.2702
15.2731
15.276
15.2803
15.2846
15.2879
15.2904
15.2975
15.3025
15.3087
15.3096
15.3154
15.3187
15.3244
15.3285
15.3331
15.3345
15.3377
15.3411
15.348
15.3523
15.3575
15.3581
15.3609
15.371
15.3766
15.3814
15.3821
15.3878
15.3919
15.395
15.4003
15.4009
15.4069
15.4144
15.4164
15.4175
15.4221
15.4284
15.431
15.4358
15.4411
15.4417
15.451
15.4531
15.4599
15.4677
15.4701
15.4756
15.4798
15.4839
15.4913
15.4959
15.4975
15.5011
15.5068
15.5084
15.512
15.5206
15.523
15.5244
15.5294
15.5383
15.5417
15.5443
15.55
15.5509
15.5549
15.5582
15.5596
15.5703
15.5729
15.5737
15.5834
15.5869
15.59
15.5942
15.5971
15.603
15.6053
15.6131
15.6152
15.6211
15.6258
15.6266
15.6318
15.6353
15.6428
15.6473
15.6507
15.6602
15.6626
15.6671
15.6714
15.6765
15.6804
15.684
15.6877
15.6917
15.6962
15.6995
15.7055
15.7082
15.7145
15.7165
15.7205
15.7242
15.7271
15.7361
15.7384
15.7401
15.7431
15.7487
15.7512
15.7541
15.7588
15.7646
15.7682
15.7714
15.7739
15.7792
15.7831
15.784
15.7877
15.7886
15.8001
15.8036
15.8078
15.8087
15.8148
15.8153
15.8273
15.8278
15.8303
15.8345
15.8382
15.844
15.8506
15.8526
15.8545
15.8578
15.8617
15.8672
15.8681
15.8744
15.8812
15.8883
15.8921
15.8948
15.8986
15.9026
15.9074
15.9121
15.9157
15.918
15.9252
15.9298
15.9327
15.936
15.9397
15.9442
15.9462
15.952
15.9546
15.9601
15.9639
15.9728
15.9747
15.9776
15.9828
15.986
15.9914
15.9958
16.0001
16.0029
16.0112
16.0137
16.0167
16.0201
16.0289
16.0313
16.0355
16.0379
16.0392
16.0507
16.0554
16.058
16.0615
16.0658
16.0681
16.0746
16.0763
16.0795
16.0853
16.0868
16.0935
16.1005
16.1067
16.1109
16.1167
16.1233
16.1262
16.132
16.137
16.1429
16.1484
16.1516
16.1541
16.1605
16.1624
16.1655
16.1717
16.1761
16.1781
16.1817
16.186
16.1922
16.1977
16.2056
16.207
16.2085
16.2105
16.214
16.2206
16.2241
16.2303
16.2322
16.2375
16.2417
16.247
16.2481
16.2554
16.2572
16.2638
16.2651
16.273
16.2741
16.2779
16.2824
16.2892
16.2944
16.3004
16.3026
16.3073
16.3104
16.3156
16.3171
16.327
16.3291
16.3321
16.3377
16.342
16.3437
16.3459
16.3529
16.3606
16.3636
16.3688
16.3703
16.379
16.384
16.3843
16.3877
16.3929
16.3958
16.4017
16.4055
16.4122
16.4196
16.4211
16.4234
16.4282
16.4328
16.4388
16.4426
16.447
16.449
16.4558
16.4587
16.4621
16.4647
16.4672
16.4712
16.4739
16.4773
16.4849
16.4899
16.5009
16.5035
16.5078
16.5112
16.5195
16.5227
16.5251
16.529
16.5357
16.5393
16.5483
16.5523
16.5551
16.5569
16.5608
16.5668
16.5685
16.572
16.5776
16.5821
16.5852
16.5872
16.5918
16.601
16.6054
16.6086
16.6122
16.6152
16.6206
16.6248
16.628
16.6332
16.6363
16.6372
16.6405
16.6484
16.6525
16.6552
16.6603
16.6646
16.6705
16.6734
16.6787
16.6845
16.6921
16.6966
16.6987
16.7
16.7094
16.7117
16.7171
16.7241
16.7261
16.7287
16.7378
16.7407
16.7414
16.7505
16.7533
16.7602
16.7653
16.7686
16.7728
16.7774
16.783
16.7908
16.7951
16.7976
16.8023
16.8048
16.8148
16.8238
16.8246
16.8288
16.8338
16.8355
16.8495
16.8512
16.8528
16.8592
16.8622
16.8673
16.8702
16.8742
16.8752
16.8838
16.8876
16.8904
16.895
16.9004
16.9073
16.9111
16.9152
16.9196
16.9287
16.9333
16.9378
16.9425
16.9559
16.9639
16.9647
16.9697
16.9721
16.9742
16.9817
16.9827
17.0001
17.0016
17.0018
17.0115
17.0162
17.0193
17.0243
17.0316
17.0355
17.041
17.0458
17.0571
17.0596
17.0614
17.0679
17.0694
17.0757
17.0802
17.0895
17.0958
17.1
17.1059
17.1078
17.1157
17.1221
17.1237
17.1269
17.1313
17.1416
17.1453
17.1487
17.1528
17.1547
17.1592
17.1681
17.1743
17.1765
17.1797
17.1894
17.1938
17.1967
17.1981
17.2037
17.2075
17.211
17.2176
17.2234
17.2274
17.2313
17.2373
17.2398
17.244
17.2499
17.2592
17.2605
17.2628
17.269
17.2708
17.2769
17.282
17.2872
17.2913
17.2964
17.3004
17.3033
17.3096
17.3118
17.3195
17.3225
17.3322
17.3337
17.3368
17.3418
17.3438
17.3472
17.3529
17.3653
17.3697
17.376
17.3766
17.3824
17.3851
17.3875
17.399
17.3999
17.4046
17.4073
17.4095
17.416
17.4246
17.4298
17.4345
17.4379
17.4448
17.4482
17.4535
17.4603
17.4657
17.4696
17.4731
17.4777
17.4788
17.4851
17.4896
17.4946
17.4991
17.507
17.5151
17.5175
17.524
17.5277
17.5315
17.5375
17.541
17.5506
17.5531
17.558
17.5584
17.5666
17.5702
17.5749
17.5812
17.583
17.5907
17.5909
17.5958
17.6024
17.6124
17.6145
17.6191
17.6222
17.6241
17.6276
17.6384
17.6416
17.6426
17.6548
17.6568
17.6621
17.6625
17.6637
17.6662
17.6764
17.6813
17.69
17.6929
17.699
17.6997
17.7035
17.7044
17.712
17.7177
17.7242
17.73
17.7358
17.7414
17.7543
17.7568
17.7601
17.7685
17.769
17.7761
17.7776
17.7809
17.7895
17.7925
17.7958
17.8101
17.8121
17.8142
17.8174
17.821
17.8245
17.8332
17.837
17.8381
17.8447
17.8498
17.854
17.8567
17.8583
17.8648
17.869
17.879
17.8824
17.8917
17.8947
17.9029
17.9087
17.9117
17.9173
17.9229
17.9269
17.9336
17.9357
17.9422
17.947
17.9534
17.963
17.9632
17.9683
17.9709
17.9747
17.9806
17.9835
17.9846
17.99
18.0019
18.0068
18.0105
18.0163
18.0191
18.0319
18.0398
18.0419
18.0474
18.051
18.0534
18.0563
18.0614
18.064
18.0727
18.0765
18.083
18.0852
18.095
18.0976
18.1028
18.1066
18.1111
18.1198
18.1231
18.1288
18.1365
18.1415
18.1436
18.1478
18.1567
18.1601
18.1667
18.1753
18.1775
18.1825
18.1868
18.191
18.1985
18.2065
18.2095
18.2166
18.2239
18.2266
18.2354
18.2419
18.2446
18.257
18.2609
18.264
18.2748
18.2766
18.2805
18.2891
18.294
18.296
18.3046
18.3093
18.3148
18.3211
18.3277
18.3385
18.3486
18.3494
18.3575
18.3613
18.3707
18.3765
18.3812
18.3829
18.393
18.3978
18.4029
18.4118
18.4156
18.4165
18.4218
18.4305
18.4333
18.4411
18.4461
18.4504
18.4517
18.4589
18.4653
18.4723
18.4825
18.485
18.4987
18.5015
18.5066
18.5138
18.5169
18.5258
18.533
18.5373
18.5449
18.5485
18.5651
18.567
18.5758
18.5764
18.5859
18.596
18.6008
18.6052
18.61
18.6216
18.6316
18.6402
18.6431
18.6492
18.6572
18.6671
18.6708
18.6787
18.6866
18.6886
18.6954
18.702
18.7112
18.7182
18.7242
18.7282
18.7326
18.7425
18.7474
18.7491
18.756
18.7612
18.7719
18.7744
18.7825
18.7891
18.7961
18.8012
18.8097
18.8109
18.8213
18.8243
18.832
18.8388
18.8489
18.8545
18.8653
18.8693
18.8737
18.8759
18.8812
18.8858
18.89
18.8973
18.9047
18.9144
18.9296
18.9332
18.9379
18.9404
18.9514
18.9603
18.9719
18.9781
18.9862
18.9922
18.9982
19.002
19.0097
19.0195
19.021
19.0335
19.0355
19.0423
19.0491
19.051
19.0597
19.0673
19.0734
19.0789
19.0906
19.0933
19.0981
19.105
19.1189
19.1233
19.1311
19.1329
19.1383
19.1426
19.1466
19.1529
19.1587
19.1661
19.1722
19.1789
19.1814
19.184
19.1929
19.1994
19.2022
19.2085
19.2138
19.2188
19.2289
19.2305
19.2363
19.2435
19.2487
19.2527
19.2549
19.2631
19.2695
19.2713
19.2775
19.2857
19.2914
19.2937
19.2979
19.301
19.3063
19.3154
19.3308
19.3355
19.3383
19.3552
19.3619
19.3663
19.3669
19.3785
19.3819
19.3891
19.397
19.4012
19.4062
19.4127
19.4239
19.428
19.4344
19.4405
19.4441
19.4528
19.4546
19.4651
19.473
19.478
19.4846
19.4871
19.492
19.4999
19.5036
19.5148
19.5226
19.5331
19.5338
19.542
19.5459
19.5535
19.5597
19.5619
19.574
19.5795
19.5808
19.587
19.5963
19.5991
19.604
19.6112
19.6136
19.6193
19.623
19.6319
19.6352
19.6486
19.6504
19.6572
19.6609
19.6655
19.6776
19.6837
19.7004
19.7081
19.7123
19.7286
19.7443
19.7475
19.7514
19.7599
19.7678
19.7756
19.777
19.7882
19.7976
19.8071
19.8102
19.8221
19.8289
19.8389
19.8417
19.8453
19.8589
19.8678
19.8695
19.879
19.8817
19.8875
19.8927
19.8954
19.9043
19.913
19.9138
19.923
19.9357
19.9508
19.9646
19.9756
19.9772
19.9869
19.9931
20.0094
20.0111
20.0185
20.0212
20.0294
20.0375
20.0421
20.0466
20.0608
20.0713
20.0801
20.0841
20.0885
20.1032
20.1101
20.1126
20.1203
20.1273
20.1332
20.1373
20.1459
20.1605
20.1657
20.1672
20.1798
20.185
20.1918
20.1996
20.2045
20.2065
20.2158
20.2267
20.2297
20.2356
20.243
20.2569
20.259
20.2666
20.2765
20.2828
20.2884
20.3069
20.3118
20.316
20.3165
20.3255
20.3313
20.3366
20.342
20.3473
20.3558
20.3758
20.3814
20.3889
20.3935
20.4016
20.4027
20.4128
20.4187
20.4239
20.4274
20.4309
20.4338
20.4463
20.4506
20.4581
20.4616
20.4654
20.47
20.4758
20.49
20.4903
20.4968
20.5029
20.5075
20.5166
20.5239
20.533
20.5431
20.5527
20.5591
20.563
20.5767
20.5864
20.5893
20.5956
20.6025
20.6082
20.616
20.6281
20.6334
20.6468
20.6525
20.6627
20.67
20.6815
20.6986
20.7011
20.7058
20.7121
20.7246
20.7356
20.7394
20.7431
20.7526
20.7652
20.7687
20.7721
20.7866
20.7933
20.8009
20.8119
20.8138
20.8201
20.8239
20.835
20.8439
20.855
20.859
20.8721
20.8834
20.8953
20.9001
20.9084
20.9146
20.9377
20.9429
20.9514
20.959
20.9687
20.9836
20.9916
20.9952
21.0005
21.0058
21.0116
21.0176
21.0261
21.0373
21.0451
21.0513
21.0688
21.0775
21.0957
21.0993
21.1071
21.1204
21.1264
21.1335
21.149
21.1569
21.1579
21.1784
21.1879
21.195
21.2087
21.2187
21.2208
21.2242
21.2378
21.2441
21.2558
21.2646
21.2684
21.2835
21.2853
21.2893
21.3026
21.3057
21.3138
21.3183
21.3309
21.3463
21.3489
21.356
21.3604
21.3692
21.3744
21.3831
21.3849
21.3918
21.4017
21.4089
21.4229
21.4271
21.4332
21.4347
21.4528
21.4581
21.4697
21.4729
21.4815
21.4896
21.5014
21.5084
21.5234
21.5248
21.5329
21.5361
21.5535
21.5552
21.5594
21.5619
21.5786
21.5855
21.59
21.6009
21.6082
21.6105
21.6273
21.635
21.6427
21.6438
21.6511
21.6655
21.6663
21.678
21.6857
21.6941
21.697
21.7134
21.7365
21.7427
21.7483
21.7555
21.7715
21.7779
21.7802
21.784
21.7924
21.7994
21.8033
21.812
21.826
21.8317
21.8465
21.854
21.8583
21.8654
21.8792
21.8892
21.8961
21.903
21.911
21.9166
21.9273
21.9304
21.9425
21.95
21.953
21.9565
21.9649
21.9685
21.9755
21.9846
21.9891
21.9915
22.0034
22.0146
22.0242
22.035
22.0503
22.0592
22.0651
22.08
22.0867
22.091
22.0966
22.0987
22.1083
22.1197
22.1307
22.1403
22.1456
22.1487
22.1602
22.164
22.1698
22.1762
22.1887
22.1979
22.2071
22.2091
22.2148
22.2425
22.2554
22.2605
22.2699
22.2815
22.2848
22.294
22.2973
22.3118
22.3191
22.3234
22.3335
22.3419
22.3513
22.3579
22.3747
22.3809
22.3854
22.4002
22.4022
22.4059
22.4136
22.4211
22.427
22.4388
22.4472
22.4502
22.4749
22.4894
22.4917
22.5032
22.5048
22.5121
22.5319
22.5427
22.5585
22.5706
22.5727
22.5844
22.589
22.591
22.611
22.6288
22.6307
22.6504
22.6534
22.6716
22.6811
22.7006
22.7055
22.7139
22.7208
22.7304
22.734
22.7373
22.761
22.763
22.7745
22.7795
22.8024
22.8059
22.82
22.8352
22.8513
22.8619
22.8726
22.8786
22.8932
22.9039
22.9112
22.915
22.9329
22.9429
22.9529
22.9635
22.9715
22.9805
22.9858
23.0043
23.0225
23.0327
23.0369
23.0538
23.0562
23.0646
23.0742
23.0825
23.0938
23.1083
23.1208
23.1381
23.1528
23.1667
23.185
23.1965
23.2017
23.2101
23.2304
23.2355
23.2524
23.2642
23.2719
23.2873
23.2921
23.3005
23.3193
23.321
23.3396
23.3614
23.3705
23.3966
23.4008
23.4142
23.4202
23.4415
23.4502
23.4579
23.4615
23.4674
23.4876
23.4935
23.5057
23.513
23.5207
23.5277
23.5507
23.5575
23.5664
23.5702
23.577
23.5811
23.5953
23.6033
23.6139
23.622
23.6296
23.643
23.6482
23.6668
23.6808
23.6843
23.6899
23.7185
23.7213
23.7307
23.7414
23.7527
23.7547
23.7723
23.7821
23.7929
23.8131
23.8142
23.8236
23.836
23.8423
23.8575
23.8653
23.8779
23.8789
23.8836
23.8937
23.9067
23.9168
23.9256
23.9407
23.9436
23.9649
23.9878
23.9968
24.0063
24.0094
24.0286
24.036
24.0395
24.0429
24.0642
24.0795
24.0857
24.0946
24.1081
24.117
24.1255
24.1309
24.1652
24.1738
24.2036
24.2111
24.2342
24.2465
24.2953
24.3069
24.3173
24.3353
24.3442
24.3528
24.3905
24.4049
24.4093
24.448
24.4558
24.4636
24.4715
24.4761
24.494
24.5147
24.5265
24.5429
24.5484
24.5741
24.584
24.5937
24.5968
24.6084
24.6265
24.6435
24.6644
24.6708
24.6774
24.6876
24.7042
24.7213
24.7289
24.7498
24.7512
24.7686
24.7875
24.8192
24.8381
24.8564
24.8681
24.8763
24.9032
24.9176
24.9339
24.9396
24.9651
24.9802
24.9989
25.0131
25.0186
25.0447
25.0602
25.0706
25.0853
25.0939
25.1032
25.1136
25.1441
25.159
25.1625
25.2065
25.2154
25.2212
25.2443
25.2558
25.2638
25.2866
25.2961
25.3227
25.3374
25.3438
25.3582
25.3747
25.3895
25.4052
25.4261
25.434
25.4678
25.4945
25.5055
25.5186
25.5326
25.5494
25.5559
25.5677
25.5847
25.6064
25.6119
25.6269
25.6424
25.6612
25.6632
25.6687
25.6774
25.6992
25.7162
25.7289
25.7404
25.7438
25.7705
25.7794
25.7892
25.7925
25.8162
25.8402
25.8539
25.8611
25.8772
25.8809
25.8906
25.8971
25.9119
25.9262
25.942
25.9504
25.9574
25.9679
25.9846
26.0114
26.0305
26.0331
26.0594
26.089
26.0922
26.1068
26.1223
26.1534
26.167
26.18
26.1952
26.1999
26.2118
26.2308
26.2366
26.2456
26.2734
26.2902
26.3014
26.3125
26.3255
26.3671
26.3849
26.3885
26.4006
26.4135
26.4394
26.4484
26.4634
26.4857
26.5099
26.514
26.5229
26.5327
26.5433
26.5612
26.5723
26.621
26.6425
26.6666
26.6899
26.6969
26.7082
26.7156
26.7289
26.7444
26.7555
26.7803
26.7991
26.8062
26.8202
26.8458
26.8544
26.8792
26.8841
26.9116
26.9335
26.96
26.9978
27.0258
27.0332
27.0453
27.0642
27.076
27.0766
27.0923
27.1096
27.1132
27.137
27.1454
27.1562
27.1715
27.1755
27.1958
27.2153
27.2288
27.234
27.2382
27.2849
27.3343
27.342
27.3529
27.3883
27.3995
27.4216
27.4375
27.4469
27.4708
27.4795
27.4899
27.5181
27.5228
27.5711
27.5819
27.5902
27.5969
27.6124
27.6219
27.6766
27.6905
27.7063
27.7236
27.7339
27.7469
27.7542
27.7746
27.8096
27.828
27.8376
27.8667
27.8721
27.9025
27.9113
27.9178
27.9323
27.9381
27.9582
28.0012
28.0143
28.0183
28.0415
28.1101
28.1154
28.1239
28.1527
28.1639
28.1719
28.1909
28.2007
28.2155
28.2339
28.2547
28.2914
28.3037
28.3271
28.3454
28.3688
28.3863
28.4355
28.4618
28.4743
28.4905
28.5115
28.5507
28.557
28.5795
28.5904
28.6419
28.6663
28.6957
28.7481
28.762
28.7739
28.7813
28.793
28.8232
28.8707
28.8837
28.9186
28.9451
28.9752
28.9789
28.9905
29.0042
29.0252
29.027
29.0674
29.0839
29.0915
29.1141
29.1224
29.151
29.156
29.1806
29.1954
29.2231
29.2322
29.2464
29.27
29.2886
29.3159
29.3491
29.3885
29.4021
29.4174
29.4268
29.4408
29.4628
29.4928
29.5212
29.5491
29.6442
29.6817
29.6869
29.7431
29.7511
29.7975
29.8249
29.8568
29.8776
29.891
29.9002
29.9318
29.9827
30.0025
30.057
30.0632
30.0803
30.0912
30.1036
30.1441
30.1555
30.1755
30.2116
30.2355
30.252
30.2754
30.3143
30.3265
30.363
30.3992
30.4626
30.513
30.538
30.5646
30.5891
30.6069
30.6202
30.6644
30.7161
30.7361
30.7604
30.7914
30.7981
30.8099
30.8534
30.9008
30.9105
30.9276
30.9405
30.9828
31.0074
31.0114
31.0375
31.0625
31.1028
31.2415
31.2538
31.3277
31.3301
31.3441
31.4204
31.437
31.5248
31.5656
31.5881
31.6024
31.635
31.6924
31.7032
31.7117
31.7249
31.7354
31.8198
31.8307
31.8514
31.8835
31.9334
31.9674
31.9997
32.0077
32.0894
32.1136
32.1308
32.1546
32.1885
32.1919
32.2451
32.2569
32.2605
32.2948
32.3301
32.3703
32.4203
32.4413
32.4493
32.4556
32.4682
32.5306
32.5436
32.5506
32.561
32.5997
32.6413
32.6522
32.681
32.7399
32.755
32.7626
32.8381
32.8485
32.9178
32.9616
33.0066
33.0357
33.0808
33.0988
33.1539
33.1834
33.1949
33.2529
33.2909
33.3067
33.32
33.4353
33.4572
33.4683
33.5297
33.5713
33.6153
33.6445
33.6998
33.7311
33.7358
33.8039
33.8131
33.8132
33.8322
33.8548
33.9443
33.9698
33.9918
34.0216
34.0669
34.2657
34.3164
34.4399
34.4618
34.4941
34.5188
34.601
34.7115
34.8231
34.8508
34.8891
34.9005
34.9568
35.0227
35.0646
35.1234
35.2317
35.2727
35.3211
35.3545
35.4737
35.5182
35.5257
35.5319
35.5886
35.9496
36.0794
36.1032
36.2227
36.287
36.3146
36.3547
36.4371
36.4411
36.4788
36.5458
36.6478
36.6973
36.7739
36.8034
36.8304
36.9037
36.9228
37.0671
37.2387
37.2897
37.3888
37.4739
37.5723
37.6133
37.6855
37.7091
37.7565
37.8247
37.8642
37.9063
38.0314
38.3656
38.3719
38.6925
38.7315
38.7541
38.828
38.8418
38.8877
38.9136
39.3757
39.4706
40.1964
40.2548
40.4112
40.4656
40.4807
40.9776
41.0154
41.135
41.8987
41.9463
42.4133
42.51
42.5728
42.6125
42.6686
43.3754
43.4955
44.0591
44.1291
45.3931
45.4397
47.8133
47.9081
49.6441
49.7102
55.5059
