-22.5507
-20.705
-19.2324
-19.1457
-19.0721
-18.9888
-17.3779
-17.3617
-17.2345
-14.1253
-13.9782
-13.8504
-13.7962
-13.6744
-13.5892
-13.4168
-13.3965
-12.5612
-12.1281
-12.1198
-12.0258
-11.9957
-11.4243
-11.3366
-11.0746
-11.0235
-10.8773
-10.7169
-10.4546
-10.3276
-10.304
-10.1813
-9.84396
-9.79707
-9.65469
-9.61597
-9.52848
-9.42915
-9.2708
-9.21218
-8.51758
-8.44211
-8.38813
-8.36161
-8.29145
-8.27261
-8.23869
-8.19885
-8.1301
-7.86788
-7.80532
-7.5853
-7.1008
-6.94233
-6.9123
-6.86423
-6.84139
-6.78003
-6.7783
-6.77291
-6.67174
-6.36407
-6.21788
-6.12524
-5.99128
-5.41673
-5.35265
-5.31162
-5.28487
-5.24953
-5.22077
-5.14288
-5.07495
-5.03241
-4.83938
-4.61018
-4.56779
-4.50612
-4.47556
-4.41351
-4.36495
-4.34565
-4.26927
-4.20103
-4.13786
-4.10798
-4.08632
-4.06877
-3.9518
-3.92189
-3.80956
-3.7837
-3.68009
-3.4999
-3.38664
-3.24812
-3.15259
-3.13154
-3.12975
-3.01421
-3.00106
-2.94559
-2.87488
-2.81685
-2.72565
-2.65253
-2.57121
-2.52684
-2.14794
-2.1088
-2.04773
-2.03291
-1.75436
-1.58962
-1.26254
-1.1869
-1.14762
-1.1039
-1.02107
-0.801322
-0.750646
-0.732244
-0.49066
-0.469725
-0.446192
-0.34314
-0.321096
-0.289102
-0.255642
-0.188537
-0.121959
-0.0979858
-0.0530369
-0.0171064
0
0.0412559
0.0564801
0.0942409
0.154536
0.200695
0.267288
0.325064
0.395692
0.411903
0.491916
0.547307
0.661719
0.75878
0.962238
1.00815
1.0813
1.23703
1.2998
1.37267
1.40508
1.45252
1.61283
1.66318
1.70211
1.9687
2.02883
2.05687
2.13548
2.25727
2.28227
2.37928
2.40871
2.43414
2.47293
2.50016
2.53316
2.55874
2.57539
2.61886
2.62449
2.76651
2.8864
2.91433
2.92367
3.02682
3.03185
3.07325
3.08078
3.26938
3.2746
3.33988
3.36
3.3738
3.4319
3.46104
3.49731
3.51055
3.52407
3.68736
3.76374
3.84416
3.85832
3.89658
3.97324
4.00059
4.04798
4.07323
4.13164
4.23061
4.27698
4.41864
4.45009
4.59639
4.64005
4.78332
4.85207
4.88719
5.01195
5.14858
5.19771
5.3403
5.37204
5.45726
5.46447
5.59956
5.65371
5.69095
5.78364
5.84337
5.89144
6.0192
6.05234
6.08383
6.12091
6.17811
6.2231
6.26437
6.39
6.52506
6.62197
6.65483
6.67211
6.71841
6.78151
6.82073
6.83217
6.85462
6.92219
6.93033
6.9574
6.9992
7.02971
7.04894
7.13204
7.21124
7.21502
7.32075
7.5165
7.59961
7.84229
7.88163
7.99991
8.19466
8.25684
8.36706
8.38717
8.54391
8.59302
8.69337
8.87603
8.89811
9.00519
9.26774
9.35567
9.44575
9.6487
9.69401
9.72384
9.90279
10.033
10.0596
10.0829
10.2081
10.2643
10.337
10.3673
10.4477
10.4919
10.6121
10.6684
10.7253
10.8233
10.8413
10.8746
10.9257
10.9902
11.1755
11.332
11.751
12.0505
12.0843
12.2835
12.6561
12.8055
13.0496
13.1228
13.1522
13.1997
13.3171
13.4958
13.7133
13.7239
13.7479
13.9487
14.0436
14.0765
14.1287
14.357
14.45
14.5208
14.7143
14.9257
15.3312
15.4786
15.7738
15.8315
16.1444
16.2337
16.254
16.3575
16.5826
16.7099
16.8918
16.9148
17.1114
17.1857
17.2081
17.2417
17.4163
17.4382
17.5032
17.6391
18.6118
18.6538
18.9805
19.1987
19.5164
19.6641
19.8754
19.9562
19.9981
20.2496
20.6546
20.6863
20.6992
20.8668
20.9162
20.9955
21.0866
21.4109
21.4454
21.9606
23.1909
23.7483
23.9764
25.0275
25.1503
25.8195
25.8579
30.5987
