-22.4294
-20.6322
-19.2246
-19.0424
-18.9092
-18.7547
-17.458
-17.1905
-16.8754
-14.3587
-14.0401
-13.8729
-13.7418
-13.478
-13.3057
-13.2834
-13.2164
-12.6246
-12.1439
-12.0688
-11.9145
-11.8289
-11.7057
-11.6842
-11.2082
-11.1655
-11.0436
-10.8434
-10.6256
-10.5122
-10.4535
-10.3099
-9.84169
-9.7433
-9.60581
-9.55709
-9.47883
-9.33671
-9.13648
-9.06523
-8.45573
-8.34684
-8.32944
-8.21037
-8.14019
-8.09466
-8.04765
-8.00391
-7.93736
-7.87304
-7.82999
-7.78205
-7.27878
-7.17221
-7.02317
-6.93941
-6.84669
-6.80577
-6.6934
-6.61389
-6.58859
-6.41604
-6.34743
-6.28271
-6.11149
-5.65804
-5.5859
-5.5071
-5.34244
-5.31172
-5.23108
-5.13869
-5.08986
-5.04421
-4.90134
-4.79542
-4.68104
-4.61149
-4.57739
-4.4138
-4.38407
-4.3518
-4.25992
-4.24907
-4.16248
-4.11744
-4.08337
-4.03327
-3.93316
-3.85698
-3.7871
-3.72794
-3.70305
-3.55653
-3.42696
-3.38223
-3.30723
-3.23621
-3.19834
-3.08575
-3.04589
-3.03045
-2.78533
-2.72073
-2.64811
-2.52848
-2.44768
-2.28639
-2.23699
-2.10812
-2.06648
-1.94906
-1.82101
-1.60063
-1.57482
-1.53171
-1.39206
-1.22785
-1.18569
-1.12772
-0.983285
-0.933289
-0.879844
-0.813738
-0.773857
-0.734738
-0.648137
-0.626557
-0.529555
-0.504817
-0.423694
-0.34406
-0.256752
-0.157162
-0.11215
-0.0745005
0
0.0833737
0.0977524
0.11093
0.183907
0.285576
0.308152
0.416022
0.461435
0.548517
0.638215
0.729147
0.783062
0.862634
0.909037
1.01024
1.2221
1.27209
1.30084
1.40034
1.41302
1.5196
1.5607
1.62379
1.71823
1.74881
1.84946
1.91742
1.99318
2.04046
2.12122
2.21183
2.22616
2.26452
2.29758
2.38333
2.43265
2.45926
2.54015
2.5783
2.59954
2.62322
2.69725
2.7293
2.74778
2.87085
2.94097
2.99991
3.0976
3.12399
3.17103
3.2083
3.26732
3.29317
3.33573
3.35153
3.42729
3.50592
3.5674
3.65836
3.80192
3.80865
3.86041
3.93212
3.94936
4.01497
4.05722
4.11954
4.14883
4.17982
4.30437
4.31729
4.36048
4.52221
4.66567
4.70443
4.75452
4.80986
4.86967
4.90139
5.04771
5.07088
5.2545
5.34072
5.42903
5.47162
5.53134
5.58856
5.72687
5.75011
5.93411
5.95054
6.02837
6.07312
6.14363
6.19944
6.24142
6.29562
6.48221
6.50278
6.59627
6.65494
6.75974
6.86127
6.88587
6.93416
6.95616
6.9791
7.05928
7.08147
7.1777
7.24388
7.29374
7.41948
7.44441
7.50124
7.54532
7.62735
7.72452
7.83712
7.90632
7.95944
8.04095
8.07507
8.14524
8.32679
8.38574
8.59957
8.76601
8.89568
9.07646
9.11528
9.25255
9.2931
9.38814
9.47277
9.61584
9.64142
9.75291
9.76614
9.85373
10.0198
10.113
10.1706
10.2597
10.3878
10.4594
10.484
10.6862
10.7119
10.8224
10.8879
10.9299
11.0286
11.0477
11.2737
11.4768
11.6483
11.8618
12.0013
12.0972
12.2317
12.4592
12.6799
12.8817
13.0392
13.0558
13.0819
13.3469
13.3693
13.4385
13.5074
13.5764
13.6658
14.0363
14.0946
14.1271
14.2658
14.5688
14.7092
15.1032
15.3503
15.4859
15.5527
15.7104
15.7861
15.9279
15.9637
16.044
16.1429
16.4702
16.5034
16.7285
17.0975
17.2879
17.3345
17.5688
17.7027
17.7431
18.4411
18.4948
18.629
18.649
19.018
19.4697
19.4991
20.1565
20.2189
20.4699
20.5246
20.801
20.9495
21.1729
21.2991
21.8151
21.9955
22.2156
22.3521
22.7742
23.4124
23.5266
24.1808
24.9868
25.2903
27.0084
27.161
28.8125
28.911
34.6862
