0
3 0.0229 -6.05e-05 18 0.000782 0.295 37 -0.955 0.00253 
1
1 0.0318 -0.000271 13 0.00302 0.354 14 -0.00263 -0.308 15 -6.32e-05 -0.00737 32 -0.88 0.00751 33 0.0472 -0.000405 34 -0.0122 0.000104 43 0.00035 0.0408 
2
1 -0.00187 5.52e-05 13 -0.000615 -0.0209 14 0.000535 0.0182 15 -0.00045 -0.115 32 0.0519 -0.00153 33 0.736 -0.00288 34 -0.19 0.000742 43 0.00249 0.637 
3
0 -0.0302 -0.0479 11 0.454 -0.286 12 -0.166 0.105 29 0.391 0.62 31 0.195 0.31 
4
0 -0.000723 -0.000586 7 0.0203 0.00667 11 0.00554 -0.00684 12 -0.00203 0.0025 25 -0.0431 0.131 26 0.158 -0.386 29 0.00934 0.00757 31 0.00467 0.00378 42 0.831 0.341 
5
0 -2.31e-06 6.53e-05 7 0.00379 0.151 11 -0.000618 -2.18e-05 12 0.000226 8e-06 25 -0.977 0.0245 26 -0.062 0.00127 29 2.98e-05 -0.000845 31 1.49e-05 -0.000422 42 -0.00273 -0.134 
6
29 -0.0529 0.539 30 -0.0406 0.642 31 0.0529 -0.539 
7
29 0.444 -0.0919 30 -0.726 0.247 31 -0.444 0.0919 
8
5 -0.0486 -0.127 13 1.15e-06 0 14 -2.29e-06 0 21 0.824 -0.314 22 -0.16 0.0618 23 0.0722 -0.0194 24 0.0123 -0.00325 32 0 -1.3e-06 39 -0.133 -0.345 40 0.0418 0.155 41 0.021 0.0793 
9
5 -0.0311 -0.0135 21 0.0872 -0.201 22 -0.0187 0.0399 23 -0.125 0.35 24 -0.0212 0.0573 33 -2.95e-06 -1.06e-06 34 2.2e-06 0 39 -0.086 -0.0402 40 -0.754 -0.27 41 -0.371 -0.137 
10
5 0.0549 0.02 21 -0.129 0.355 22 -0.0932 0.257 23 -0.00898 0.0243 24 0.0233 -0.0972 39 -0.554 -0.201 40 -0.0523 -0.0193 41 0.628 0.151 
11
5 -0.00283 0.0739 21 -0.478 -0.0183 22 -0.352 -0.0114 23 0.000172 -0.0126 24 -0.00973 0.0379 39 0.0245 -0.758 40 0.0272 0.000371 41 -0.245 -0.0629 
12
1 0.00325 0.062 13 -0.4 0.021 14 0.782 -0.041 15 -0.0227 -0.00538 21 1.3e-06 0 32 0.0234 0.446 33 0.0275 -0.116 34 -0.0202 0.0851 43 -0.0326 -0.00775 
13
1 -0.000203 0.00857 13 -0.0553 -0.00131 14 0.108 0.00256 15 0.151 0.000698 32 -0.00146 0.0616 33 -0.00356 0.769 34 0.00262 -0.566 43 0.217 0.001 
14
4 0.184 -0.0796 19 0.385 0.89 20 -0.0128 -0.0528 38 0.127 -0.0309 
15
4 0.0801 -0.0398 19 0.192 0.387 20 0.115 0.324 38 -0.782 0.277 
16
3 -0.0911 -0.0755 10 0.235 0.445 18 0.453 -0.547 36 0.102 0.303 37 -0.273 -0.227 
17
3 -0.0995 0.0763 10 0.146 0.297 18 -0.458 -0.597 36 0.372 0.171 37 -0.299 0.229 
18
3 -0.0755 -0.0225 10 -0.384 -0.324 18 0.135 -0.453 36 -0.273 -0.623 37 -0.226 -0.0676 
19
0 -0.0954 -0.000152 11 0.000828 -0.521 12 -0.00113 0.712 29 -0.411 -0.000653 31 -0.206 -0.000327 
20
2 0.182 -0.0835 16 0.403 0.88 17 -0.0242 -0.0522 35 0.126 -0.0584 
21
2 0.00334 -0.0297 16 0.143 0.0161 17 0.371 0.0744 35 -0.18 0.896 
22
1 0.199 0.0888 13 -0.315 0.707 14 -0.232 0.52 15 0.0218 -0.0315 32 0.138 0.0617 33 0.0283 0.0195 34 0.0552 0.0381 43 0.00302 -0.00438 
23
1 0.0408 -0.0183 13 0.0648 0.145 14 0.0477 0.106 15 -0.000224 -0.442 32 0.0283 -0.0127 33 0.397 -0.000201 34 0.775 -0.000392 43 -3.11e-05 -0.0615 
24
9 -0.97 -0.0891 28 -0.0924 0.208 
25
9 -0.0619 -0.02 28 -0.656 -0.752 
26
0 -0.00117 -0.000795 7 -0.883 -0.147 11 0.00202 -0.00297 12 0.00276 -0.00405 25 -0.0681 0.41 26 -0.0199 0.161 29 -0.00109 -0.000738 31 -0.000543 -0.000369 42 0.0249 0.00308 
27
0 -0.0124 0.00406 7 0.0494 0.0141 11 -0.0103 -0.0313 12 -0.0141 -0.0428 25 0.00653 -0.0229 26 0.105 0.979 29 -0.0115 0.00377 31 -0.00574 0.00188 42 0.152 -0.0163 
28
0 0.22 0.0144 11 -0.0365 0.559 12 -0.0499 0.763 29 0.205 0.0134 31 0.102 0.00669 
29
8 -0.496 0.691 27 0.413 0.326 
30
8 -0.367 -0.247 27 0.521 -0.73 
31
4 -0.73 -0.0915 19 -0.0758 0.605 20 0.0881 -0.257 38 -0.107 -0.0365 
32
4 0.538 -0.0858 19 -0.0711 -0.445 20 -0.203 -0.621 38 -0.257 0.0841 
33
5 0.411 -0.695 21 -0.322 -0.191 22 -0.0568 -0.0322 23 -0.33 -0.176 24 -0.192 -0.114 39 -0.00497 0.00879 40 -0.0272 0.051 41 -0.0529 0.089 
34
5 -0.0145 0.295 21 0.137 0.00675 22 0.0486 0.0343 23 0.319 0.763 24 0.0659 0.39 39 0.0053 -0.00752 40 0.118 -0.0494 41 0.181 -0.0306 
35
5 -0.04 -0.00851 21 -0.00395 0.0186 22 0.524 0.816 23 -0.0935 0.075 24 0.124 -0.0253 39 0.126 -0.0811 40 0.0116 0.0145 41 -0.0117 -0.0577 
36
5 0.0359 0.00847 21 0.00393 -0.0167 22 0.0727 -0.121 23 -0.512 -0.455 24 0.38 0.514 39 -0.0188 -0.0113 40 -0.0704 0.0792 41 0.239 -0.177 
37
6 1 0.0197 
38
1 0.592 0.225 13 0.26 -0.683 14 0.067 -0.176 15 0.00235 -0.112 32 -0.107 -0.0406 33 -0.0451 -0.000948 34 -0.0392 -0.000825 43 -8.5e-05 0.00404 
39
1 -0.0198 -0.00909 13 -0.0105 0.0228 14 -0.00271 0.00588 15 -0.397 -0.787 32 0.00357 0.00164 33 -0.317 0.16 34 -0.276 0.139 43 0.0143 0.0284 
40
2 -0.767 -0.0254 16 -0.021 0.636 17 -0.00244 0.0742 35 0.0307 0.00101 
41
2 0.0414 -0.0007 16 -0.00058 -0.0343 17 0.00763 0.923 35 0.382 -0.00316 
42
3 -0.724 -0.00705 18 -0.00655 0.672 37 0.156 0.00152 
43
0 -0.531 -0.00139 11 -0.00204 0.777 12 -0.000747 0.284 29 0.164 0.000431 31 0.0821 0.000216 
