0
0 0.0318 0.000123 7 -0.00138 0.355 8 0.0012 -0.309 17 -0.882 -0.00342 
1
3 -0.0048 -0.0345 13 0.223 -0.031 14 0.313 -0.265 20 0.571 0.674 
2
3 0.147 0.01 13 -0.0648 0.948 14 0.00981 -0.115 20 0.247 0.0211 
3
2 0.0866 0.108 8 1.95e-06 -1.56e-06 11 -0.7 0.56 12 0.138 -0.111 17 0 1.11e-06 19 0.238 0.298 
4
2 -0.0769 -0.0135 11 0.0873 -0.497 12 0.063 -0.356 19 0.768 0.136 
5
0 -0.0628 0.000369 7 -0.00238 -0.405 8 0.00466 0.792 11 0 1.32e-06 17 -0.452 0.00266 
6
1 -0.0577 0.0326 9 -0.157 -0.279 10 -0.0495 -0.358 18 0.865 -0.119 
7
1 -0.115 -0.164 9 0.792 -0.557 10 -0.0474 0.0322 18 -0.0776 -0.114 
8
6 0.993 0.122 
9
0 0.219 0.000544 7 -0.00193 0.776 8 -0.00142 0.571 17 0.152 0.000378 
10
5 -0.807 0.535 16 0.0143 0.25 
11
5 0.11 0.0962 16 -0.15 -0.978 
12
3 0.199 0.433 13 0.201 -0.0922 14 0.764 -0.351 20 -0.0543 -0.118 
13
3 -0.659 0.209 13 0.097 0.306 14 -0.204 -0.607 20 -0.0938 0.0316 
14
4 -0.686 0.175 15 -0.113 -0.697 
15
4 0.607 0.439 15 0.306 -0.588 
16
1 0.33 -0.456 9 -0.378 -0.274 10 0.469 0.421 18 0.174 -0.194 
17
1 0.652 -0.0195 9 -0.0162 -0.54 10 -0.0165 -0.49 18 -0.203 0.00683 
18
2 0.905 0.0197 11 0.00915 -0.42 12 0.00126 -0.056 19 -0.00866 -0.000195 
19
2 0.0154 0.00378 11 0.00176 -0.00713 12 -0.00396 -0.988 19 -0.153 0.000612 
20
0 -0.638 0.00492 7 0.00569 0.737 8 0.00147 0.19 17 0.115 -0.000888 
