0
0 0.00744 0 15 0 0.117 16 0 -0.0986 17 0 0.106 49 -0.315 0 50 0.26 0 51 -0.249 0 52 0.26 0 53 0.194 0 83 0 -0.794 
1
6 0.0224 -8.15e-05 32 0.00105 0.29 35 0.00259 -0.0121 72 -0.937 0.0034 75 0.0262 0.00557 76 0.0785 0.0167 88 -0.036 0.169 
2
6 0.000622 0.0026 32 -0.0337 0.00804 35 0.00258 0.0639 72 -0.026 -0.109 75 -0.138 0.00556 76 -0.413 0.0167 88 -0.0359 -0.89 
3
4 0.0317 0.00168 27 -0.0188 0.353 28 0.0163 -0.307 29 -0.000624 0.00933 67 -0.878 -0.0466 68 -0.0597 -0.00399 69 0.0154 0.00103 87 0.00346 -0.0517 
4
4 -0.00299 0.00017 27 -0.00189 -0.0334 28 0.00165 0.029 29 0.000558 0.115 67 0.0829 -0.00471 68 -0.734 0.00357 69 0.189 -0.000921 87 -0.00309 -0.635 
5
0 0.0118 0 15 1.25e-06 0.146 16 -1.78e-06 -0.208 17 1.25e-06 0.146 49 0.0118 0 50 0.256 -2.19e-06 51 -0.366 3.13e-06 52 0.256 -2.19e-06 53 0.633 -5.42e-06 83 4.28e-06 0.499 
6
3 -0.00128 0.00477 24 -0.023 -0.00617 25 -0.00334 0.159 26 -0.0308 -0.00826 64 -0.384 -0.00807 65 0.0399 -0.149 66 -0.343 -0.0072 86 0.0174 -0.827 
7
3 0.0306 0.00472 24 -0.0228 0.148 25 0.00082 -0.00533 26 -0.0305 0.198 64 0.0129 0.00198 65 -0.956 -0.147 66 0.0115 0.00177 86 -0.00426 0.0277 
8
2 -0.0114 0.00175 21 -0.0195 -0.127 22 0.017 0.11 23 0.0188 0.106 61 0.314 -0.0485 62 -0.677 0.12 63 0.174 -0.0309 85 -0.104 -0.586 
9
2 -0.0299 0.0017 21 -0.019 -0.334 22 0.0165 0.29 23 -0.00261 -0.0387 61 0.829 -0.0472 62 0.248 -0.0167 63 -0.0638 0.00431 85 0.0145 0.214 
10
1 -0.00203 0.00209 11 0.082 -0.11 18 -0.0198 -0.0192 19 0.00723 0.00702 20 -0.0564 -0.00428 45 0.711 0.53 46 0.0108 0.0232 54 0.0262 -0.027 56 0.0131 -0.0135 57 0.016 -0.21 58 0.00428 -0.0564 59 0.00428 -0.0564 60 -0.00247 0.0326 82 -0.0501 0.0233 84 0.364 0.0277 
11
1 -0.0509 0.0249 11 -7.4e-06 -1.18e-06 18 -0.235 -0.482 19 0.0862 0.176 20 0.00127 0.00259 45 7.64e-06 -4.78e-05 54 0.658 -0.322 56 0.329 -0.161 57 -0.00967 0.00473 58 -0.00259 0.00127 59 -0.00259 0.00127 60 0.0015 -0.000731 84 -0.00819 -0.0167 
12
1 0.00236 0.000642 11 0.0212 0.0596 18 -0.00608 0.0223 19 0.00222 -0.00818 20 -0.068 0.0968 45 -0.386 0.137 46 6.94e-06 -2.4e-06 54 -0.0305 -0.0083 56 -0.0153 -0.00415 57 -0.361 -0.254 58 -0.0968 -0.068 59 -0.0968 -0.068 60 0.0559 0.0393 82 5.16e-06 1.5e-05 84 0.44 -0.626 
13
1 -0.000103 0.000124 11 -0.00185 0.000286 18 -0.00118 -0.000977 19 0.000431 0.000358 20 0.0147 -0.0206 45 -0.00185 -0.012 46 0.404 -0.0864 54 0.00133 -0.00161 56 0.000667 -0.000804 57 0.0769 0.055 58 0.0206 0.0147 59 0.0206 0.0147 60 -0.0119 -0.0085 82 0.186 0.87 84 -0.0952 0.133 
14
0 0.0213 -2.32e-06 15 2.21e-05 0.202 16 -2.43e-05 -0.223 17 4.47e-05 0.409 49 -0.497 5.43e-05 50 0.246 -2.69e-05 51 0.238 -2.59e-05 52 0.246 -2.69e-05 53 -0.489 5.33e-05 83 3.04e-05 0.278 
15
54 0.152 -0.189 55 0.22 -0.16 56 -0.152 0.189 57 0.237 -0.275 58 -0.489 0.554 59 0.0151 -0.0042 60 0.237 -0.275 
16
54 0.327 -0.0121 55 0.78 -0.0726 56 -0.327 0.0121 57 -0.143 0.0339 58 0.348 -0.0581 59 -0.0629 -0.00967 60 -0.143 0.0339 
17
54 -0.207 -0.466 55 0.209 0.639 56 0.207 0.466 57 0.0413 0.0644 58 -0.00135 -0.0299 59 -0.0812 -0.0988 60 0.0413 0.0644 
18
54 -0.138 -0.02 55 0.0957 0.157 56 0.138 0.02 57 -0.237 -0.13 58 -0.272 -0.108 59 0.747 0.369 60 -0.237 -0.13 
19
9 -0.0285 -0.122 27 1.1e-06 0 28 -2.19e-06 0 40 0.788 -0.184 41 -0.153 0.0396 42 0.164 0.034 43 0.0259 0.00588 67 0 -1.24e-06 68 0 1.38e-06 69 0 -1.03e-06 79 -0.0853 -0.33 80 -0.0732 0.353 81 -0.038 0.168 
20
9 -0.069 0.0424 28 0 1.27e-06 40 -0.274 -0.446 41 0.0585 0.096 42 0.156 0.263 43 0.0266 0.0457 68 -2.23e-06 1.31e-06 69 1.66e-06 0 79 -0.207 0.126 80 -0.568 0.335 81 -0.295 0.172 
21
9 0.0714 -0.0311 40 0.201 0.462 41 0.148 0.327 42 -0.00404 -0.00866 43 -0.00336 -0.017 79 -0.705 0.318 80 0.0187 -0.0087 81 0.11 -0.0217 
22
9 -0.0175 0.015 40 -0.0969 -0.113 41 -0.0657 -0.071 42 -0.014 -0.0292 43 0.0694 0.129 79 0.153 -0.142 80 0.0628 -0.0301 81 -0.834 0.448 
23
4 0.0331 -0.0023 27 0.0148 0.214 28 -0.0289 -0.418 29 -0.0341 -0.125 67 0.238 -0.0165 68 0.636 -0.174 69 -0.468 0.128 87 -0.049 -0.179 
24
4 0.0385 0.00623 27 -0.0402 0.249 28 0.0785 -0.486 29 -0.0468 0.11 67 0.277 0.0448 68 -0.559 -0.239 69 0.411 0.176 87 -0.0674 0.158 
25
0 -0.0669 -0.00122 15 0.00974 -0.532 16 0.000978 -0.0535 17 -0.00405 0.221 49 0.348 0.00637 50 0.338 0.00618 51 0.526 0.00963 52 0.338 0.00618 53 0.159 0.00291 83 0.00166 -0.0907 
26
8 0.016 -0.00394 38 0.019 0.0771 39 0.161 0.346 78 -0.835 0.388 
27
8 -0.119 -0.156 38 0.751 -0.574 39 -0.0682 0.0724 78 -0.175 -0.165 
28
6 -0.0064 0.000652 14 0.0193 0.0194 32 -0.00391 -0.0384 35 -0.00771 -0.00332 49 -0.126 0.00867 50 -0.747 -0.0257 51 0.126 -0.00867 52 0.622 0.0344 53 0.126 -0.00867 71 0.0305 0.0128 72 -0.0192 0.00196 75 0.0163 -0.00731 76 -0.0291 -0.0243 88 -0.00771 -0.00332 
29
6 0.0171 -0.0485 14 -0.13 0.0552 32 0.291 0.103 35 -0.202 -0.0174 49 -0.051 0.0346 50 -0.0185 -0.15 51 0.051 -0.0346 52 -0.0325 0.185 53 0.051 -0.0346 71 -0.229 -0.706 72 0.0514 -0.146 75 0.0311 -0.389 76 0.011 -0.0453 88 -0.202 -0.0174 
30
6 0.0173 0.0161 14 -0.24 0.416 32 -0.0969 0.104 35 -0.0514 0.0263 49 0.202 -0.0689 50 0.0768 -0.0247 51 -0.202 0.0689 52 0.125 -0.0442 53 -0.202 0.0689 71 0.746 0.0843 72 0.0519 0.0484 75 -0.0461 -0.101 76 -0.0191 -0.00604 88 -0.0514 0.0263 
31
6 -0.0945 0.0159 14 -0.242 -0.0484 32 -0.0952 -0.567 35 -0.0721 -0.0227 49 -0.13 -0.244 50 -2.19e-05 -0.0252 51 0.13 0.244 52 -0.13 -0.219 53 0.13 0.244 71 -0.111 0.0258 72 -0.283 0.0476 75 0.0193 0.00148 76 0.0782 -0.437 88 -0.0721 -0.0227 
32
6 -0.0581 0.00411 14 0.282 -0.659 32 -0.0246 -0.349 35 0.0959 0.0858 49 -0.0754 -0.0557 50 -0.0592 0.0502 51 0.0754 0.0557 52 -0.0162 -0.106 53 0.0754 0.0557 71 0.183 -0.242 72 -0.174 0.0123 75 -0.194 0.265 76 0.0673 -0.22 88 0.0959 0.0858 
33
6 0.024 0.0924 14 -0.148 0.159 32 -0.554 0.144 35 -0.000687 -0.0725 49 0.274 -0.0539 50 0.0492 0.0135 51 -0.274 0.0539 52 0.225 -0.0675 53 -0.274 0.0539 71 0.173 0.0813 72 0.072 0.277 75 0.00236 0.0329 76 0.428 -0.103 88 -0.000687 -0.0725 
34
6 -0.0177 -0.0466 14 0.11 -0.39 32 0.279 -0.106 35 0.0647 0.0832 49 -0.209 -0.0979 50 -0.0845 -0.0395 51 0.209 0.0979 52 -0.125 -0.0583 53 0.209 0.0979 71 -0.144 0.124 72 -0.0532 -0.14 75 -0.15 -0.0921 76 -0.0479 0.665 88 0.0647 0.0832 
35
1 0.00021 -8.15e-05 7 -0.102 0.0517 18 0.000446 0.00115 19 -0.000609 -0.00157 20 -2.96e-05 0.000181 21 0 -1.82e-06 22 1.85e-06 3.63e-06 36 -0.334 -0.657 37 0.127 0.25 54 0.000905 -0.000351 56 0.000452 -0.000176 57 -0.000553 -9.06e-05 58 6.02e-05 9.85e-06 59 6.02e-05 9.85e-06 60 0.000225 3.68e-05 61 -2.06e-06 1.05e-06 62 -2.03e-06 1.03e-06 63 1.51e-06 0 77 -0.539 0.273 84 -6.37e-05 0.000389 
36
1 0.000316 -0.000492 7 -0.0701 -0.0251 18 0.00269 0.00173 19 -0.00367 -0.00236 20 0.00385 0.000709 36 0.162 -0.453 37 0.128 -0.345 54 0.00136 -0.00212 56 0.000681 -0.00106 57 -0.00217 0.0118 58 0.000236 -0.00128 59 0.000236 -0.00128 60 0.000882 -0.00479 62 2.79e-06 1.04e-06 63 -2.08e-06 0 77 0.742 0.276 84 0.0083 0.00153 
37
1 0.0611 -0.0713 7 3.12e-05 0.000265 18 0.39 0.334 19 -0.532 -0.456 20 0.0349 0.0271 36 -0.00172 0.000202 37 -0.000212 -0.000538 54 0.263 -0.307 56 0.132 -0.154 57 -0.0831 0.107 58 0.00904 -0.0116 59 0.00904 -0.0116 60 0.0337 -0.0434 77 0.00116 -0.000456 84 0.0751 0.0584 
38
1 0.0145 0.0173 7 0.000481 -0.000502 18 -0.0944 0.0795 19 0.129 -0.109 20 0.111 -0.21 36 0.00325 0.00311 37 -0.000373 0.000582 54 0.0627 0.0744 56 0.0313 0.0372 57 0.642 0.339 58 -0.0698 -0.0369 59 -0.0698 -0.0369 60 -0.261 -0.138 77 -0.00125 -0.000803 84 0.239 -0.451 
39
2 0.00693 0.0203 21 -0.131 0.0447 22 0.256 -0.0874 23 -0.136 0.0436 61 0.0498 0.146 62 -0.223 -0.695 63 0.164 0.511 85 -0.196 0.0628 
40
2 0.0509 0.0166 21 -0.107 0.329 22 0.209 -0.642 23 0.0234 -0.076 36 0 -1.07e-06 61 0.366 0.119 62 0.388 0.119 63 -0.285 -0.0877 85 0.0336 -0.109 
41
0 -0.0321 0.0109 15 -0.0658 -0.194 16 0.161 0.476 17 -0.189 -0.556 49 -0.359 0.122 50 0.286 -0.0971 51 -0.032 0.0108 52 0.286 -0.0971 53 -0.0405 0.0137 83 0.0563 0.166 
42
5 -0.042 -0.0716 30 0.346 -0.203 31 0.00617 0.0366 33 0.00461 0.241 34 0.129 0.0299 70 -0.0883 0.0149 73 -0.581 0.0111 74 -0.144 0.624 
43
5 -0.0255 -0.143 30 0.691 -0.123 31 -0.122 -0.0401 33 0.0892 -0.132 34 0.0899 -0.0128 70 0.0968 -0.295 73 0.318 0.215 74 0.062 0.434 
44
5 0.00677 -0.0469 30 0.226 0.0327 31 -0.148 -0.0561 33 -0.154 -0.0122 34 0.0057 -0.159 70 0.135 -0.356 73 0.0294 -0.371 74 0.766 0.0275 
45
5 -0.0938 -0.00904 30 0.0436 -0.453 31 0.0446 -0.326 33 -0.0669 -0.0246 34 -0.0123 -0.0158 70 0.787 0.108 73 0.0595 -0.161 74 0.0764 -0.0595 
46
3 0.0389 0.02 24 0.0165 -0.0322 25 0.153 -0.327 26 -0.129 0.252 64 -0.135 -0.0634 65 0.208 0.107 66 0.705 0.33 86 0.137 -0.292 
47
3 0.0718 0.0869 24 0.072 -0.0595 25 -0.0791 0.0805 26 -0.561 0.464 64 0.0333 0.0327 65 0.384 0.465 66 -0.173 -0.17 86 -0.0706 0.0718 
48
4 -0.0863 -0.185 27 0.657 -0.306 28 0.483 -0.225 29 -0.147 0.0697 67 -0.06 -0.129 68 -0.0625 -0.132 69 -0.122 -0.257 87 -0.0204 0.00968 
49
4 0.0211 -0.0582 27 0.207 0.075 28 0.152 0.0552 29 0.433 0.00616 67 0.0147 -0.0405 68 -0.00552 0.389 69 -0.0108 0.76 87 0.0602 0.000856 
50
13 0.746 0.633 48 0.129 -0.163 
51
13 -0.0141 0.0343 48 -0.843 -0.536 
52
0 -0.106 -0.0235 15 0.105 -0.477 16 -0.0828 0.375 17 -0.123 0.555 49 -0.239 -0.0529 50 -0.164 -0.0362 51 -0.389 -0.0861 52 -0.164 -0.0362 53 -0.0139 -0.00307 83 -0.0126 0.0568 
53
3 0.0735 -0.0206 24 0.0994 0.355 25 -0.0664 -0.338 26 -0.00955 -0.0341 64 0.815 -0.16 65 0.165 -0.0461 66 -0.0522 0.0103 86 -0.0248 -0.126 
54
3 0.0171 0.161 24 -0.778 0.0824 25 -0.179 0.0138 26 0.0748 -0.00792 64 -0.0334 -0.432 65 0.0382 0.361 66 0.00214 0.0277 86 -0.0668 0.00517 
55
2 -0.117 -0.0408 21 0.145 -0.416 22 0.106 -0.306 23 0.0704 -0.365 61 -0.0816 -0.0284 62 0.328 0.0632 63 0.64 0.123 85 0.00979 -0.0508 
56
2 0.208 0.00779 21 -0.0276 0.737 22 -0.0203 0.542 23 0.00485 -0.141 61 0.144 0.00542 62 0.126 0.00435 63 0.247 0.0085 85 0.000674 -0.0196 
57
1 0.000892 0.0357 11 -0.322 -0.256 18 -0.0905 0.00226 19 -0.124 0.00309 20 0.279 0.278 45 -0.119 0.15 46 -0.196 -0.404 54 0.000828 0.0331 56 0.000414 0.0166 57 -0.0744 0.0748 58 -0.278 0.279 59 -0.278 0.279 60 -0.16 0.161 82 -0.0625 0.0303 84 0.13 0.129 
58
1 0.0135 0.0325 11 -0.395 -0.757 18 -0.0824 0.0343 19 -0.113 0.0468 20 0.0851 -0.0993 45 -0.351 0.184 46 -0.0291 0.156 54 0.0125 0.0302 56 0.00627 0.0151 57 0.0266 0.0228 58 0.0993 0.0851 59 0.0993 0.0851 60 0.0573 0.0492 82 0.0242 0.00451 84 0.0395 -0.0461 
59
1 0.0234 -0.217 11 0.0465 0.00556 18 0.551 0.0592 19 0.753 0.0809 20 0.0656 0.0242 45 0.00258 -0.0216 46 -0.0109 0.0161 54 0.0217 -0.202 56 0.0108 -0.101 57 -0.00647 0.0176 58 -0.0242 0.0656 59 -0.0242 0.0656 60 -0.0139 0.0379 82 0.0025 0.00168 84 0.0305 0.0112 
60
1 0.0183 0.0232 11 -0.00716 0.0468 18 -0.0589 0.0463 19 -0.0804 0.0633 20 0.186 -0.271 45 0.0217 0.00332 46 0.671 -0.351 54 0.017 0.0215 56 0.00848 0.0108 57 0.0727 0.0499 58 0.271 0.186 59 0.271 0.186 60 0.157 0.108 82 -0.0544 -0.104 84 0.0865 -0.126 
61
12 0.0143 0.0193 47 0.995 0.0926 
62
12 -0.381 0.917 47 -0.116 0.0284 
63
8 0.769 0.0337 38 0.0279 -0.637 39 0.000341 -0.00521 78 -0.00216 -0.000141 
64
8 0.00163 0.000695 38 0.000576 -0.00135 39 -0.119 0.916 78 0.379 0.0493 
65
0 0.213 -0.00278 15 0.00475 0.363 16 0.00997 0.762 17 0.00475 0.363 49 0.213 -0.00278 50 0.0887 -0.00116 51 0.186 -0.00243 52 0.0887 -0.00116 53 0.115 -0.00151 83 -0.000462 -0.0353 
66
9 -0.109 -0.0362 40 -0.0168 0.0506 41 -0.125 0.146 42 0.244 -0.75 43 0.15 -0.481 79 0.0226 0.0194 80 -0.116 -0.0378 81 -0.223 -0.0694 
67
9 0.761 0.473 40 0.219 -0.353 41 0.0422 -0.0316 42 0.115 0.0415 43 0.0661 0.017 79 -0.00488 -0.00653 80 0.00642 -0.0177 81 0.00789 -0.0307 
68
9 -0.00573 0.0297 40 0.0138 0.00266 41 0.901 -0.189 42 0.315 -0.129 43 -0.0973 -0.01 79 -0.0292 -0.139 80 -0.0199 -0.0488 81 -0.00464 0.0451 
69
9 0.00722 -0.00396 40 -0.00184 -0.00335 41 -0.119 0.294 42 0.193 -0.474 43 -0.255 0.672 79 0.0455 0.0184 80 -0.0734 -0.0299 81 0.312 0.118 
70
10 0.0565 0.0989 44 0.868 -0.484 
71
10 0.497 -0.855 44 0.123 0.0817 
72
4 0.117 0.463 27 0.535 -0.135 28 0.138 -0.0347 29 0.569 -0.135 67 -0.021 -0.0836 68 -0.0544 -0.229 69 -0.0473 -0.199 87 -0.0205 0.00488 
73
4 0.335 -0.221 27 -0.255 -0.387 28 -0.0658 -0.0997 29 0.398 0.558 67 -0.0604 0.0399 68 0.225 -0.16 69 0.196 -0.139 87 -0.0144 -0.0202 
74
5 0.0186 -0.65 30 -0.538 -0.0154 31 -0.102 0.00305 33 -0.422 0.0368 34 -0.197 0.0099 70 0.00126 0.0424 73 0.0152 0.175 74 0.0082 0.163 
75
5 -0.264 0.0925 30 0.0766 0.219 31 0.447 -0.0975 33 0.267 0.214 34 -0.157 -0.513 70 -0.0404 -0.185 73 0.0886 -0.11 74 -0.425 0.13 
76
5 0.399 -0.168 30 -0.14 -0.33 31 0.0491 0.00585 33 0.357 0.53 34 0.154 0.31 70 0.00242 -0.0203 73 0.22 -0.148 74 0.257 -0.128 
77
5 0.00531 -0.0233 30 -0.0193 -0.0044 31 -0.241 -0.746 33 -0.182 0.265 34 0.28 -0.122 70 -0.309 0.0997 73 0.11 0.0753 74 -0.101 -0.232 
78
6 0.433 -0.482 32 -0.448 -0.402 35 -0.295 -0.268 72 -0.0933 0.104 75 -0.0415 0.0457 76 -0.125 0.137 88 0.0212 0.0193 
79
6 0.187 0.23 32 0.214 -0.174 35 -0.639 0.51 72 -0.0404 -0.0495 75 0.0788 0.0989 76 0.237 0.297 88 0.0459 -0.0366 
80
1 0.00606 -0.0108 7 0.785 -0.45 18 -0.0158 -0.00887 19 -0.00579 -0.00325 20 0.0036 0.000578 36 -0.209 -0.365 37 -0.0343 -0.041 54 -0.00187 0.00334 56 -0.000937 0.00167 57 0.000231 -0.00144 58 0.000193 -0.0012 59 0.000193 -0.0012 60 5.17e-05 -0.000321 77 -0.00635 0.0053 84 -0.000557 -8.95e-05 
81
1 0.5 0.0415 7 -0.00191 -0.00133 18 0.0608 -0.733 19 0.0222 -0.268 20 0.0231 -0.271 36 -0.000619 0.000887 37 0.000102 0.000907 54 -0.155 -0.0128 56 -0.0774 -0.00642 57 -0.108 -0.00923 58 -0.0904 -0.00772 59 -0.0904 -0.00772 60 -0.0242 -0.00207 77 0.00014 -1.58e-05 84 -0.00358 0.0419 
82
1 0.00776 0.002 7 -0.0131 -0.0156 18 0.00293 -0.0114 19 0.00107 -0.00416 20 0.00299 -0.00774 36 -0.00724 0.00608 37 0.167 -0.974 54 -0.0024 -0.000618 56 -0.0012 -0.000309 57 -0.00309 -0.00119 58 -0.00258 -0.000997 59 -0.00258 -0.000997 60 -0.000691 -0.000267 77 -0.151 -0.0258 84 -0.000463 0.0012 
83
1 -0.111 0.112 7 0.00307 -0.00423 18 0.164 0.162 19 0.06 0.0593 20 -0.577 -0.559 36 -0.00196 -0.00143 37 0.00478 0.00416 54 0.0342 -0.0346 56 0.0171 -0.0173 57 -0.223 0.23 58 -0.186 0.192 59 -0.186 0.192 60 -0.0499 0.0515 77 0.000644 -0.00074 84 0.0893 0.0864 
84
2 -0.633 -0.00112 21 -0.00129 0.731 22 -0.000333 0.188 23 -0.00156 0.113 61 0.114 0.000202 62 0.0455 0.000627 63 0.0396 0.000545 85 5.62e-05 -0.00408 
85
2 -0.0512 -0.0178 21 -0.0205 0.0591 22 -0.00529 0.0152 23 -0.0502 -0.877 61 0.00924 0.00321 62 -0.353 0.0202 63 -0.307 0.0176 85 0.00181 0.0317 
86
3 0.698 -0.00341 24 -0.00282 -0.579 25 -9.39e-05 -0.0179 26 -0.00158 -0.324 64 -0.00741 3.89e-05 65 -0.269 0.00131 66 -0.00277 1.45e-05 86 6.02e-06 0.00115 
87
3 -0.00804 0.00018 24 0.000149 0.00666 25 -0.0518 0.911 26 8.37e-05 0.00373 64 0.378 0.0214 65 0.00309 -6.94e-05 66 0.141 0.00801 86 0.00332 -0.0584 
88
0 -0.443 -3.8e-06 15 -6.69e-06 0.781 16 -2.83e-06 0.33 17 0 0.0965 49 0.186 1.59e-06 50 0.0486 0 51 0.183 1.57e-06 52 0.0486 0 53 0.051 0 83 0 -0.029 
