0
3 0.00487 0 32 0 0.0543 33 0 -0.0472 34 0 -2.44e-05 35 0 0.0315 104 -0.135 0 105 0.000156 0 106 -4.02e-05 0 107 -0.351 0 108 0.305 0 109 5.25e-05 0 164 0 0.000135 165 -1.38e-06 -0.871 166 0 0.000336 167 0 -8.66e-05 179 -0.000291 0 
1
3 1.12e-05 -3.81e-06 32 4.25e-05 0.000125 33 -3.7e-05 -0.000109 34 1.42e-05 -0.0485 35 2.46e-05 7.23e-05 104 -0.00031 0.000106 105 0.31 9.09e-05 106 -0.08 -2.34e-05 107 -0.000807 0.000275 108 0.000702 -0.000239 109 0.104 3.06e-05 164 -7.87e-05 0.269 165 -0.000683 -0.002 166 -0.000196 0.669 167 5.05e-05 -0.172 179 -0.579 -0.00017 
2
1 -0.00742 2.19e-06 25 -3.44e-05 -0.117 26 2.9e-05 0.0984 27 -3.11e-05 -0.106 28 0 0.0018 87 0.315 -9.27e-05 88 -0.259 7.64e-05 89 0.249 -7.33e-05 90 -0.259 7.64e-05 91 -0.193 5.7e-05 92 -0.0115 2.97e-06 93 0.00301 0 94 0.00301 0 95 -0.0114 2.93e-06 96 0.00316 0 159 0.000233 0.793 160 -1.25e-05 -0.0484 161 5.27e-06 0.0205 162 -1.54e-06 -0.00598 178 0.0275 -7.07e-06 
3
1 0.000451 1.18e-06 25 -1.85e-05 0.00711 26 1.56e-05 -0.00598 27 -1.67e-05 0.00642 28 0 0.029 87 -0.0191 -4.99e-05 88 0.0158 4.11e-05 89 -0.0151 -3.94e-05 90 0.0158 4.11e-05 91 0.0118 3.06e-05 92 -0.185 2.21e-06 93 0.0485 0 94 0.0485 0 95 -0.183 2.19e-06 96 0.0509 0 159 0.000126 -0.0482 160 -9.31e-06 -0.779 161 3.94e-06 0.329 162 -1.15e-06 -0.0963 178 0.442 -5.28e-06 
4
12 0.0155 -0.000624 59 0.00807 0.201 62 -0.00254 0.0472 143 -0.648 0.0261 146 -0.102 -0.00547 147 -0.305 -0.0164 177 0.0354 -0.657 
5
12 0.0169 0.000882 59 -0.0114 0.218 62 -0.00118 -0.0433 143 -0.706 -0.0369 146 0.0932 -0.00254 147 0.28 -0.00762 177 0.0164 0.603 
6
10 -0.00775 0.000945 54 -0.0105 -0.0865 55 0.00917 0.0752 56 0.0153 0.111 138 0.215 -0.0262 139 -0.708 0.0977 140 0.182 -0.0252 176 -0.0846 -0.613 
7
10 0.0304 0.00432 54 -0.0482 0.339 55 0.0419 -0.295 56 -0.00385 0.0302 138 -0.842 -0.12 139 -0.193 -0.0246 140 0.0498 0.00635 176 0.0213 -0.167 
8
0 0.0149 0 22 0 0.209 23 0 -0.105 24 0 0.0654 78 -0.39 1.33e-06 79 0.127 0 80 -0.331 1.14e-06 81 0.127 0 83 0.127 0 84 0.0582 0 85 -0.166 0 86 0.127 0 156 -1.85e-06 -0.54 158 -1.85e-06 -0.54 
9
1 -0.000354 3.75e-05 25 -0.000461 -0.00435 26 0.000659 0.00622 27 -0.000461 -0.00435 28 1.59e-05 -0.0353 87 -0.000354 3.75e-05 88 -0.00763 0.000809 89 0.0109 -0.00116 90 -0.00763 0.000809 91 -0.0189 0.002 92 0.213 9.58e-05 93 -0.0886 -4e-05 94 -0.0886 -4e-05 95 0.186 8.38e-05 96 -0.115 -5.2e-05 159 -0.00158 -0.0149 160 -0.000164 0.363 161 0.000343 -0.762 162 -0.000164 0.363 178 0.213 9.58e-05 
10
1 0.0118 0.000585 25 -0.00719 0.145 26 0.0103 -0.208 27 -0.00719 0.145 28 -0.000108 0.00184 87 0.0118 0.000585 88 0.255 0.0126 89 -0.365 -0.0181 90 0.255 0.0126 91 0.631 0.0313 92 -0.0111 -0.000653 93 0.00461 0.000272 94 0.00461 0.000272 95 -0.00968 -0.000571 96 0.006 0.000354 159 -0.0247 0.498 160 0.00112 -0.0189 161 -0.00234 0.0396 162 0.00112 -0.0189 178 -0.0111 -0.000653 
11
9 -0.0194 -0.00753 52 0.0974 -0.25 53 -0.00969 0.025 107 2.02e-06 0 108 -4.03e-06 -1.57e-06 135 0.809 0.315 136 -0.054 -0.0209 137 -0.162 -0.0627 165 0 -2.29e-06 175 0.135 -0.349 
12
9 0.00634 -0.00188 52 0.0244 0.0819 53 0.0166 0.0593 135 -0.265 0.0787 136 -0.128 0.0358 137 -0.383 0.107 175 -0.231 -0.826 
13
3 0.000217 3.33e-06 32 -2.15e-05 0.0014 33 4.2e-05 -0.00273 34 -0.000159 -0.064 35 -2.15e-05 0.0014 104 0.00156 2.4e-05 105 0.327 -0.000811 106 -0.24 0.000597 107 -0.00904 -0.000139 108 0.0177 0.000271 109 0.138 -0.000343 164 -0.000229 -0.0921 165 -0.000155 0.0101 166 0.00175 0.704 167 -0.00129 -0.518 179 0.199 -0.000493 
14
3 0.00187 0.00942 32 -0.0608 0.0121 33 0.119 -0.0236 34 -0.00096 0.000192 35 -0.0609 0.0121 104 0.0134 0.0678 105 -0.000979 -0.0049 106 0.00072 0.0036 107 -0.078 -0.393 108 0.152 0.768 109 -0.000413 -0.00207 135 0 1.28e-06 164 -0.00138 0.000276 165 -0.438 0.0869 166 0.0106 -0.00211 167 -0.00776 0.00155 179 -0.000595 -0.00298 
15
78 -0.0838 -0.0117 79 0.149 0.0216 80 0.168 0.0234 81 -0.149 -0.0216 83 -0.149 -0.0216 84 -0.0838 -0.0117 85 -0.0838 -0.0117 86 0.149 0.0216 156 0.0564 -0.405 157 -0.104 0.717 158 -0.0564 0.405 
16
78 0.103 0.0266 79 0.116 0.0304 80 -0.206 -0.0533 81 -0.116 -0.0304 83 -0.116 -0.0304 84 0.103 0.0266 85 0.103 0.0266 86 0.116 0.0304 156 -0.129 0.497 157 -0.147 0.561 158 0.129 -0.497 
17
7 0.0194 0.0238 43 -0.115 0.0935 44 -0.00755 0.0078 45 -0.154 0.125 48 0.00563 -0.00386 49 0.00207 -0.00186 122 -0.0188 -0.0182 123 -0.604 -0.744 124 -0.0168 -0.0163 129 0.00933 0.0136 130 0.00897 0.00998 131 0.025 0.0364 132 0.004 0.00446 170 0.0393 -0.0406 173 -0.0879 0.0603 174 -0.0215 0.0193 
18
7 0.0045 0.000396 43 -0.00191 0.0217 44 -0.00852 0.113 45 -0.00256 0.0291 48 0.00132 0.0367 49 0.00572 -0.0247 122 -0.273 -0.0206 123 -0.141 -0.0123 124 -0.244 -0.0184 129 -0.0886 0.00318 130 0.12 0.0276 131 -0.237 0.00851 132 0.0533 0.0123 170 0.0443 -0.589 173 -0.0205 -0.572 174 -0.0595 0.257 
19
7 0.0046 0.00362 43 -0.0175 0.0222 44 0.0389 -0.089 45 -0.0234 0.0297 48 -0.024 0.0383 49 -0.00482 0.00189 122 0.215 0.094 123 -0.144 -0.113 124 0.192 0.0839 129 -0.0924 -0.058 130 -0.00911 -0.0233 131 -0.247 -0.155 132 -0.00407 -0.0104 170 -0.203 0.463 173 0.375 -0.597 174 0.0502 -0.0196 
20
7 0.00111 0.000876 43 -0.00423 0.00535 44 0.00925 0.0472 45 -0.00566 0.00717 48 -0.00211 0.00629 49 -0.00857 0.0804 122 -0.114 0.0223 123 -0.0346 -0.0273 124 -0.102 0.0199 129 -0.0152 -0.00509 130 -0.388 -0.0414 131 -0.0407 -0.0136 132 -0.173 -0.0185 170 -0.0481 -0.245 173 0.0329 -0.0981 174 0.0891 -0.836 
21
6 0.00713 0.0279 40 -0.311 0.0795 41 0.27 -0.0692 42 0.0375 -0.0109 46 0.0122 -0.00339 47 0.0073 -0.00204 119 -0.198 -0.772 120 0.0701 0.24 121 -0.0181 -0.0619 125 0.0217 0.0784 126 -0.00559 -0.0202 127 0.0227 0.0814 128 -0.0198 -0.0708 169 -0.208 0.0607 171 -0.0678 0.0188 172 -0.202 0.0564 
22
6 0.00024 0.00571 40 -0.0637 0.00268 41 0.0554 -0.00233 42 -0.0303 -0.0228 46 -0.1 0.0217 47 -0.00471 0.0064 119 -0.00665 -0.158 120 0.146 -0.194 121 -0.0376 0.05 125 -0.139 -0.643 126 0.0357 0.166 127 -0.0714 -0.0526 128 0.0621 0.0457 169 0.168 0.126 171 0.557 -0.12 172 0.131 -0.177 
23
6 0.00856 0.00099 40 -0.011 0.0955 41 0.0096 -0.083 42 -0.0245 0.0552 46 0.00525 -0.0559 47 0.00526 0.0198 119 -0.237 -0.0274 120 -0.353 -0.157 121 0.091 0.0404 125 0.358 0.0336 126 -0.0922 -0.00866 127 -0.221 0.0586 128 0.192 -0.051 169 0.136 -0.306 171 -0.0291 0.31 172 -0.146 -0.549 
24
6 0.000152 -0.00681 40 0.076 0.0017 41 -0.0661 -0.00148 42 0.0702 -0.0515 46 -0.00478 0.0243 47 0.000338 0.0185 119 -0.00422 0.189 120 0.33 0.449 121 -0.085 -0.116 125 -0.155 -0.0306 126 0.04 0.00788 127 -0.206 0.00377 128 0.179 -0.00328 169 -0.389 0.286 171 0.0265 -0.134 172 -0.00936 -0.511 
25
5 -0.00793 -0.0163 18 -0.00364 0.000694 37 0.154 -0.075 38 -0.0564 0.0275 39 -0.000249 -0.00074 74 -0.00449 -0.0235 75 0.271 0.292 112 0.103 0.21 114 0.0513 0.105 115 0.00276 -0.000928 116 0.00074 -0.000249 117 0.00074 -0.000249 118 -0.000427 0.000144 155 -0.63 0.584 168 0.00161 0.00478 
26
5 -0.0136 0.055 18 -9.93e-05 0.000532 37 -0.52 -0.129 38 0.191 0.0472 39 0.000685 0.000578 74 -0.00344 -0.000642 75 0 -1.6e-06 112 0.176 -0.711 114 0.0881 -0.356 115 -0.00216 0.00256 116 -0.000578 0.000685 117 -0.000578 0.000685 118 0.000334 -0.000395 155 3.45e-06 1.4e-06 168 -0.00443 -0.00373 
27
5 0.00119 0.00052 18 -0.0332 0.0416 37 -0.00492 0.0113 38 0.0018 -0.00413 39 0.0348 0.117 74 -0.269 -0.214 75 0.00243 0.000669 112 -0.0154 -0.00673 114 -0.00772 -0.00336 115 -0.436 0.13 116 -0.117 0.0348 117 -0.117 0.0348 118 0.0675 -0.0201 155 -0.00144 0.00524 168 -0.225 -0.756 
28
5 0.000451 -0.00058 18 -0.143 -0.00885 37 0.00549 0.00427 38 -0.00201 -0.00156 39 0.0388 -0.0237 74 0.0572 -0.924 75 0.0011 -0.00729 112 -0.00583 0.0075 114 -0.00291 0.00375 115 0.0883 0.145 116 0.0237 0.0388 117 0.0237 0.0388 118 -0.0137 -0.0224 155 0.0157 0.00237 168 -0.251 0.153 
29
0 0.0219 -0.00424 22 0.0466 0.241 23 -0.0483 -0.249 24 0.00567 0.0292 78 -0.0158 0.00307 79 0.301 -0.0583 80 -0.326 0.0631 81 0.301 -0.0583 83 0.301 -0.0583 84 -0.31 0.06 85 -0.163 0.0315 86 0.301 -0.0583 156 0.0688 0.355 158 0.0688 0.355 
30
3 -0.0261 0.00296 32 -0.033 -0.292 33 0.0287 0.254 34 0.00528 0.0466 35 0.00137 0.0121 104 0.724 -0.0821 105 -0.298 0.0338 106 0.0769 -0.00871 107 -0.135 0.0153 108 0.118 -0.0133 109 0.00721 -0.000817 164 -0.0293 -0.258 165 -0.0381 -0.336 166 0.00523 0.0461 167 -0.00135 -0.0119 179 -0.0399 0.00453 
31
3 0.00754 0.00558 32 -0.0622 0.0841 33 0.0541 -0.0731 34 -0.0621 0.0879 35 0.00259 -0.0035 104 -0.209 -0.154 105 -0.563 -0.397 106 0.145 0.102 107 0.039 0.0289 108 -0.0339 -0.0251 109 0.0136 0.0096 164 0.344 -0.487 165 -0.0717 0.0969 166 -0.0615 0.0871 167 0.0158 -0.0224 179 -0.0754 -0.0532 
32
1 0.0126 0.0171 25 -0.163 0.12 26 0.179 -0.132 27 -0.329 0.242 28 0.0027 -0.00195 87 -0.294 -0.4 88 0.146 0.198 89 0.141 0.191 90 0.146 0.198 91 -0.289 -0.393 92 0.00821 0.0114 93 -0.00562 -0.00778 94 -0.00562 -0.00778 95 0.0134 0.0185 96 -0.000476 -0.000658 159 -0.224 0.165 160 -0.0226 0.0164 161 -0.0178 0.0129 162 0.0264 -0.0191 178 0.00364 0.00504 
33
1 0.00216 0.000119 25 -0.00114 0.0205 26 0.00125 -0.0226 27 -0.0023 0.0415 28 -0.000394 0.0579 87 -0.0504 -0.00279 88 0.025 0.00138 89 0.0241 0.00133 90 0.025 0.00138 91 -0.0495 -0.00274 92 -0.244 -0.00166 93 0.167 0.00114 94 0.167 0.00114 95 -0.397 -0.0027 96 0.0141 9.61e-05 159 -0.00156 0.0282 160 0.00331 -0.486 161 0.0026 -0.382 162 -0.00385 0.566 178 -0.108 -0.000736 
34
3 0.0321 0.00681 32 -0.0242 0.114 33 -0.0178 0.0836 34 -0.00754 0.0378 35 -0.044 0.207 79 -1.39e-06 0 82 1.34e-06 0 86 1.4e-06 0 104 0.0223 0.00473 105 -0.0339 -0.00676 106 -0.0663 -0.0132 107 -0.735 -0.156 108 -0.541 -0.115 109 -0.0815 -0.0162 164 -0.00105 0.00526 165 -0.0306 0.144 166 0.0146 -0.0731 167 0.0285 -0.143 179 -0.0113 -0.00226 
35
3 0.014 -0.000388 32 0.00138 0.0497 33 0.00101 0.0366 34 -0.00348 -0.173 35 0.00251 0.0906 104 0.00975 -0.00027 105 0.155 -0.00312 106 0.303 -0.0061 107 -0.322 0.0089 108 -0.236 0.00655 109 0.372 -0.0075 164 -0.000484 -0.024 165 0.00174 0.063 166 0.00672 0.334 167 0.0131 0.652 179 0.0517 -0.00104 
36
78 -0.24 -0.0409 79 0.0021 0.00219 81 0.477 0.0795 82 0.475 0.0773 83 -0.477 -0.0795 84 -0.24 -0.0409 85 0.24 0.0409 86 -0.0021 -0.00219 112 0.0815 0.0304 113 0.0201 -0.0382 114 -0.0815 -0.0304 115 0.0731 0.0455 116 0.0444 0.111 117 -0.191 -0.202 118 0.0731 0.0455 
37
78 -0.0157 0.0302 79 0.000446 0.00194 81 0.031 -0.0624 82 0.0305 -0.0643 83 -0.031 0.0624 84 -0.0157 0.0302 85 0.0157 -0.0302 86 -0.000446 -0.00194 112 0.0404 0.468 113 -0.0485 0.561 114 -0.0404 -0.468 115 0.0437 0.112 116 -0.0259 -0.4 117 -0.0615 0.175 118 0.0437 0.112 
38
78 0.0133 0.0138 79 0.000974 0.000779 81 -0.0276 -0.0283 82 -0.0286 -0.0291 83 0.0276 0.0283 84 0.0133 0.0138 85 -0.0133 -0.0138 86 -0.000974 -0.000779 112 0.171 -0.084 113 -0.519 0.492 114 -0.171 0.084 115 0.041 -0.203 116 -0.204 0.507 117 0.122 -0.101 118 0.041 -0.203 
39
78 -0.0759 -0.0302 79 -0.00771 -0.00858 81 0.159 0.0691 82 0.167 0.0776 83 -0.159 -0.0691 84 -0.0759 -0.0302 85 0.0759 0.0302 86 0.00771 0.00858 112 -0.0942 -0.124 113 0.0301 0.0725 114 0.0942 0.124 115 -0.123 -0.148 116 -0.166 -0.36 117 0.411 0.656 118 -0.123 -0.148 
40
78 -0.026 0.0328 79 -0.00457 0.00344 81 0.0566 -0.069 82 0.0611 -0.0725 83 -0.0566 0.069 84 -0.026 0.0328 85 0.026 -0.0328 86 0.00457 -0.00344 112 0.249 -0.0393 113 -0.188 -0.0853 114 -0.249 0.0393 115 -0.348 0.211 116 0.0858 -0.198 117 0.61 -0.224 118 -0.348 0.211 
41
78 -0.263 -0.0136 79 0.516 0.0257 81 0.00919 0.00156 82 -0.507 -0.0241 83 -0.00919 -0.00156 84 -0.263 -0.0136 85 0.263 0.0136 86 -0.516 -0.0257 107 -1.69e-06 0 108 -1.25e-06 0 112 -0.00336 -0.000582 113 0.000234 1.51e-05 114 0.00336 0.000582 115 -0.00487 1.78e-05 116 -0.00346 0.000175 117 0.0132 -0.000211 118 -0.00487 1.78e-05 
42
4 0.0376 -0.0124 36 0.119 0.363 111 -0.877 0.288 
43
2 0.000346 -0.000115 16 -0.0482 -0.0148 29 0.00109 0.00327 30 -0.000399 -0.0012 31 7.1e-05 0.000432 69 0.0959 -0.311 70 -0.0309 0.0615 71 -0.327 -0.139 72 -0.0551 -0.0223 97 -0.00447 0.00149 99 -0.00223 0.000744 100 -0.00161 0.000265 101 -0.000432 7.1e-05 102 -0.000432 7.1e-05 103 0.000249 -4.1e-05 139 1.17e-06 -2.76e-06 140 0 2.06e-06 152 -0.133 -0.0665 153 0.3 -0.705 154 0.144 -0.356 163 -0.000459 -0.00279 
44
2 9.42e-05 -0.000151 16 -0.119 -0.0297 29 0.00143 0.000891 30 -0.000523 -0.000326 31 0.000341 -5.8e-05 54 0 -1.08e-06 55 0 2.15e-06 69 0.192 -0.769 70 -0.0438 0.155 71 -0.157 -0.0786 72 -0.0266 -0.0121 97 -0.00122 0.00195 99 -0.000609 0.000976 100 0.000216 0.00127 101 5.8e-05 0.000341 102 5.8e-05 0.000341 103 -3.35e-05 -0.000197 138 -1.22e-06 0 139 0 -1.33e-06 152 -0.333 -0.0943 153 0.169 -0.339 154 0.0784 -0.172 163 -0.00221 0.000375 
45
2 0.00914 -0.00393 16 0.0686 0.019 29 0.0372 0.0865 30 -0.0136 -0.0317 31 0.00244 0.00726 69 -0.123 0.443 70 -0.0846 0.318 71 0.0118 -0.0197 72 -0.0464 0.0323 97 -0.118 0.0508 99 -0.0591 0.0254 100 -0.0271 0.0091 101 -0.00726 0.00244 102 -0.00726 0.00244 103 0.00419 -0.00141 152 -0.684 -0.182 153 0.0424 0.0255 154 -0.209 -0.3 163 -0.0158 -0.0469 
46
2 -0.00212 0.00592 16 -0.0238 0.0472 29 -0.056 -0.02 30 0.0205 0.00734 31 -0.00377 -0.00311 69 -0.305 -0.154 70 -0.217 -0.108 71 0.0048 -0.0159 72 0.0348 0.106 97 0.0274 -0.0765 99 0.0137 -0.0383 100 0.0116 -0.0141 101 0.00311 -0.00377 102 0.00311 -0.00377 103 -0.00179 0.00218 152 0.233 -0.467 153 0.0343 0.0103 154 -0.686 0.225 163 0.0244 0.0201 
47
2 -0.0375 -0.0345 16 -0.0135 0.0136 29 0.327 -0.355 30 -0.12 0.13 31 0.0309 -0.0274 69 -0.0877 -0.0872 70 -0.0693 -0.0716 71 0.00269 -0.00224 72 -0.00522 0.0202 97 0.485 0.446 99 0.242 0.223 100 0.102 0.115 101 0.0274 0.0309 102 0.0274 0.0309 103 -0.0158 -0.0179 152 0.154 -0.149 153 0.00482 0.0058 154 -0.131 -0.0337 163 -0.2 0.177 
48
2 0.0183 0.00146 16 -0.000434 -0.000699 29 -0.0138 0.174 30 0.00505 -0.0635 31 -0.0048 -0.123 69 0.00452 -0.00281 70 0.00245 0.00269 71 -0.000249 0.000145 72 -0.000279 -0.000171 97 -0.237 -0.0189 99 -0.119 -0.00943 100 0.459 -0.0179 101 0.123 -0.0048 102 0.123 -0.0048 103 -0.071 0.00277 152 -0.0058 0.00527 153 -0.000313 -0.000537 154 0.0011 -0.0018 163 0.031 0.795 
49
10 0.00522 -0.0195 54 0.126 0.0337 55 -0.246 -0.0658 56 -0.124 0.0739 138 0.0375 -0.141 139 -0.377 -0.631 140 0.277 0.464 176 -0.178 0.106 
50
10 0.053 0.0276 54 -0.178 0.342 55 0.348 -0.669 56 0.00222 0.0467 69 0 -1.11e-06 138 0.382 0.198 139 -0.238 0.0113 140 0.175 -0.00834 176 0.0032 0.0672 
51
1 0.0188 -0.0626 25 0.498 0.15 26 0.05 0.015 27 -0.207 -0.0622 28 -0.0361 -0.00859 87 -0.0978 0.326 88 -0.0949 0.316 89 -0.148 0.493 90 -0.0949 0.316 91 -0.0447 0.149 92 0.0186 -0.0781 93 0.0148 -0.0623 94 0.0148 -0.0623 95 0.00165 -0.00696 96 -0.0021 0.00882 159 0.0849 0.0255 160 0.0422 0.01 161 0.104 0.0246 162 0.121 0.0288 178 0.00166 -0.007 
52
1 0.0155 0.0125 25 -0.0997 0.124 26 -0.01 0.0124 27 0.0414 -0.0514 28 -0.0639 0.155 87 -0.0809 -0.0652 88 -0.0784 -0.0632 89 -0.122 -0.0986 90 -0.0784 -0.0632 91 -0.037 -0.0298 92 -0.334 -0.138 93 -0.267 -0.11 94 -0.267 -0.11 95 -0.0298 -0.0123 96 0.0377 0.0156 159 -0.017 0.0211 160 0.0747 -0.181 161 0.183 -0.443 162 0.214 -0.518 178 -0.0299 -0.0124 
53
15 -0.0176 -0.0241 67 0.116 -0.0851 68 -0.0281 -0.377 151 0.911 -0.0679 
54
15 0.136 -0.143 67 0.691 0.656 68 -0.0461 -0.0752 151 0.181 -0.111 
55
0 0.0292 -0.0205 22 0.172 0.245 23 -0.144 -0.206 24 0.206 0.293 78 -0.383 0.269 79 -0.0427 0.0299 80 0.112 -0.0782 81 -0.0427 0.0299 83 -0.0427 0.0299 84 0.495 -0.347 85 0.0558 -0.0391 86 -0.0427 0.0299 156 0.127 0.182 158 0.127 0.182 
56
12 0.00819 0.00661 21 0.0171 0.0154 59 -0.0396 0.0491 62 -0.0088 0.00773 87 0.108 0.115 88 0.405 0.598 89 -0.108 -0.115 90 -0.298 -0.482 91 -0.108 -0.115 92 0.024 0.0879 93 -0.0373 -0.111 94 0.0133 0.0235 95 -0.024 -0.0879 96 0.024 0.0879 97 0.000919 0.0147 98 0.0247 0.124 99 -0.000919 -0.0147 100 0.0202 0.0564 101 -0.039 -0.0711 102 -0.00149 -0.0417 103 0.0202 0.0564 142 -0.0223 -0.0257 143 0.0246 0.0198 146 -0.0229 -0.0329 147 0.0223 0.0458 177 -0.0088 0.00773 
57
12 -0.00745 -0.0023 21 0.0245 0.0334 59 0.0138 -0.0447 62 -0.011 -0.00329 87 0.101 -0.0917 88 -0.0627 -0.0221 89 -0.101 0.0917 90 0.163 -0.0696 91 -0.101 0.0917 92 0.391 0.114 93 -0.409 -0.0838 94 0.0183 -0.03 95 -0.391 -0.114 96 0.391 0.114 97 0.142 -0.108 98 0.176 -0.0824 99 -0.142 0.108 100 -0.149 -0.0352 101 0.134 0.157 102 0.163 -0.087 103 -0.149 -0.0352 142 0.00364 -0.0182 143 -0.0224 -0.0069 146 -0.0175 -0.0248 147 0.0721 0.00833 177 -0.011 -0.00329 
58
12 0.0317 -0.0146 21 0.0147 -0.0572 59 0.0873 0.19 62 0.00704 -0.00502 87 0.213 -0.318 88 0.0729 -0.0846 89 -0.213 0.318 90 0.14 -0.233 91 -0.213 0.318 92 -0.232 0.0642 93 0.238 -0.0407 94 -0.00628 -0.0235 95 0.232 -0.0642 96 -0.232 0.0642 97 0.0696 -0.0638 98 -0.0973 0.0743 99 -0.0696 0.0638 100 0.057 0.0528 101 -0.262 0.0804 102 0.148 -0.186 103 0.057 0.0528 142 -0.00306 0.0156 143 0.0951 -0.0437 146 0.0273 0.00595 147 -0.0517 0.0244 177 0.00704 -0.00502 
59
12 -0.0317 0.0166 21 0.0243 0.0983 59 -0.0993 -0.19 62 -0.00794 -0.0303 87 -0.199 0.266 88 -0.0457 0.188 89 0.199 -0.266 90 -0.153 0.0783 91 0.199 -0.266 92 -0.0647 0.0172 93 0.0789 -0.0231 94 -0.0142 0.00594 95 0.0647 -0.0172 96 -0.0647 0.0172 97 0.142 -0.137 98 0.366 -0.362 99 -0.142 0.137 100 0.0385 -0.15 101 -0.102 0.266 102 0.0253 0.0348 103 0.0385 -0.15 142 0.0765 -0.021 143 -0.0952 0.0497 146 0.102 -0.0317 147 -0.124 0.0473 177 -0.00794 -0.0303 
60
12 -0.0194 -0.0266 21 -0.222 -0.03 59 0.159 -0.116 62 0.0204 -0.058 87 -0.0626 -0.214 88 0.0522 0.0526 89 0.0626 0.214 90 -0.115 -0.267 91 0.0626 0.214 92 0.0857 -0.0577 93 -0.222 -0.0564 94 0.137 0.114 95 -0.0857 0.0577 96 0.0857 -0.0577 97 0.195 0.26 98 -0.284 -0.182 99 -0.195 -0.26 100 0.0223 -0.104 101 -0.203 0.0253 102 0.159 0.182 103 0.0223 -0.104 142 0.245 0.063 143 -0.0582 -0.0797 146 0.132 0.0587 147 -0.0489 -0.0537 177 0.0204 -0.058 
61
12 -0.0102 -0.0621 21 0.017 0.0261 59 0.373 -0.0612 62 -0.124 0.0747 87 0.0793 0.103 88 -0.0473 -0.0657 89 -0.0793 -0.103 90 0.127 0.169 91 -0.0793 -0.103 92 0.029 0.0539 93 0.107 0.268 94 -0.136 -0.322 95 -0.029 -0.0539 96 0.029 0.0539 97 -0.0422 -0.0132 98 -0.0302 -0.0112 99 0.0422 0.0132 100 -0.0412 -0.0499 101 0.0121 -0.148 102 0.0703 0.247 103 -0.0412 -0.0499 142 -0.18 -0.324 143 -0.0306 -0.186 146 -0.13 -0.103 147 -0.0578 -0.432 177 -0.124 0.0747 
62
12 0.0149 -0.00637 21 -0.241 0.0841 59 0.0382 0.0896 62 0.0636 0.0141 87 -0.129 0.184 88 -0.101 0.204 89 0.129 -0.184 90 -0.0278 -0.0205 91 0.129 -0.184 92 -0.0661 0.0438 93 -0.195 0.0468 94 0.262 -0.0906 95 0.0661 -0.0438 96 -0.0661 0.0438 97 0.0676 -0.0242 98 -0.0644 -0.01 99 -0.0676 0.0242 100 0.0311 -0.129 101 0.0842 0.147 102 -0.146 0.11 103 0.0311 -0.129 142 -0.283 0.366 143 0.0448 -0.0191 146 -0.123 0.231 147 0.286 -0.312 177 0.0636 0.0141 
63
12 0.0015 -0.0374 21 0.268 0.21 59 0.224 0.00898 62 0.0201 0.0234 87 -0.0772 -0.0716 88 -0.066 -0.0404 89 0.0772 0.0716 90 -0.0112 -0.0313 91 0.0772 0.0716 92 0.0102 -0.0641 93 0.244 -0.0177 94 -0.254 0.0818 95 -0.0102 0.0641 96 0.0102 -0.0641 97 -0.0231 0.0648 98 0.0629 -0.0363 99 0.0231 -0.0648 100 0.0348 0.00668 101 -0.185 -0.105 102 0.116 0.0921 103 0.0348 0.00668 142 0.143 0.0434 143 0.00449 -0.112 146 -0.181 -0.146 147 0.403 0.557 177 0.0201 0.0234 
64
12 -0.00834 -0.0434 21 -0.0334 -0.205 59 0.26 -0.0501 62 -0.0805 0.000536 87 0.00911 0.149 88 0.0444 -0.0661 89 -0.00911 -0.149 90 -0.0352 0.215 91 -0.00911 -0.149 92 -0.0632 0.121 93 -0.221 -0.119 94 0.284 -0.00218 95 0.0632 -0.121 96 -0.0632 0.121 97 0.0672 -0.157 98 -0.024 -0.0717 99 -0.0672 0.157 100 -0.0662 0.222 101 0.227 -0.346 102 -0.0947 -0.0972 103 -0.0662 0.222 142 -0.133 0.259 143 -0.025 -0.13 146 0.078 -0.16 147 -0.237 -0.00159 177 -0.0805 0.000536 
65
12 0.00508 -0.0494 21 -0.152 -0.0433 59 0.297 0.0305 62 -0.0843 0.163 87 -0.0768 0.184 88 -0.00351 0.00664 89 0.0768 -0.184 90 -0.0733 0.177 91 0.0768 -0.184 92 -0.11 -0.00991 93 -0.054 -0.135 94 0.164 0.145 95 0.11 0.00991 96 -0.11 -0.00991 97 0.121 -0.139 98 0.0134 0.0421 99 -0.121 0.139 100 -0.0914 0.0951 101 0.287 0.0355 102 -0.104 -0.226 103 -0.0914 0.0951 142 0.125 0.187 143 0.0152 -0.148 146 -0.195 -0.116 147 -0.395 -0.157 177 -0.0843 0.163 
66
12 0.0502 0.0261 21 -0.261 -0.308 59 -0.156 0.301 62 0.0201 -0.0495 87 -0.19 -0.0829 88 -0.00719 -0.0289 89 0.19 0.0829 90 -0.183 -0.054 91 0.19 0.0829 92 0.103 0.115 93 0.159 0.106 94 -0.262 -0.221 95 -0.103 -0.115 96 0.103 0.115 97 0.107 0.0113 98 -0.201 -0.0446 99 -0.107 -0.0113 100 -0.039 0.0063 101 -0.208 -0.184 102 0.286 0.171 103 -0.039 0.0063 142 -0.0634 0.0305 143 0.15 0.0782 146 0.06 0.072 147 0.117 -0.0955 177 0.0201 -0.0495 
67
12 -0.0155 -0.0422 21 -0.226 -0.193 59 0.253 -0.0928 62 0.0119 -0.00699 87 0.0184 0.137 88 -0.0123 0.139 89 -0.0184 -0.137 90 0.0307 -0.0013 91 -0.0184 -0.137 92 0.0323 -0.192 93 0.134 0.117 94 -0.166 0.0758 95 -0.0323 0.192 96 0.0323 -0.192 97 0.00601 0.0652 98 0.0259 0.179 99 -0.00601 -0.0652 100 -0.0256 -0.26 101 -0.00939 0.602 102 0.0606 -0.0822 103 -0.0256 -0.26 142 -0.0186 0.0568 143 -0.0464 -0.127 146 0.000708 0.000507 147 0.0398 0.0701 177 0.0119 -0.00699 
68
12 0.000439 0.000954 21 -0.00316 -0.0174 59 -0.00572 0.00264 62 -0.0127 0.0104 87 -0.0533 -0.0699 88 0.00759 0.0105 89 0.0533 0.0699 90 -0.0609 -0.0804 91 0.0533 0.0699 92 -0.0578 -0.079 93 -0.18 -0.242 94 0.238 0.321 95 0.0578 0.079 96 -0.0578 -0.079 97 -0.114 -0.146 98 0.0733 0.0948 99 0.114 0.146 100 -0.0954 -0.119 101 -0.213 -0.278 102 0.404 0.516 103 -0.0954 -0.119 142 0.000816 0.00236 143 0.00132 0.00286 146 -0.00701 -0.0104 147 -0.0411 -0.0449 177 -0.0127 0.0104 
69
5 -0.000224 3.16e-05 13 -0.0725 0.0797 37 -0.000173 -0.00122 38 0.000236 0.00167 39 0.000651 -0.00106 40 -1.44e-06 -1.31e-06 41 2.86e-06 2.62e-06 63 -0.515 -0.469 64 0.202 0.187 65 0.071 0.0571 66 0.0205 0.0166 112 -0.000964 0.000136 114 -0.000482 6.82e-05 115 0.00326 0.00199 116 -0.000354 -0.000217 117 -0.000354 -0.000217 118 -0.00132 -0.000809 119 -1.49e-06 1.63e-06 120 -1.51e-06 1.64e-06 121 1.13e-06 -1.22e-06 125 0 1.19e-06 148 -0.402 0.435 149 -0.123 0.153 150 -0.107 0.133 168 0.0014 -0.00229 
70
5 -0.000124 0.000214 13 -0.0116 0.0678 37 -0.00117 -0.000678 38 0.0016 0.000926 39 0.000104 -0.00068 40 -1.22e-06 0 41 2.42e-06 0 63 -0.439 -0.0748 64 0.166 0.029 65 -0.264 0.0446 66 -0.0725 0.0133 112 -0.000534 0.000922 114 -0.000267 0.000461 115 0.00208 0.00032 116 -0.000227 -3.48e-05 117 -0.000227 -3.48e-05 118 -0.000845 -0.00013 119 0 1.38e-06 120 0 1.35e-06 121 0 -1e-06 125 0 -4.43e-06 126 0 3.3e-06 128 0 1.03e-06 148 -0.0624 0.357 149 -0.0961 -0.569 150 -0.0857 -0.469 168 0.000225 -0.00146 171 -1.25e-06 0 
71
5 0.00065 0.000688 13 0.0684 -0.0331 37 -0.00376 0.00355 38 0.00513 -0.00485 39 0.00112 -0.000492 63 0.214 0.442 64 0.155 0.328 65 0.000794 0.000898 66 -0.0123 -0.0113 112 0.0028 0.00296 114 0.0014 0.00148 115 0.00151 0.00345 116 -0.000164 -0.000375 117 -0.000164 -0.000375 118 -0.000612 -0.0014 120 -2.66e-06 1.25e-06 121 1.98e-06 0 148 -0.706 0.333 149 -0.00193 0.00171 150 0.0727 -0.0797 168 0.00242 -0.00106 
72
5 0.00027 0 13 -0.000746 -0.000214 37 -1.28e-06 0.00148 38 1.75e-06 -0.00202 39 9.57e-05 0.00071 63 0.00138 -0.00482 64 0.00153 -0.00646 65 -0.00513 -0.033 66 0.0221 0.151 112 0.00117 1.01e-06 114 0.000583 0 115 -0.00218 0.000293 116 0.000237 -3.19e-05 117 0.000237 -3.19e-05 118 0.000883 -0.000119 127 -1.06e-06 0 128 2.13e-06 0 148 0.0139 0.0033 149 0.0711 -0.0111 150 -0.975 0.143 168 0.000206 0.00153 172 0 1.22e-06 
73
5 0.0467 -0.08 13 -9.52e-05 -0.000598 37 0.437 0.255 38 -0.597 -0.349 39 -0.028 -0.0519 63 0.00387 -0.000615 64 0.00144 -0.00026 65 -0.000143 0.000109 66 -0.000111 -0.00107 112 0.201 -0.345 114 0.101 -0.172 115 0.159 -0.086 116 -0.0173 0.00935 117 -0.0173 0.00935 118 -0.0646 0.0349 148 0.000561 0.00309 149 -0.000235 -0.000308 150 0.0069 -0.000717 168 -0.0604 -0.112 
74
5 -0.00854 -0.000362 13 0.000559 -0.000115 37 0.00198 -0.0466 38 -0.00271 0.0637 39 -0.241 -0.0285 63 0.000745 0.00361 64 0.000544 0.00119 65 -8.02e-05 0.000187 66 -0.000741 -0.000844 112 -0.0368 -0.00156 114 -0.0184 -0.000781 115 0.0873 -0.74 116 -0.0095 0.0804 117 -0.0095 0.0804 118 -0.0354 0.3 148 -0.00256 0.00117 149 -0.000404 -0.000173 150 0.00546 -0.00479 168 -0.52 -0.0614 
75
6 0.0192 0.00365 40 -0.0236 0.124 41 0.046 -0.242 42 -0.0239 0.122 46 0.00227 0.00309 47 0.000174 -0.0304 119 0.138 0.0263 120 -0.623 -0.122 121 0.458 0.0898 125 -0.0157 0.0116 126 0.0116 -0.00854 127 0.196 0.00112 128 -0.383 -0.00219 169 -0.0344 0.176 171 0.00327 0.00444 172 0.00125 -0.218 
76
6 -0.0114 -0.00731 40 0.0472 -0.0736 41 -0.0921 0.144 42 0.039 -0.0622 46 -0.00538 0.00886 47 0.0245 -0.0472 119 -0.0821 -0.0526 120 0.317 0.199 121 -0.233 -0.146 125 -0.0452 -0.0274 126 0.0332 0.0202 127 0.305 0.158 128 -0.595 -0.309 169 0.056 -0.0894 171 -0.00774 0.0127 172 0.176 -0.339 
77
6 0.00937 -0.0505 40 0.326 0.0605 41 -0.636 -0.118 42 -0.0838 -0.0151 46 0.00605 0.0201 47 -0.00119 0.000324 63 -1.06e-06 0 119 0.0674 -0.363 120 0.077 -0.428 121 -0.0567 0.315 125 -0.102 0.0309 126 0.0753 -0.0227 127 -0.00209 -0.00768 128 0.00408 0.015 169 -0.121 -0.0217 171 0.00871 0.0289 172 -0.00856 0.00233 
78
6 -0.000799 0.0117 40 -0.0754 -0.00515 41 0.147 0.0101 42 0.019 0.0004 46 0.0974 -0.109 47 0.00687 -0.00765 119 -0.00574 0.0841 120 -0.00204 0.0971 121 0.0015 -0.0714 125 0.556 0.497 126 -0.409 -0.366 127 0.0494 0.0444 128 -0.0964 -0.0867 169 0.0274 0.000576 171 0.14 -0.157 172 0.0495 -0.055 
79
78 0.172 0.195 79 0.196 0.233 80 -0.343 -0.391 81 -0.196 -0.233 83 -0.196 -0.233 84 0.172 0.195 85 0.172 0.195 86 0.196 0.233 156 0.162 -0.142 157 0.193 -0.162 158 -0.162 0.142 
80
78 0.218 0.0632 79 -0.333 -0.102 80 -0.436 -0.126 81 0.333 0.102 83 0.333 0.102 84 0.218 0.0632 85 0.218 0.0632 86 -0.333 -0.102 156 0.0523 -0.18 157 -0.0846 0.276 158 -0.0523 0.18 
81
1 -0.00811 -0.0311 25 0.187 -0.0489 26 -0.46 0.12 27 0.537 -0.14 28 -0.0283 0.00847 87 -0.0905 -0.346 88 0.0722 0.276 89 -0.00806 -0.0309 90 0.0722 0.276 91 -0.0102 -0.0391 92 -0.0325 -0.108 93 0.0315 0.105 94 0.0315 0.105 95 -0.0492 -0.164 96 0.0149 0.0496 159 -0.16 0.0419 160 -0.166 0.0497 161 0.0167 -0.00499 162 0.0689 -0.0207 178 0.00625 0.0208 
82
1 -0.0113 0.000852 25 -0.00515 -0.068 26 0.0126 0.167 27 -0.0148 -0.195 28 -0.00663 -0.0853 87 -0.126 0.00951 88 0.1 -0.00759 89 -0.0112 0.000848 90 0.1 -0.00759 91 -0.0142 0.00107 92 0.327 -0.0254 93 -0.318 0.0247 94 -0.318 0.0247 95 0.495 -0.0385 96 -0.15 0.0116 159 0.0044 0.0581 160 -0.0389 -0.501 161 0.00391 0.0503 162 0.0162 0.208 178 -0.0629 0.00489 
83
11 0.034 0.0674 57 -0.326 0.164 58 -0.168 0.116 60 -0.0898 0.253 61 0.0251 -0.054 141 -0.28 -0.405 144 -0.61 -0.217 145 0.261 0.121 
84
11 0.00538 0.174 57 -0.84 0.026 58 0.0424 -0.0937 60 0.0205 -0.14 61 0.0196 0.0433 141 0.226 0.102 144 0.338 0.0495 145 -0.209 0.0947 
85
11 0.0404 -0.0226 57 0.109 0.195 58 -0.0338 0.0623 60 -0.169 0.0113 61 -0.145 0.0918 141 -0.15 -0.0816 144 -0.0273 -0.408 145 -0.443 -0.701 
86
11 -0.0138 0.00745 57 -0.036 -0.0665 58 0.32 -0.00365 60 -0.154 0.132 61 -0.0249 0.00405 141 0.00881 0.772 144 -0.319 -0.372 145 -0.0195 -0.12 
87
0 -0.0501 0.0574 22 -0.383 -0.334 23 -0.195 -0.17 24 0.172 0.15 78 0.0812 -0.093 79 0.205 -0.235 80 0.222 -0.254 81 0.205 -0.235 83 0.205 -0.235 84 0.141 -0.161 85 0.111 -0.127 86 0.205 -0.235 156 -0.0825 -0.0721 158 -0.0825 -0.0721 
88
7 0.0709 -0.0835 43 -0.0691 -0.0587 44 -0.0911 -0.0999 45 0.539 0.458 48 -0.00338 -0.0115 49 0.0254 0.00865 122 -0.0414 0.0377 123 0.38 -0.447 124 0.215 -0.196 129 -0.00478 0.0014 130 0.00716 -0.021 131 0.0746 -0.0218 132 -0.0186 0.0547 170 -0.0813 -0.0892 173 -0.00904 -0.0309 174 0.0453 0.0154 
89
7 -0.0274 -0.0257 43 -0.0213 0.0227 44 0.216 -0.213 45 0.166 -0.177 48 0.0626 -0.00314 49 0.0746 0.0647 122 -0.0884 -0.0893 123 -0.147 -0.138 124 0.46 0.465 129 -0.0013 -0.0259 130 0.0536 -0.0618 131 0.0203 0.404 132 -0.139 0.161 170 0.192 -0.191 173 0.167 -0.00842 174 0.133 0.115 
90
7 -0.0099 0.00777 43 0.00644 0.0082 44 -0.174 -0.044 45 -0.0502 -0.064 48 0.0078 -0.00505 49 -0.249 -0.138 122 -0.0182 0.072 123 -0.053 0.0416 124 0.0949 -0.374 129 -0.00209 -0.00323 130 -0.114 0.206 131 0.0326 0.0504 132 0.297 -0.537 170 -0.155 -0.0393 173 0.0209 -0.0135 174 -0.445 -0.246 
91
7 0.0312 0.00494 43 0.00409 -0.0259 44 0.0212 0.208 45 -0.0319 0.202 48 0.0814 -0.0625 49 0.0894 -0.0594 122 0.0863 -0.00877 123 0.167 0.0264 124 -0.449 0.0456 129 -0.0259 -0.0337 130 -0.0492 -0.0741 131 0.404 0.526 132 0.128 0.193 170 0.0189 0.186 173 0.218 -0.167 174 0.16 -0.106 
92
10 0.0157 -0.00394 54 0.014 0.0556 55 0.0103 0.0409 56 -0.0939 0.441 138 0.0109 -0.00274 139 -0.395 -0.0843 140 -0.773 -0.165 176 -0.0131 0.0613 
93
10 0.186 0.116 54 -0.411 0.659 55 -0.302 0.484 56 0.00146 -0.00222 138 0.129 0.0805 139 0.00199 0.00131 140 0.00389 0.00257 176 0.000203 -0.000309 
94
9 -3.54e-05 -0.000161 20 -0.000186 -0.000506 52 0.000964 -0.000212 53 -0.0124 -0.00288 77 -5.61e-05 0.000485 78 0.0113 -0.0447 79 0.0951 -0.376 81 -0.0725 0.286 82 0.168 -0.662 83 0.0725 -0.286 84 0.0113 -0.0447 85 -0.0113 0.0447 86 -0.0951 0.376 105 0 3.35e-06 106 0 -2.46e-06 134 -0.0515 0.202 135 -0.000106 -0.000482 136 -0.00211 0.00695 137 0.0236 -0.0952 175 -0.0124 -0.00288 
95
9 -0.0429 0.113 20 -0.007 0.00172 32 -1.06e-06 0 33 2.06e-06 0 52 -0.679 -0.257 53 0.126 0.0493 77 -0.00139 0.00389 78 -0.062 0.161 79 -0.0609 0.156 81 -0.0632 0.167 82 0.00231 -0.0115 83 0.0632 -0.167 84 -0.062 0.161 85 0.062 -0.161 86 0.0609 -0.156 104 0 1.18e-06 134 -0.00153 0.00118 135 -0.129 0.34 136 -0.102 0.261 137 0.00963 -0.0266 175 0.126 0.0493 
96
9 -0.0141 0.0298 20 -0.0104 -0.00052 52 -0.179 -0.0848 53 -0.164 -0.0869 77 -0.0298 -0.0147 78 -0.0078 0.0182 79 0.095 -0.203 81 -0.111 0.239 82 0.206 -0.442 83 0.111 -0.239 84 -0.0078 0.0182 85 0.0078 -0.0182 86 -0.095 0.203 134 0.218 -0.463 135 -0.0424 0.0895 136 0.17 -0.332 137 0.0116 0.0117 175 -0.164 -0.0869 
97
9 0.00174 -0.00404 20 -0.395 -0.287 52 0.0242 0.0104 53 0.0594 0.0268 77 -0.412 0.319 78 0.0518 -0.237 79 0.0638 -0.281 81 0.0398 -0.194 82 0.024 -0.087 83 -0.0398 0.194 84 0.0518 -0.237 85 -0.0518 0.237 86 -0.0638 0.281 134 0.0336 -0.161 135 0.00522 -0.0121 136 -0.0201 0.0979 137 -0.1 0.0627 175 0.0594 0.0268 
98
9 -0.0142 -0.00674 20 0.421 -0.575 52 0.0404 -0.0853 53 0.092 -0.122 77 -0.0388 0.101 78 -0.0692 0.0291 79 -0.184 -0.0225 81 0.0452 0.0808 82 -0.229 -0.103 83 -0.0452 -0.0808 84 -0.0692 0.0291 85 0.0692 -0.0291 86 0.184 0.0225 134 -0.265 -0.0766 135 -0.0427 -0.0202 136 0.203 0.0688 137 0.122 0.346 175 0.092 -0.122 
99
9 0.0145 0.0253 20 0.212 -0.31 52 -0.152 0.0868 53 -0.074 0.0458 77 0.0727 0.0631 78 -0.159 -0.0811 79 -0.103 0.0379 81 -0.215 -0.2 82 0.111 0.238 83 0.215 0.2 84 -0.159 -0.0811 85 0.159 0.0811 86 0.103 -0.0379 134 0.0845 0.287 135 0.0434 0.0758 136 -0.119 -0.307 137 0.0826 0.479 175 -0.074 0.0458 
100
9 -0.0246 -0.00758 20 0.0719 0.313 52 0.0455 -0.147 53 0.0879 -0.124 77 -0.189 -0.456 78 0.0556 -0.123 79 -0.0834 -0.18 81 0.195 -0.0659 82 -0.278 -0.114 83 -0.195 0.0659 84 0.0556 -0.123 85 -0.0556 0.123 86 0.0834 0.18 134 -0.31 -0.159 135 -0.0737 -0.0227 136 0.302 0.146 137 -0.161 0.0885 175 0.0879 -0.124 
101
9 -0.00774 -0.000919 20 0.0838 -0.173 52 0.00552 -0.0464 53 -0.1 -0.049 77 0.0204 0.0957 78 -0.0783 -0.0994 79 -0.102 -0.0885 81 -0.0544 -0.11 82 -0.0479 0.0217 83 0.0544 0.11 84 -0.0783 -0.0994 85 0.0783 0.0994 86 0.102 0.0885 134 -0.0904 -0.0854 135 -0.0232 -0.00276 136 0.14 0.0882 137 -0.126 -0.866 175 -0.1 -0.049 
102
3 -0.0525 -0.0221 32 0.142 -0.339 33 -0.278 0.663 34 -0.000787 -0.000257 35 -0.0102 0.0244 52 0 1.02e-06 104 -0.378 -0.159 105 0.00131 -0.00402 106 -0.000964 0.00295 107 -0.157 -0.0661 108 0.307 0.129 109 -3.97e-05 0.000122 164 -0.00113 -0.00037 165 -0.0736 0.175 166 -0.000622 -0.000203 167 0.000457 0.000149 179 -5.72e-05 0.000175 
103
3 -0.000158 -0.000342 32 0.00221 -0.00102 33 -0.00432 0.00199 34 0.0324 -0.147 35 -0.000159 7.31e-05 79 1.74e-06 0 81 -1.34e-06 0 82 3.07e-06 0 83 1.33e-06 0 86 -1.73e-06 0 104 -0.00113 -0.00246 105 0.749 0.165 106 -0.551 -0.122 107 -0.000472 -0.00103 108 0.000922 0.002 109 -0.0227 -0.00501 164 0.0466 -0.211 165 -0.00114 0.000526 166 0.0256 -0.116 167 -0.0188 0.0852 179 -0.0327 -0.00721 
104
1 0.0321 0.102 25 -0.458 0.144 26 0.36 -0.113 27 0.534 -0.168 28 0.0474 -0.0173 87 0.0723 0.23 88 0.0495 0.157 89 0.118 0.374 90 0.0495 0.157 91 0.00419 0.0133 92 0.031 0.0847 93 0.0153 0.0419 94 0.0153 0.0419 95 -0.0148 -0.0404 96 -0.0304 -0.0832 159 0.0546 -0.0172 160 0.0344 -0.0126 161 0.0379 -0.0139 162 0.0697 -0.0255 178 -0.00133 -0.00362 
105
1 0.0186 0.0112 25 -0.0501 0.0833 26 0.0394 -0.0655 27 0.0584 -0.0971 28 -0.137 0.236 87 0.0418 0.0252 88 0.0287 0.0172 89 0.0681 0.041 90 0.0287 0.0172 91 0.00242 0.00146 92 -0.422 -0.245 93 -0.209 -0.121 94 -0.209 -0.121 95 0.201 0.117 96 0.414 0.241 159 0.00598 -0.00993 160 -0.0996 0.171 161 -0.11 0.189 162 -0.201 0.347 178 0.018 0.0105 
106
2 0.0431 -0.0845 29 0.462 0.235 30 -0.631 -0.322 31 0.0236 0.0135 97 0.186 -0.364 99 0.0928 -0.182 100 -0.0415 0.0723 101 0.00451 -0.00787 102 0.00451 -0.00787 103 0.0168 -0.0294 163 0.0508 0.0292 
107
2 0.000378 0.00834 29 -0.0456 0.00207 30 0.0622 -0.00282 31 0.243 -0.00492 97 0.00163 0.0359 99 0.000814 0.018 100 0.0151 0.745 101 -0.00164 -0.081 102 -0.00164 -0.081 103 -0.00612 -0.302 163 0.523 -0.0106 
108
7 -0.0568 -0.0582 43 0.281 -0.274 44 -0.125 0.285 45 -0.027 0.0263 48 0.123 -0.00294 49 0.00776 -0.0031 122 -0.688 -0.303 123 -0.127 -0.13 124 0.0441 0.0194 129 0.00709 0.296 130 0.015 0.0375 131 -0.00136 -0.0569 132 -0.00048 -0.0012 170 -0.0468 0.106 173 0.137 -0.00329 174 0.0058 -0.00232 
109
7 -0.0295 0.143 43 -0.691 -0.143 44 -0.213 -0.0219 45 0.0664 0.0137 48 0.0479 0.00812 49 0.0333 0.00507 122 0.0529 -0.514 123 -0.0662 0.321 124 -0.00339 0.033 129 -0.0196 0.116 130 -0.0245 0.161 131 0.00377 -0.0222 132 0.000785 -0.00515 170 -0.0796 -0.00818 173 0.0537 0.0091 174 0.0249 0.00379 
110
7 -0.0249 -0.0796 43 0.384 -0.12 44 -0.00709 0.0462 45 -0.037 0.0116 48 -0.258 -0.163 49 -0.0155 -0.00433 122 -0.112 -0.0171 123 -0.0558 -0.178 124 0.00715 0.0011 129 0.393 -0.623 130 0.0209 -0.0749 131 -0.0756 0.12 132 -0.000669 0.0024 170 -0.00265 0.0172 173 -0.289 -0.183 174 -0.0116 -0.00323 
111
7 -0.0105 -0.00657 43 0.0317 -0.0509 44 -0.0251 -0.00899 45 -0.00305 0.00489 48 0.0107 0.0276 49 -0.0972 -0.173 122 0.0217 -0.0606 123 -0.0236 -0.0147 124 -0.00139 0.00388 129 -0.0666 0.0258 130 0.837 -0.469 131 0.0128 -0.00495 132 -0.0268 0.015 170 -0.00937 -0.00336 173 0.012 0.0309 174 -0.0726 -0.129 
112
0 -0.0324 -0.0427 22 0.228 -0.173 23 -0.487 0.369 24 0.299 -0.227 78 -0.259 -0.342 79 0.0765 0.101 80 -0.0828 -0.109 81 0.0765 0.101 83 0.0765 0.101 84 0.176 0.233 85 -0.0414 -0.0546 86 0.0765 0.101 156 -0.119 0.0902 158 -0.119 0.0902 
113
3 -0.0276 0.0393 32 0.0455 0.0318 33 0.0117 0.00821 34 0.193 0.259 35 -0.254 -0.178 104 0.00497 -0.0071 105 0.104 -0.0776 106 0.0908 -0.0675 107 -0.206 0.294 108 -0.0531 0.0757 109 -0.558 0.416 164 -0.00696 -0.00935 165 0.0459 0.0322 166 0.167 0.225 167 0.146 0.196 179 0.0202 -0.015 
114
3 -0.0254 0.0569 32 0.0658 0.0293 33 0.017 0.00756 34 -0.264 -0.108 35 -0.368 -0.164 104 0.00458 -0.0103 105 -0.0434 0.106 106 -0.0378 0.0926 107 -0.19 0.425 108 -0.0488 0.11 109 0.232 -0.57 164 0.00954 0.00389 165 0.0664 0.0296 166 -0.229 -0.0936 167 -0.199 -0.0814 179 -0.00839 0.0206 
115
8 0.0835 -0.126 50 0.61 0.403 51 -0.054 -0.249 133 0.6 -0.13 
116
8 -0.0193 0.04 50 -0.193 -0.093 51 -0.0983 0.36 133 -0.87 -0.237 
117
6 0.0493 -0.0052 40 0.0184 0.175 41 0.0136 0.129 42 0.117 -0.0824 46 0.026 -0.0414 47 0.159 0.122 119 0.0343 -0.00361 120 0.0739 0.105 121 0.144 0.204 125 0.0372 0.0233 126 0.0726 0.0455 127 -0.433 0.563 128 -0.318 0.414 169 0.0162 -0.0115 171 0.00361 -0.00576 172 0.11 0.0848 
118
6 -0.0227 0.00643 40 -0.0228 -0.0805 41 -0.0168 -0.0592 42 -0.0331 0.191 46 -0.263 0.207 47 -0.0301 -0.107 119 -0.0158 0.00447 120 -0.171 -0.0297 121 -0.334 -0.058 125 -0.186 -0.236 126 -0.363 -0.46 127 0.379 -0.107 128 0.279 -0.0785 169 -0.0046 0.0265 171 -0.0365 0.0288 172 -0.0209 -0.0742 
119
6 -0.00958 -0.0167 40 0.0591 -0.034 41 0.0435 -0.025 42 -0.341 0.143 46 -0.244 0.0651 47 -0.0032 -0.0211 119 -0.00666 -0.0116 120 -0.129 -0.306 121 -0.251 -0.597 125 -0.0584 -0.219 126 -0.114 -0.428 127 0.075 -0.0113 128 0.0551 -0.00835 169 -0.0474 0.0199 171 -0.034 0.00905 172 -0.00222 -0.0147 
120
6 -0.156 0.139 40 -0.494 -0.555 41 -0.363 -0.408 42 -0.116 -0.0179 46 -0.0433 0.0253 47 0.0128 0.0104 119 -0.109 0.0967 120 0.0161 -0.104 121 0.0314 -0.203 125 -0.0227 -0.0388 126 -0.0443 -0.0759 127 -0.037 0.0453 128 -0.0272 0.0333 169 -0.0161 -0.00249 171 -0.00602 0.00351 172 0.00888 0.00725 
121
5 -0.0139 0.021 18 -0.594 0.212 37 -0.0533 -0.0352 38 -0.0728 -0.0481 39 -0.0998 -0.0159 74 0.0985 0.276 75 -0.107 0.666 112 -0.0129 0.0195 114 -0.00644 0.00975 115 0.00426 -0.0268 116 0.0159 -0.0998 117 0.0159 -0.0998 118 0.00917 -0.0576 155 0.103 0.0166 168 -0.0463 -0.00737 
122
5 -0.0232 -0.0234 18 0.196 -0.174 37 0.0595 -0.0589 38 0.0812 -0.0804 39 0.0254 -0.0454 74 -0.0807 -0.0909 75 0.848 0.38 112 -0.0216 -0.0218 114 -0.0108 -0.0109 115 0.0122 0.0068 116 0.0454 0.0254 117 0.0454 0.0254 118 0.0262 0.0147 155 0.0588 -0.131 168 0.0118 -0.0211 
123
5 0.0331 -0.16 18 -0.213 0.0648 37 0.405 0.0839 38 0.553 0.115 39 0.015 0.32 74 0.0301 0.099 75 0.0144 0.15 112 0.0307 -0.148 114 0.0153 -0.0741 115 -0.0857 0.00401 116 -0.32 0.015 117 -0.32 0.015 118 -0.185 0.00865 155 0.0232 -0.00223 168 0.00695 0.148 
124
5 0.00417 0.201 18 -0.0326 -0.132 37 -0.509 0.0106 38 -0.695 0.0144 39 0.187 0.0754 74 -0.0614 0.0151 75 0.0589 0.00471 112 0.00387 0.186 114 0.00193 0.0931 115 -0.0202 0.0501 116 -0.0754 0.187 117 -0.0754 0.187 118 -0.0435 0.108 155 0.000728 -0.00912 168 0.0868 0.035 
125
4 0.0605 -0.0795 19 -0.0283 0.041 36 0.318 0.242 76 -0.00167 -0.000216 110 -0.5 0.647 111 0.242 -0.318 
126
4 0.0101 0.0295 19 0.534 -0.808 36 -0.118 0.0403 76 -0.148 -0.0539 110 0.0613 0.0311 111 0.0403 0.118 
127
4 0.0576 0.117 19 0.0516 -0.0236 36 -0.47 0.231 76 0.531 0.25 110 0.144 0.258 111 0.231 0.47 
128
4 0.131 0.0717 19 0.0406 -0.0249 36 -0.287 0.524 76 0.371 0.11 110 0.304 0.139 111 0.524 0.287 
129
0 0.117 0.00611 22 -0.022 0.421 23 0.00573 -0.11 24 0.037 -0.708 78 0.142 0.00741 79 0.132 0.00692 80 0.346 0.0181 81 0.132 0.00692 83 0.132 0.00692 84 0.204 0.0107 85 0.173 0.00904 86 0.132 0.00692 156 0.00392 -0.075 158 0.00392 -0.075 
130
15 0.689 -0.248 67 -0.206 -0.571 68 -0.0696 -0.276 151 -0.114 0.0288 
131
15 0.314 0.00505 67 0.00419 -0.26 68 -0.651 0.537 151 0.222 0.27 
132
3 -0.157 -0.122 32 0.432 -0.556 33 0.318 -0.409 34 -0.00408 0.00511 35 -0.0565 0.0728 104 -0.109 -0.0846 105 -0.00459 -0.00366 106 -0.00896 -0.00716 107 -0.258 -0.2 108 -0.19 -0.147 109 0.000791 0.000632 164 -0.000568 0.000711 165 -0.0393 0.0506 166 -0.000567 0.00071 167 -0.00111 0.00139 179 0.00011 8.78e-05 
133
3 -1.64e-05 0.00332 32 -0.0118 -5.81e-05 33 -0.00866 -4.27e-05 34 0.231 0.382 35 0.00154 7.6e-06 104 -1.14e-05 0.00231 105 -0.343 0.207 106 -0.67 0.405 107 -2.7e-05 0.00546 108 -1.98e-05 0.00402 109 0.0591 -0.0357 164 0.0321 0.0531 165 0.00107 5.28e-06 166 0.032 0.0531 167 0.0626 0.104 179 0.00822 -0.00496 
134
1 0.122 -0.169 25 0.289 0.208 26 0.607 0.436 27 0.289 0.208 28 -0.0972 0.000756 87 0.122 -0.169 88 0.0508 -0.0706 89 0.107 -0.148 90 0.0508 -0.0706 91 0.0661 -0.0919 92 1.79e-05 0.0023 93 -0.000387 -0.0497 94 -0.000387 -0.0497 95 -0.000554 -0.0711 96 -0.000958 -0.123 159 -0.0281 -0.0202 160 -0.0283 0.00022 161 -0.0405 0.000315 162 -0.0283 0.00022 178 1.79e-05 0.0023 
135
1 0.036 0.0139 25 -0.0238 0.0616 26 -0.0499 0.129 27 -0.0238 0.0616 28 -0.000756 0.491 87 0.036 0.0139 88 0.015 0.00581 89 0.0315 0.0122 90 0.015 0.00581 91 0.0195 0.00755 92 0.0116 1.79e-05 93 -0.251 -0.000387 94 -0.251 -0.000387 95 -0.359 -0.000554 96 -0.622 -0.000959 159 0.00231 -0.00598 160 -0.000221 0.143 161 -0.000315 0.205 162 -0.000221 0.143 178 0.0116 1.79e-05 
136
2 -0.000275 -0.00152 16 0.126 0.116 29 0.00385 -0.000697 30 0.00526 -0.000952 31 0.00565 0.000566 69 0.0539 -0.0586 70 0.0653 0.0156 71 0.641 0.169 72 0.319 0.563 97 -0.000255 -0.00141 99 -0.000127 -0.000705 100 -0.000152 0.00151 101 -0.000566 0.00565 102 -0.000566 0.00565 103 -0.000327 0.00326 152 0.00241 -0.0101 153 0.0262 -0.0992 154 0.261 -0.148 163 0.00262 0.000263 
137
2 0.0014 -0.00314 16 -0.0673 0.788 29 0.00797 0.00355 30 0.0109 0.00485 31 0.0134 0.0108 69 0.366 0.0312 70 -0.00977 0.0486 71 -0.2 0.247 72 -0.327 -0.0449 97 0.0013 -0.00292 99 0.00065 -0.00146 100 -0.0029 0.0036 101 -0.0108 0.0134 102 -0.0108 0.0134 103 -0.00624 0.00776 152 0.00753 0.00151 153 0.0382 0.0309 154 -0.0208 0.152 163 0.00624 0.00502 
138
2 0.000492 0.000735 16 0.0202 -0.00371 29 -0.00186 0.00125 30 -0.00254 0.00171 31 0.00442 -0.00159 69 -0.00172 -0.00936 70 0.115 0.0573 71 -0.737 -0.314 72 0.22 0.468 97 0.000457 0.000682 99 0.000228 0.000341 100 0.000426 0.00118 101 0.00159 0.00442 102 0.00159 0.00442 103 0.000917 0.00255 152 0.00886 -0.0177 153 -0.0486 0.114 154 0.217 -0.102 163 0.00205 -0.000737 
139
2 0.0276 -0.2 16 -0.00346 -0.00193 29 0.507 0.0699 30 0.693 0.0955 31 -0.203 -0.0635 69 -0.000896 0.0016 70 0.000206 -1.25e-05 71 0.000259 0.00123 72 0.000414 -0.00107 97 0.0256 -0.186 99 0.0128 -0.0929 100 0.017 -0.0543 101 0.0635 -0.203 102 0.0635 -0.203 103 0.0366 -0.117 152 -1.94e-06 -3.18e-05 153 0.000191 -4e-05 154 -0.000495 -0.000192 163 -0.094 -0.0295 
140
2 -0.116 0.0549 16 -0.0427 0.0411 29 -0.139 -0.295 30 -0.19 -0.403 31 -0.167 -0.392 69 0.0191 0.0198 70 -1.87e-06 7.88e-05 71 0.00034 -0.00102 72 0.000467 0.000382 97 -0.108 0.051 99 -0.054 0.0255 100 0.105 -0.0446 101 0.392 -0.167 102 0.392 -0.167 103 0.226 -0.0961 152 1.22e-05 0 153 -0.000158 -5.26e-05 154 0.000177 -0.000217 163 -0.0773 -0.182 
141
2 -0.014 0.0113 16 -0.0272 0.0216 29 -0.0287 -0.0356 30 -0.0392 -0.0486 31 -0.025 -0.0447 69 0.01 0.0126 70 0.541 -0.808 71 0.0303 -0.0365 72 -0.101 0.0207 97 -0.013 0.0105 99 -0.00651 0.00525 100 0.012 -0.00669 101 0.0447 -0.025 102 0.0447 -0.025 103 0.0258 -0.0144 152 -0.125 -0.0836 153 -0.00564 -0.00468 154 0.00961 0.047 163 -0.0116 -0.0207 
142
17 0.589 0.808 73 -0.0173 0.0152 
143
17 0.00714 0.0027 73 -0.345 0.939 
144
10 0.299 0.532 54 0.614 -0.346 55 0.158 -0.0891 56 0.248 0.0698 138 -0.054 -0.096 139 0.0281 -0.0999 140 0.0244 -0.0869 176 -0.00895 -0.00252 
145
10 0.594 -0.145 54 -0.167 -0.686 55 -0.0432 -0.177 56 -0.0693 -0.244 138 -0.107 0.0262 139 -0.0983 0.0279 140 -0.0855 0.0243 176 0.0025 0.00881 
146
11 0.00913 -0.552 57 -0.457 -0.00756 58 -0.18 0.0193 60 0.341 0.062 61 -0.383 -0.189 141 0.008 0.0744 144 0.0257 -0.141 145 -0.156 0.317 
147
11 0.0685 -0.0543 57 -0.045 -0.0567 58 -0.243 0.85 60 -0.0284 -0.0842 61 -0.0313 -0.19 141 0.352 0.1 144 -0.0349 0.0118 145 -0.157 0.0259 
148
11 -0.346 -0.186 57 -0.154 0.287 58 -0.0151 0.00536 60 -0.378 0.662 61 -0.0761 0.169 141 0.00222 0.00625 144 0.274 0.157 145 0.14 0.0631 
149
11 0.114 -0.445 57 -0.369 -0.0947 58 0.117 0.112 60 0.0456 -0.138 61 0.533 0.256 141 0.0466 -0.0485 144 -0.057 -0.0189 145 0.212 -0.441 
150
12 0.722 -0.0304 59 -0.0282 -0.67 62 -0.00235 -0.055 143 -0.156 0.00655 146 -0.00851 0.000363 147 -0.0255 0.00109 177 0.000168 0.00395 
151
12 0.059 -0.0456 59 -0.0424 -0.0548 62 -0.414 0.79 143 -0.0127 0.00983 146 0.122 0.064 147 0.366 0.192 177 0.0297 -0.0567 
152
0 -0.202 0.000552 22 -0.000556 -0.204 23 -0.00187 -0.686 24 -0.00147 -0.539 78 -0.197 0.000538 79 -0.142 0.000388 80 -0.154 0.00042 81 -0.142 0.000388 83 -0.142 0.000388 84 0.0436 -0.000119 85 -0.0769 0.00021 86 -0.142 0.000388 156 0.000136 0.0499 158 0.000136 0.0499 
153
5 -0.0133 0.0061 13 0.0209 0.00463 37 0.00893 0.0195 38 0.00327 0.00715 39 0.00236 0.00985 63 0.00215 -0.00968 64 0.127 0.103 65 -0.767 -0.115 66 -0.528 -0.117 112 0.00413 -0.00189 114 0.00206 -0.000943 115 0.00393 -0.000941 116 0.00328 -0.000786 117 0.00328 -0.000786 118 0.000879 -0.000211 148 0.0159 -0.0196 149 -0.0178 0.119 150 -0.0541 0.245 168 -0.000365 -0.00152 
154
5 -0.00889 -0.0552 13 0.74 0.501 37 -0.0809 0.013 38 -0.0296 0.00477 39 -0.0827 -0.00245 63 0.233 -0.344 64 0.0322 -0.0586 65 -0.00591 -0.0403 66 0.0259 0.0165 112 0.00275 0.0171 114 0.00138 0.00854 115 -0.000977 0.033 116 -0.000817 0.0276 117 -0.000817 0.0276 118 -0.000219 0.00739 148 -0.00907 -0.00498 149 -0.00624 0.000914 150 0.00767 -0.012 168 0.0128 0.000379 
155
5 0.034 0.0318 13 0.0338 0.0661 37 0.0466 -0.0498 38 0.0171 -0.0182 39 0.0857 -0.0665 63 0.0307 -0.0157 64 0.248 -0.194 65 0.472 0.0597 66 -0.671 -0.27 112 -0.0105 -0.00985 114 -0.00526 -0.00492 115 -0.0265 -0.0342 116 -0.0222 -0.0286 117 -0.0222 -0.0286 118 -0.00594 -0.00765 148 -0.03 -0.0384 149 0.00924 -0.0731 150 -0.125 0.311 168 -0.0133 0.0103 
156
5 -0.122 0.283 13 0.00981 0.0118 37 0.414 0.178 38 0.151 0.0652 39 0.609 0.315 63 0.0055 -0.00455 64 0.0022 0.0013 65 0.000949 -0.000413 66 -9.21e-06 0.000829 112 0.0376 -0.0874 114 0.0188 -0.0437 115 0.125 -0.243 116 0.105 -0.203 117 0.105 -0.203 118 0.0281 -0.0544 148 0.000201 -0.00034 149 -6.39e-05 -0.000147 150 0.000385 4.27e-06 168 -0.0942 -0.0487 
157
5 -0.0287 0.0105 13 0.0119 0.0776 37 0.0154 0.042 38 0.00563 0.0154 39 0.0221 0.0711 63 0.036 -0.00555 64 0.806 -0.265 65 0.0242 -0.299 66 0.228 0.271 112 0.00889 -0.00325 114 0.00444 -0.00163 115 0.0284 -0.00881 116 0.0237 -0.00736 117 0.0237 -0.00736 118 0.00635 -0.00197 148 -0.041 -0.125 149 -0.0463 -0.00374 150 0.126 -0.106 168 -0.00342 -0.011 
158
5 0.294 0.321 13 -0.00326 0.00562 37 0.47 -0.43 38 0.172 -0.157 39 -0.328 0.353 63 0.00261 0.00151 64 -0.00506 -0.00212 65 0.00356 0.00197 66 -0.00133 -0.00553 112 -0.0908 -0.0993 114 -0.0454 -0.0497 115 0.141 0.131 116 0.118 0.109 117 0.118 0.109 118 0.0315 0.0293 148 -0.000329 0.000783 149 0.000305 -0.000551 150 -0.00256 0.000615 168 0.0508 -0.0546 
159
14 0.647 0.763 
160
6 -0.585 0.101 40 0.116 0.675 41 0.03 0.174 42 0.0113 0.08 46 0.0495 0.277 47 0.0156 0.101 119 0.105 -0.0182 120 0.0322 -0.00454 121 0.028 -0.00395 125 0.112 -0.0199 126 0.0972 -0.0173 127 0.116 -0.018 128 0.03 -0.00464 169 -0.000407 -0.00289 171 -0.00179 -0.01 172 -0.00281 -0.0182 
161
6 0.191 0.193 40 0.224 -0.221 41 0.0576 -0.0569 42 0.0568 -0.0258 46 -0.523 0.526 47 -0.131 0.16 119 -0.0345 -0.0349 120 -0.0104 -0.0229 121 -0.00902 -0.0199 125 0.212 0.211 126 0.184 0.183 127 0.185 0.152 128 0.0476 0.0391 169 -0.00205 0.00093 171 0.0189 -0.019 172 0.0237 -0.0288 
162
6 0.0236 -0.0147 40 -0.017 -0.0273 41 -0.00437 -0.00704 42 0.3 0.476 46 -0.181 -0.299 47 0.225 0.355 119 -0.00427 0.00265 120 0.192 -0.121 121 0.167 -0.105 125 -0.12 0.0729 126 -0.105 0.0634 127 0.41 -0.26 128 0.106 -0.067 169 -0.0108 -0.0172 171 0.00653 0.0108 172 -0.0406 -0.064 
163
6 0.0233 0.0198 40 0.0229 -0.027 41 0.00589 -0.00695 42 -0.415 0.508 46 -0.166 0.185 47 0.244 -0.298 119 -0.00421 -0.00357 120 0.205 0.167 121 0.178 0.145 125 0.0746 0.0668 126 0.0648 0.0581 127 -0.344 -0.282 128 -0.0888 -0.0727 169 0.015 -0.0183 171 0.00599 -0.00668 172 -0.0441 0.0538 
164
7 -0.363 -0.542 43 -0.449 0.301 44 -0.0157 0.0104 45 -0.252 0.168 48 -0.201 0.134 49 -0.136 0.083 122 0.00431 0.00651 123 0.14 0.208 124 0.00161 0.00243 129 0.0556 0.0834 130 0.0688 0.113 131 0.0623 0.0934 132 0.0128 0.0211 170 0.00101 -0.000667 173 0.0387 -0.0258 174 0.0175 -0.0106 
165
7 0.202 0.0396 43 0.0328 -0.168 44 0.0127 0.0116 45 0.0184 -0.0939 48 -0.256 0.743 49 0.0159 0.138 122 0.00481 -0.00528 123 -0.0778 -0.0152 124 0.00179 -0.00197 129 0.308 0.106 130 0.114 -0.0131 131 0.345 0.119 132 0.0213 -0.00245 170 -0.000817 -0.000743 173 0.0492 -0.143 174 -0.00203 -0.0176 
166
7 0.00817 0.0159 43 0.0131 -0.00677 44 0.186 0.868 45 0.00736 -0.00379 48 0.0753 0.054 49 -0.142 -0.0615 122 0.36 -0.0769 123 -0.00314 -0.00609 124 0.134 -0.0287 129 0.0223 -0.0312 130 -0.0509 0.118 131 0.025 -0.035 132 -0.00951 0.022 170 -0.0119 -0.0556 173 -0.0145 -0.0104 174 0.0182 0.00788 
167
7 0.103 -0.116 43 -0.0962 -0.0857 44 0.036 0.107 45 -0.0539 -0.048 48 -0.0891 -0.156 49 0.483 0.53 122 0.0444 -0.0149 123 -0.0398 0.0447 124 0.0166 -0.00557 129 -0.0645 0.0369 130 0.439 -0.4 131 -0.0722 0.0414 132 0.0821 -0.0748 170 -0.00231 -0.00687 173 0.0171 0.0299 174 -0.0619 -0.068 
168
1 -0.15 -0.0014 25 -0.00247 0.264 26 -0.00104 0.112 27 -0.000305 0.0326 28 -0.00123 -0.748 87 0.0627 0.000587 88 0.0164 0.000153 89 0.0619 0.000579 90 0.0164 0.000153 91 0.0172 0.000161 92 -0.297 0.000488 93 -0.245 0.000402 94 -0.245 0.000402 95 -0.235 0.000386 96 -0.182 0.0003 159 9.17e-05 -0.00981 160 0.000182 0.11 161 0.000153 0.0928 162 0.000164 0.0995 178 0.007 -1.15e-05 
169
1 -0.417 0.000557 25 0.000981 0.735 26 0.000415 0.311 27 0.000121 0.0908 28 0.000357 0.268 87 0.175 -0.000233 88 0.0457 -6.1e-05 89 0.173 -0.00023 90 0.0457 -6.1e-05 91 0.048 -6.41e-05 92 0.106 -0.000142 93 0.0875 -0.000117 94 0.0875 -0.000117 95 0.084 -0.000112 96 0.0653 -8.72e-05 159 -3.65e-05 -0.0273 160 -5.27e-05 -0.0395 161 -4.43e-05 -0.0332 162 -4.75e-05 -0.0356 178 -0.00251 3.34e-06 
170
8 0.753 0.128 50 0.106 -0.624 51 0.0193 -0.113 133 -0.0467 -0.00801 
171
8 -0.0483 -0.0405 50 -0.0336 0.04 51 0.569 -0.724 133 -0.3 -0.236 
172
9 -0.722 -0.00294 52 -0.00273 0.67 53 0.00331 0.0636 135 0.156 0.000632 136 0.00984 -0.000511 137 0.0295 -0.00153 175 -0.000237 -0.00457 
173
9 0.0122 0.000695 52 0.000645 -0.0113 53 -0.857 0.263 135 -0.00263 -0.00015 136 0.0406 0.133 137 0.122 0.398 175 0.0615 -0.0189 
174
2 -0.529 -0.000964 29 -0.00141 0.775 30 -0.000516 0.284 31 0.0196 -0.0611 97 0.164 0.000298 99 0.0819 0.000149 100 -0.0243 -0.00781 101 -0.0204 -0.00653 102 -0.0204 -0.00653 103 -0.00545 -0.00175 163 -0.00303 0.00944 
175
2 -0.204 0.0382 29 0.0559 0.299 30 0.0205 0.109 31 0.121 0.765 97 0.0632 -0.0118 99 0.0316 -0.00591 100 0.305 -0.0482 101 0.255 -0.0403 102 0.255 -0.0403 103 0.0683 -0.0108 163 -0.0187 -0.118 
176
3 0.0502 0.0242 32 0.0279 -0.0579 33 0.00719 -0.0149 34 -1.98e-05 0.867 35 0.0112 -0.0233 104 -0.00905 -0.00436 105 0.349 7.97e-06 106 0.304 6.93e-06 107 -0.0269 -0.013 108 -0.00693 -0.00334 109 0.134 3.06e-06 164 0 -0.0313 165 -0.00202 0.0042 166 1.23e-06 -0.054 167 1.07e-06 -0.047 179 -0.00484 0 
177
3 0.579 -0.0132 32 -0.0152 -0.669 33 -0.00392 -0.172 34 -0.00058 0.00115 35 -0.00612 -0.269 104 -0.104 0.00238 105 0.000462 0.000234 106 0.000402 0.000203 107 -0.31 0.00707 108 -0.08 0.00182 109 0.000178 8.97e-05 164 2.09e-05 -4.15e-05 165 0.0011 0.0485 166 3.61e-05 -7.15e-05 167 3.14e-05 -6.22e-05 179 -6.41e-06 -3.24e-06 
178
4 -0.487 9.23e-06 36 1.53e-05 0.807 111 0.334 -6.33e-06 
179
0 0.377 0 22 1.51e-06 -0.775 23 0 -0.354 24 0 -0.15 78 -0.196 0 79 -0.0733 0 80 -0.192 0 81 -0.0733 0 83 -0.0733 0 84 0.00447 0 85 -0.0958 0 86 -0.0733 0 156 0 0.0415 158 0 0.0415 
