0 4.41884 14.8019 4.41884
0.01 4.27262 14.4437 4.41705
0.02 4.12996 14.0888 4.41173
0.03 3.99083 13.7377 4.40296
0.04 3.85519 13.3908 4.39082
0.05 3.72299 13.0488 4.37543
0.06 3.5942 12.7119 4.35691
0.07 3.46874 12.3806 4.33538
0.08 3.34656 12.0553 4.31099
0.09 3.22761 11.7363 4.28388
0.1 3.11182 11.4239 4.25421
0.11 2.99911 11.1184 4.22213
0.12 2.88943 10.82 4.18782
0.13 2.78269 10.5289 4.15144
0.14 2.67882 10.2453 4.11317
0.15 2.57776 9.96935 4.07316
0.16 2.47941 9.70115 4.03159
0.17 2.38371 9.44078 3.98864
0.18 2.29057 9.18828 3.94446
0.19 2.19991 8.94369 3.89922
0.2 2.11167 8.70701 3.85307
0.21 2.02575 8.47821 3.80617
0.22 1.94208 8.25723 3.75867
0.23 1.86058 8.04401 3.7107
0.24 1.78117 7.83846 3.6624
0.25 1.70378 7.64046 3.6139
0.26 1.62834 7.44987 3.56531
0.27 1.55476 7.26657 3.51674
0.28 1.48298 7.09039 3.46829
0.29 1.41293 6.92116 3.42007
0.3 1.34454 6.7587 3.37215
0.31 1.27773 6.60282 3.32461
0.32 1.21246 6.45333 3.27753
0.33 1.14865 6.31003 3.23096
0.34 1.08624 6.17271 3.18496
0.35 1.02517 6.04116 3.13958
0.36 0.965397 5.91518 3.09486
0.37 0.906852 5.79456 3.05084
0.38 0.849488 5.67908 3.00754
0.39 0.793254 5.56856 2.96499
0.4 0.738101 5.46278 2.92321
0.41 0.683983 5.36154 2.88222
0.42 0.630856 5.26465 2.84201
0.43 0.578676 5.17193 2.80261
0.44 0.527404 5.08318 2.764
0.45 0.477 4.99822 2.7262
0.46 0.427428 4.91689 2.6892
0.47 0.378651 4.83902 2.65299
0.48 0.330636 4.76443 2.61756
0.49 0.283352 4.69299 2.58292
0.5 0.236767 4.62453 2.54903
0.51 0.190852 4.55892 2.5159
0.52 0.145579 4.49602 2.48351
0.53 0.100923 4.4357 2.45184
0.54 0.0568569 4.37783 2.42089
0.55 0.0133581 4.3223 2.39062
0.56 -0.0295965 4.26899 2.36104
0.57 -0.0720287 4.21779 2.33211
0.58 -0.113959 4.16861 2.30383
0.59 -0.155407 4.12134 2.27618
0.6 -0.196392 4.07588 2.24914
0.61 -0.236931 4.03217 2.22269
0.62 -0.277041 3.9901 2.19682
0.63 -0.316738 3.94961 2.17152
0.64 -0.356038 3.91061 2.14675
0.65 -0.394955 3.87304 2.12252
0.66 -0.433503 3.83683 2.09881
0.67 -0.471696 3.80192 2.07559
0.68 -0.509546 3.76824 2.05286
0.69 -0.547065 3.73574 2.0306
0.7 -0.584264 3.70437 2.00879
0.71 -0.621156 3.67407 1.98743
0.72 -0.657749 3.64479 1.9665
0.73 -0.694055 3.6165 1.94599
0.74 -0.730082 3.58915 1.92589
0.75 -0.765841 3.56269 1.90618
0.76 -0.801339 3.53709 1.88685
0.77 -0.836585 3.51232 1.8679
0.78 -0.871588 3.48833 1.84931
0.79 -0.906354 3.46509 1.83107
0.8 -0.940892 3.44258 1.81317
0.81 -0.975208 3.42076 1.79561
0.82 -1.00931 3.39961 1.77837
0.83 -1.0432 3.37909 1.76144
0.84 -1.07689 3.35919 1.74483
0.85 -1.11039 3.33988 1.72851
0.86 -1.14369 3.32114 1.71249
0.87 -1.17681 3.30294 1.69674
0.88 -1.20975 3.28527 1.68128
0.89 -1.24252 3.2681 1.66609
0.9 -1.27512 3.25142 1.65116
0.91 -1.30755 3.2352 1.63649
0.92 -1.33982 3.21944 1.62207
0.93 -1.37194 3.20412 1.60789
0.94 -1.40391 3.18922 1.59396
0.95 -1.43573 3.17472 1.58026
0.96 -1.4674 3.16062 1.56679
0.97 -1.49894 3.14689 1.55355
0.98 -1.53034 3.13353 1.54052
0.99 -1.56161 3.12053 1.52771
1 -1.59275 3.10787 1.51511
1.01 -1.62377 3.09553 1.50272
1.02 -1.65466 3.08352 1.49053
1.03 -1.68544 3.07182 1.47854
1.04 -1.7161 3.06042 1.46674
1.05 -1.74665 3.04932 1.45513
1.06 -1.77709 3.03849 1.44371
1.07 -1.80742 3.02794 1.43247
1.08 -1.83765 3.01765 1.42141
1.09 -1.86778 3.00762 1.41053
1.1 -1.8978 2.99784 1.39982
1.11 -1.92773 2.9883 1.38928
1.12 -1.95757 2.979 1.37891
1.13 -1.98731 2.96992 1.3687
1.14 -2.01697 2.96107 1.35865
1.15 -2.04654 2.95243 1.34876
1.16 -2.07602 2.944 1.33902
1.17 -2.10542 2.93577 1.32944
1.18 -2.13473 2.92775 1.32001
1.19 -2.16397 2.91991 1.31072
1.2 -2.19313 2.91226 1.30158
1.21 -2.22222 2.90479 1.29258
1.22 -2.25123 2.8975 1.28372
1.23 -2.28017 2.89038 1.275
1.24 -2.30904 2.88343 1.26641
1.25 -2.33784 2.87664 1.25796
1.26 -2.36657 2.87001 1.24964
1.27 -2.39524 2.86353 1.24144
1.28 -2.42384 2.8572 1.23338
1.29 -2.45238 2.85102 1.22543
1.3 -2.48086 2.84498 1.21761
1.31 -2.50928 2.83908 1.20991
1.32 -2.53764 2.83332 1.20233
1.33 -2.56595 2.82768 1.19487
1.34 -2.5942 2.82218 1.18752
1.35 -2.62239 2.8168 1.18028
1.36 -2.65053 2.81154 1.17316
1.37 -2.67862 2.8064 1.16614
1.38 -2.70666 2.80137 1.15923
1.39 -2.73465 2.79646 1.15243
1.4 -2.76259 2.79166 1.14573
1.41 -2.79049 2.78696 1.13913
1.42 -2.81833 2.78237 1.13264
1.43 -2.84613 2.77788 1.12624
1.44 -2.87389 2.7735 1.11994
1.45 -2.9016 2.7692 1.11374
1.46 -2.92927 2.76501 1.10763
1.47 -2.9569 2.7609 1.10162
1.48 -2.98449 2.75688 1.0957
1.49 -3.01204 2.75296 1.08986
1.5 -3.03955 2.74911 1.08412
1.51 -3.06702 2.74536 1.07846
1.52 -3.09446 2.74168 1.07289
1.53 -3.12186 2.73808 1.06741
1.54 -3.14922 2.73456 1.062
1.55 -3.17655 2.73112 1.05668
1.56 -3.20384 2.72775 1.05144
1.57 -3.23111 2.72445 1.04628
1.58 -3.25833 2.72122 1.0412
1.59 -3.28553 2.71806 1.03619
1.6 -3.31269 2.71497 1.03126
1.61 -3.33983 2.71195 1.02641
1.62 -3.36693 2.70899 1.02162
1.63 -3.39401 2.70609 1.01691
1.64 -3.42106 2.70325 1.01227
1.65 -3.44807 2.70047 1.0077
1.66 -3.47507 2.69775 1.0032
1.67 -3.50203 2.69509 0.998769
1.68 -3.52897 2.69248 0.994401
1.69 -3.55588 2.68993 0.990099
1.7 -3.58277 2.68743 0.985862
1.71 -3.60963 2.68498 0.981688
1.72 -3.63647 2.68258 0.977576
1.73 -3.66328 2.68023 0.973526
1.74 -3.69007 2.67793 0.969535
1.75 -3.71684 2.67568 0.965605
1.76 -3.74358 2.67348 0.961732
1.77 -3.77031 2.67131 0.957917
1.78 -3.79701 2.6692 0.954159
1.79 -3.82369 2.66712 0.950456
1.8 -3.85035 2.66509 0.946808
1.81 -3.87699 2.6631 0.943214
1.82 -3.90362 2.66115 0.939673
1.83 -3.93022 2.65924 0.936184
1.84 -3.9568 2.65736 0.932747
1.85 -3.98337 2.65553 0.92936
1.86 -4.00991 2.65373 0.926022
1.87 -4.03644 2.65196 0.922734
1.88 -4.06295 2.65024 0.919493
1.89 -4.08944 2.64854 0.9163
1.9 -4.11592 2.64688 0.913154
1.91 -4.14238 2.64525 0.910053
1.92 -4.16883 2.64366 0.906997
1.93 -4.19526 2.64209 0.903985
1.94 -4.22167 2.64056 0.901018
1.95 -4.24807 2.63906 0.898093
1.96 -4.27445 2.63758 0.89521
1.97 -4.30082 2.63614 0.892369
1.98 -4.32717 2.63472 0.889568
1.99 -4.35351 2.63333 0.886808
2 -4.37984 2.63196 0.884087
2.01 -4.40615 2.63063 0.881406
2.02 -4.43245 2.62931 0.878762
2.03 -4.45874 2.62803 0.876157
2.04 -4.48501 2.62677 0.873588
2.05 -4.51127 2.62553 0.871056
2.06 -4.53752 2.62431 0.868559
2.07 -4.56376 2.62312 0.866098
2.08 -4.58999 2.62195 0.863672
2.09 -4.6162 2.6208 0.86128
2.1 -4.6424 2.61968 0.858921
2.11 -4.66859 2.61857 0.856596
2.12 -4.69477 2.61749 0.854303
2.13 -4.72094 2.61642 0.852042
2.14 -4.7471 2.61538 0.849813
2.15 -4.77325 2.61436 0.847614
2.16 -4.79939 2.61335 0.845446
2.17 -4.82552 2.61236 0.843308
2.18 -4.85164 2.61139 0.8412
2.19 -4.87775 2.61044 0.839121
2.2 -4.90385 2.60951 0.83707
2.21 -4.92994 2.60859 0.835047
2.22 -4.95602 2.60769 0.833053
2.23 -4.98209 2.6068 0.831085
2.24 -5.00815 2.60594 0.829144
2.25 -5.03421 2.60508 0.82723
2.26 -5.06026 2.60425 0.825341
2.27 -5.08629 2.60342 0.823478
2.28 -5.11232 2.60262 0.82164
2.29 -5.13835 2.60182 0.819827
2.3 -5.16436 2.60104 0.818038
2.31 -5.19037 2.60028 0.816273
2.32 -5.21637 2.59953 0.814532
2.33 -5.24236 2.59879 0.812814
2.34 -5.26834 2.59806 0.811119
2.35 -5.29432 2.59735 0.809446
2.36 -5.32029 2.59665 0.807795
2.37 -5.34625 2.59596 0.806167
2.38 -5.37221 2.59528 0.804559
2.39 -5.39816 2.59462 0.802973
2.4 -5.4241 2.59396 0.801407
2.41 -5.45004 2.59332 0.799862
2.42 -5.47597 2.59269 0.798337
2.43 -5.50189 2.59207 0.796831
2.44 -5.52781 2.59146 0.795346
2.45 -5.55372 2.59086 0.793879
2.46 -5.57963 2.59027 0.792431
2.47 -5.60552 2.58969 0.791002
2.48 -5.63142 2.58912 0.789591
2.49 -5.65731 2.58856 0.788198
2.5 -5.68319 2.58801 0.786823
2.51 -5.70907 2.58746 0.785465
2.52 -5.73494 2.58693 0.784124
2.53 -5.76081 2.58641 0.782801
2.54 -5.78667 2.58589 0.781493
2.55 -5.81252 2.58538 0.780203
2.56 -5.83838 2.58488 0.778928
2.57 -5.86422 2.58439 0.77767
2.58 -5.89006 2.58391 0.776426
2.59 -5.9159 2.58344 0.775199
2.6 -5.94173 2.58297 0.773986
2.61 -5.96756 2.58251 0.772789
2.62 -5.99338 2.58206 0.771606
2.63 -6.0192 2.58161 0.770437
2.64 -6.04501 2.58117 0.769283
2.65 -6.07082 2.58074 0.768143
2.66 -6.09663 2.58032 0.767017
2.67 -6.12243 2.5799 0.765904
2.68 -6.14823 2.57949 0.764805
2.69 -6.17402 2.57909 0.763719
2.7 -6.19981 2.57869 0.762646
2.71 -6.22559 2.57829 0.761585
2.72 -6.25137 2.57791 0.760538
2.73 -6.27715 2.57753 0.759502
2.74 -6.30293 2.57715 0.758479
2.75 -6.32869 2.57679 0.757468
2.76 -6.35446 2.57642 0.756469
2.77 -6.38022 2.57607 0.755482
2.78 -6.40598 2.57572 0.754506
2.79 -6.43174 2.57537 0.753541
2.8 -6.45749 2.57503 0.752588
2.81 -6.48324 2.57469 0.751645
2.82 -6.50898 2.57436 0.750714
2.83 -6.53473 2.57403 0.749793
2.84 -6.56046 2.57371 0.748882
2.85 -6.5862 2.5734 0.747982
2.86 -6.61193 2.57309 0.747092
2.87 -6.63766 2.57278 0.746212
2.88 -6.66339 2.57248 0.745342
2.89 -6.68911 2.57218 0.744482
2.9 -6.71483 2.57188 0.743632
2.91 -6.74055 2.57159 0.742791
2.92 -6.76626 2.57131 0.741959
2.93 -6.79198 2.57103 0.741136
2.94 -6.81768 2.57075 0.740323
2.95 -6.84339 2.57048 0.739518
2.96 -6.86909 2.57021 0.738723
2.97 -6.89479 2.56994 0.737936
2.98 -6.92049 2.56968 0.737157
2.99 -6.94619 2.56942 0.736387
3 -6.97188 2.56917 0.735625
3.01 -6.99757 2.56892 0.734871
3.02 -7.02326 2.56867 0.734126
3.03 -7.04894 2.56843 0.733388
3.04 -7.07463 2.56819 0.732658
3.05 -7.10031 2.56795 0.731936
3.06 -7.12599 2.56772 0.731222
3.07 -7.15166 2.56748 0.730515
3.08 -7.17734 2.56726 0.729815
3.09 -7.20301 2.56703 0.729123
3.1 -7.22868 2.56681 0.728438
3.11 -7.25434 2.56659 0.72776
3.12 -7.28001 2.56638 0.727089
3.13 -7.30567 2.56616 0.726425
3.14 -7.33133 2.56596 0.725767
3.15 -7.35699 2.56575 0.725116
3.16 -7.38265 2.56554 0.724472
3.17 -7.4083 2.56534 0.723835
3.18 -7.43395 2.56514 0.723203
3.19 -7.4596 2.56495 0.722578
3.2 -7.48525 2.56475 0.72196
3.21 -7.5109 2.56456 0.721347
3.22 -7.53654 2.56437 0.720741
3.23 -7.56219 2.56419 0.72014
3.24 -7.58783 2.564 0.719545
3.25 -7.61347 2.56382 0.718956
3.26 -7.6391 2.56364 0.718373
3.27 -7.66474 2.56347 0.717796
3.28 -7.69037 2.56329 0.717224
3.29 -7.71601 2.56312 0.716657
3.3 -7.74164 2.56295 0.716096
3.31 -7.76726 2.56278 0.71554
3.32 -7.79289 2.56261 0.71499
3.33 -7.81852 2.56245 0.714444
3.34 -7.84414 2.56229 0.713904
3.35 -7.86976 2.56213 0.713369
3.36 -7.89538 2.56197 0.712839
3.37 -7.921 2.56181 0.712313
3.38 -7.94662 2.56166 0.711793
3.39 -7.97224 2.56151 0.711277
3.4 -7.99785 2.56136 0.710766
3.41 -8.02346 2.56121 0.71026
3.42 -8.04907 2.56106 0.709758
3.43 -8.07468 2.56092 0.709261
3.44 -8.10029 2.56077 0.708768
3.45 -8.1259 2.56063 0.708279
3.46 -8.15151 2.56049 0.707795
3.47 -8.17711 2.56035 0.707315
3.48 -8.20271 2.56022 0.70684
3.49 -8.22831 2.56008 0.706368
3.5 -8.25391 2.55995 0.705901
3.51 -8.27951 2.55981 0.705437
3.52 -8.30511 2.55968 0.704978
3.53 -8.33071 2.55955 0.704523
3.54 -8.3563 2.55943 0.704071
3.55 -8.38189 2.5593 0.703623
3.56 -8.40749 2.55918 0.703179
3.57 -8.43308 2.55905 0.702739
3.58 -8.45867 2.55893 0.702303
3.59 -8.48426 2.55881 0.70187
3.6 -8.50984 2.55869 0.70144
3.61 -8.53543 2.55857 0.701014
3.62 -8.56102 2.55846 0.700592
3.63 -8.5866 2.55834 0.700173
3.64 -8.61218 2.55823 0.699758
3.65 -8.63776 2.55811 0.699345
3.66 -8.66335 2.558 0.698936
3.67 -8.68892 2.55789 0.698531
3.68 -8.7145 2.55778 0.698128
3.69 -8.74008 2.55767 0.697729
3.7 -8.76566 2.55756 0.697333
3.71 -8.79123 2.55746 0.69694
3.72 -8.81681 2.55735 0.69655
3.73 -8.84238 2.55725 0.696163
3.74 -8.86795 2.55715 0.695779
3.75 -8.89352 2.55705 0.695397
3.76 -8.91909 2.55694 0.695019
3.77 -8.94466 2.55684 0.694644
3.78 -8.97023 2.55675 0.694271
3.79 -8.9958 2.55665 0.693901
3.8 -9.02136 2.55655 0.693534
3.81 -9.04693 2.55646 0.69317
3.82 -9.07249 2.55636 0.692808
3.83 -9.09805 2.55627 0.692449
3.84 -9.12362 2.55617 0.692092
3.85 -9.14918 2.55608 0.691738
3.86 -9.17474 2.55599 0.691386
3.87 -9.2003 2.5559 0.691037
3.88 -9.22586 2.55581 0.690691
3.89 -9.25141 2.55572 0.690347
3.9 -9.27697 2.55563 0.690005
3.91 -9.30253 2.55555 0.689665
3.92 -9.32808 2.55546 0.689328
3.93 -9.35363 2.55538 0.688993
3.94 -9.37919 2.55529 0.688661
3.95 -9.40474 2.55521 0.688331
3.96 -9.43029 2.55512 0.688002
3.97 -9.45584 2.55504 0.687676
3.98 -9.48139 2.55496 0.687353
3.99 -9.50694 2.55488 0.687031
4 -9.53249 2.5548 0.686711
4.01 -9.55804 2.55472 0.686394
4.02 -9.58359 2.55464 0.686078
4.03 -9.60913 2.55456 0.685765
4.04 -9.63468 2.55449 0.685453
4.05 -9.66022 2.55441 0.685144
4.06 -9.68576 2.55434 0.684836
4.07 -9.71131 2.55426 0.68453
4.08 -9.73685 2.55419 0.684226
4.09 -9.76239 2.55411 0.683924
4.1 -9.78793 2.55404 0.683624
4.11 -9.81347 2.55397 0.683326
4.12 -9.83901 2.55389 0.683029
4.13 -9.86455 2.55382 0.682734
4.14 -9.89009 2.55375 0.682441
4.15 -9.91563 2.55368 0.68215
4.16 -9.94116 2.55361 0.68186
4.17 -9.9667 2.55354 0.681572
4.18 -9.99223 2.55347 0.681285
4.19 -10.0178 2.55341 0.681
4.2 -10.0433 2.55334 0.680717
4.21 -10.0688 2.55327 0.680435
4.22 -10.0944 2.5532 0.680155
4.23 -10.1199 2.55314 0.679877
4.24 -10.1454 2.55307 0.6796
4.25 -10.171 2.55301 0.679324
4.26 -10.1965 2.55294 0.67905
4.27 -10.222 2.55288 0.678777
4.28 -10.2475 2.55282 0.678506
4.29 -10.2731 2.55275 0.678236
4.3 -10.2986 2.55269 0.677968
4.31 -10.3241 2.55263 0.6777
4.32 -10.3497 2.55257 0.677435
4.33 -10.3752 2.55251 0.67717
4.34 -10.4007 2.55245 0.676907
4.35 -10.4262 2.55238 0.676645
4.36 -10.4518 2.55232 0.676385
4.37 -10.4773 2.55227 0.676126
4.38 -10.5028 2.55221 0.675868
4.39 -10.5283 2.55215 0.675611
4.4 -10.5538 2.55209 0.675355
4.41 -10.5794 2.55203 0.675101
4.42 -10.6049 2.55197 0.674848
4.43 -10.6304 2.55192 0.674596
4.44 -10.6559 2.55186 0.674345
4.45 -10.6814 2.55181 0.674095
4.46 -10.707 2.55175 0.673847
4.47 -10.7325 2.55169 0.673599
4.48 -10.758 2.55164 0.673353
4.49 -10.7835 2.55158 0.673107
4.5 -10.809 2.55153 0.672863
4.51 -10.8345 2.55148 0.67262
4.52 -10.8601 2.55142 0.672378
4.53 -10.8856 2.55137 0.672136
4.54 -10.9111 2.55132 0.671896
4.55 -10.9366 2.55126 0.671657
4.56 -10.9621 2.55121 0.671419
4.57 -10.9876 2.55116 0.671181
4.58 -11.0131 2.55111 0.670945
4.59 -11.0386 2.55106 0.670709
4.6 -11.0641 2.551 0.670475
4.61 -11.0897 2.55095 0.670241
4.62 -11.1152 2.5509 0.670009
4.63 -11.1407 2.55085 0.669777
4.64 -11.1662 2.5508 0.669546
4.65 -11.1917 2.55075 0.669315
4.66 -11.2172 2.5507 0.669086
4.67 -11.2427 2.55066 0.668858
4.68 -11.2682 2.55061 0.66863
4.69 -11.2937 2.55056 0.668403
4.7 -11.3192 2.55051 0.668177
4.71 -11.3447 2.55046 0.667952
4.72 -11.3702 2.55042 0.667727
4.73 -11.3957 2.55037 0.667503
4.74 -11.4212 2.55032 0.66728
4.75 -11.4467 2.55027 0.667058
4.76 -11.4722 2.55023 0.666836
4.77 -11.4977 2.55018 0.666616
4.78 -11.5232 2.55013 0.666395
4.79 -11.5487 2.55009 0.666176
4.8 -11.5743 2.55004 0.665957
4.81 -11.5998 2.55 0.665739
4.82 -11.6253 2.54995 0.665522
4.83 -11.6507 2.54991 0.665305
4.84 -11.6762 2.54986 0.665089
4.85 -11.7017 2.54982 0.664873
4.86 -11.7272 2.54977 0.664658
4.87 -11.7527 2.54973 0.664444
4.88 -11.7782 2.54969 0.66423
4.89 -11.8037 2.54964 0.664017
4.9 -11.8292 2.5496 0.663805
4.91 -11.8547 2.54956 0.663593
4.92 -11.8802 2.54951 0.663381
4.93 -11.9057 2.54947 0.66317
4.94 -11.9312 2.54943 0.66296
4.95 -11.9567 2.54939 0.66275
4.96 -11.9822 2.54934 0.662541
4.97 -12.0077 2.5493 0.662332
4.98 -12.0332 2.54926 0.662124
4.99 -12.0587 2.54922 0.661917
5 -12.0842 2.54918 0.66171
5.01 -12.1097 2.54913 0.661503
5.02 -12.1352 2.54909 0.661297
5.03 -12.1606 2.54905 0.661091
5.04 -12.1861 2.54901 0.660886
5.05 -12.2116 2.54897 0.660681
5.06 -12.2371 2.54893 0.660477
5.07 -12.2626 2.54889 0.660273
5.08 -12.2881 2.54885 0.660069
5.09 -12.3136 2.54881 0.659866
5.1 -12.3391 2.54877 0.659664
5.11 -12.3646 2.54873 0.659461
5.12 -12.39 2.54869 0.65926
5.13 -12.4155 2.54865 0.659058
5.14 -12.441 2.54861 0.658857
5.15 -12.4665 2.54857 0.658657
5.16 -12.492 2.54854 0.658456
5.17 -12.5175 2.5485 0.658256
5.18 -12.543 2.54846 0.658057
5.19 -12.5684 2.54842 0.657858
5.2 -12.5939 2.54838 0.657659
5.21 -12.6194 2.54834 0.657461
5.22 -12.6449 2.54831 0.657262
5.23 -12.6704 2.54827 0.657065
5.24 -12.6959 2.54823 0.656867
5.25 -12.7213 2.54819 0.65667
5.26 -12.7468 2.54815 0.656473
5.27 -12.7723 2.54812 0.656277
5.28 -12.7978 2.54808 0.656081
5.29 -12.8233 2.54804 0.655885
5.3 -12.8487 2.54801 0.655689
5.31 -12.8742 2.54797 0.655494
5.32 -12.8997 2.54793 0.655299
5.33 -12.9252 2.5479 0.655104
5.34 -12.9507 2.54786 0.65491
5.35 -12.9761 2.54782 0.654715
5.36 -13.0016 2.54779 0.654521
5.37 -13.0271 2.54775 0.654328
5.38 -13.0526 2.54772 0.654134
5.39 -13.0781 2.54768 0.653941
5.4 -13.1035 2.54764 0.653748
5.41 -13.129 2.54761 0.653555
5.42 -13.1545 2.54757 0.653363
5.43 -13.18 2.54754 0.65317
5.44 -13.2054 2.5475 0.652978
5.45 -13.2309 2.54747 0.652787
5.46 -13.2564 2.54743 0.652595
5.47 -13.2819 2.5474 0.652403
5.48 -13.3073 2.54736 0.652212
5.49 -13.3328 2.54733 0.652021
5.5 -13.3583 2.54729 0.65183
5.51 -13.3837 2.54726 0.65164
5.52 -13.4092 2.54722 0.651449
5.53 -13.4347 2.54719 0.651259
5.54 -13.4602 2.54715 0.651069
5.55 -13.4856 2.54712 0.650879
5.56 -13.5111 2.54709 0.650689
5.57 -13.5366 2.54705 0.650499
5.58 -13.562 2.54702 0.65031
5.59 -13.5875 2.54698 0.65012
5.6 -13.613 2.54695 0.649931
5.61 -13.6385 2.54692 0.649742
5.62 -13.6639 2.54688 0.649553
5.63 -13.6894 2.54685 0.649364
5.64 -13.7149 2.54682 0.649176
5.65 -13.7403 2.54678 0.648987
5.66 -13.7658 2.54675 0.648799
5.67 -13.7913 2.54672 0.648611
5.68 -13.8167 2.54668 0.648423
5.69 -13.8422 2.54665 0.648235
5.7 -13.8677 2.54662 0.648047
5.71 -13.8931 2.54658 0.647859
5.72 -13.9186 2.54655 0.647671
5.73 -13.9441 2.54652 0.647483
5.74 -13.9695 2.54648 0.647296
5.75 -13.995 2.54645 0.647109
5.76 -14.0205 2.54642 0.646921
5.77 -14.0459 2.54639 0.646734
5.78 -14.0714 2.54635 0.646547
5.79 -14.0968 2.54632 0.64636
5.8 -14.1223 2.54629 0.646173
5.81 -14.1478 2.54626 0.645986
5.82 -14.1732 2.54623 0.645799
5.83 -14.1987 2.54619 0.645612
5.84 -14.2242 2.54616 0.645425
5.85 -14.2496 2.54613 0.645239
5.86 -14.2751 2.5461 0.645052
5.87 -14.3005 2.54607 0.644866
5.88 -14.326 2.54603 0.644679
5.89 -14.3515 2.546 0.644493
5.9 -14.3769 2.54597 0.644306
5.91 -14.4024 2.54594 0.64412
5.92 -14.4278 2.54591 0.643934
5.93 -14.4533 2.54588 0.643747
5.94 -14.4788 2.54585 0.643561
5.95 -14.5042 2.54581 0.643375
5.96 -14.5297 2.54578 0.643189
5.97 -14.5551 2.54575 0.643003
5.98 -14.5806 2.54572 0.642817
5.99 -14.606 2.54569 0.64263
6 -14.6315 2.54566 0.642444
6.01 -14.657 2.54563 0.642258
6.02 -14.6824 2.5456 0.642072
6.03 -14.7079 2.54557 0.641886
6.04 -14.7333 2.54553 0.6417
6.05 -14.7588 2.5455 0.641514
6.06 -14.7842 2.54547 0.641328
6.07 -14.8097 2.54544 0.641142
6.08 -14.8351 2.54541 0.640956
6.09 -14.8606 2.54538 0.64077
6.1 -14.8861 2.54535 0.640584
6.11 -14.9115 2.54532 0.640399
6.12 -14.937 2.54529 0.640213
6.13 -14.9624 2.54526 0.640027
6.14 -14.9879 2.54523 0.639841
6.15 -15.0133 2.5452 0.639655
6.16 -15.0388 2.54517 0.639469
6.17 -15.0642 2.54514 0.639282
6.18 -15.0897 2.54511 0.639096
6.19 -15.1151 2.54508 0.63891
6.2 -15.1406 2.54505 0.638724
6.21 -15.166 2.54502 0.638538
6.22 -15.1915 2.54499 0.638352
6.23 -15.2169 2.54496 0.638166
6.24 -15.2424 2.54493 0.63798
6.25 -15.2678 2.5449 0.637793
6.26 -15.2933 2.54487 0.637607
6.27 -15.3187 2.54484 0.637421
6.28 -15.3442 2.54481 0.637234
6.29 -15.3696 2.54478 0.637048
6.3 -15.3951 2.54475 0.636862
6.31 -15.4205 2.54472 0.636675
6.32 -15.446 2.54469 0.636489
6.33 -15.4714 2.54466 0.636302
6.34 -15.4969 2.54463 0.636116
6.35 -15.5223 2.5446 0.635929
6.36 -15.5477 2.54457 0.635742
6.37 -15.5732 2.54454 0.635556
6.38 -15.5986 2.54451 0.635369
6.39 -15.6241 2.54449 0.635182
6.4 -15.6495 2.54446 0.634995
6.41 -15.675 2.54443 0.634808
6.42 -15.7004 2.5444 0.634621
6.43 -15.7259 2.54437 0.634434
6.44 -15.7513 2.54434 0.634247
6.45 -15.7767 2.54431 0.63406
6.46 -15.8022 2.54428 0.633872
6.47 -15.8276 2.54425 0.633685
6.48 -15.8531 2.54422 0.633498
6.49 -15.8785 2.54419 0.63331
6.5 -15.904 2.54417 0.633123
6.51 -15.9294 2.54414 0.632935
6.52 -15.9548 2.54411 0.632748
6.53 -15.9803 2.54408 0.63256
6.54 -16.0057 2.54405 0.632372
6.55 -16.0312 2.54402 0.632184
6.56 -16.0566 2.54399 0.631996
6.57 -16.082 2.54396 0.631808
6.58 -16.1075 2.54394 0.63162
6.59 -16.1329 2.54391 0.631432
6.6 -16.1584 2.54388 0.631244
6.61 -16.1838 2.54385 0.631055
6.62 -16.2092 2.54382 0.630867
6.63 -16.2347 2.54379 0.630678
6.64 -16.2601 2.54377 0.63049
6.65 -16.2855 2.54374 0.630301
6.66 -16.311 2.54371 0.630112
6.67 -16.3364 2.54368 0.629923
6.68 -16.3619 2.54365 0.629734
6.69 -16.3873 2.54362 0.629545
6.7 -16.4127 2.5436 0.629356
6.71 -16.4382 2.54357 0.629167
6.72 -16.4636 2.54354 0.628978
6.73 -16.489 2.54351 0.628788
6.74 -16.5145 2.54348 0.628599
6.75 -16.5399 2.54345 0.628409
6.76 -16.5653 2.54343 0.628219
6.77 -16.5908 2.5434 0.62803
6.78 -16.6162 2.54337 0.62784
6.79 -16.6416 2.54334 0.62765
6.8 -16.6671 2.54331 0.62746
6.81 -16.6925 2.54329 0.62727
6.82 -16.7179 2.54326 0.627079
6.83 -16.7434 2.54323 0.626889
6.84 -16.7688 2.5432 0.626698
6.85 -16.7942 2.54317 0.626508
6.86 -16.8197 2.54315 0.626317
6.87 -16.8451 2.54312 0.626126
6.88 -16.8705 2.54309 0.625935
6.89 -16.896 2.54306 0.625744
6.9 -16.9214 2.54304 0.625553
6.91 -16.9468 2.54301 0.625362
6.92 -16.9723 2.54298 0.625171
6.93 -16.9977 2.54295 0.624979
6.94 -17.0231 2.54293 0.624788
6.95 -17.0485 2.5429 0.624596
6.96 -17.074 2.54287 0.624404
6.97 -17.0994 2.54284 0.624212
6.98 -17.1248 2.54281 0.62402
6.99 -17.1503 2.54279 0.623828
7 -17.1757 2.54276 0.623636
7.01 -17.2011 2.54273 0.623444
7.02 -17.2265 2.54271 0.623251
7.03 -17.252 2.54268 0.623058
7.04 -17.2774 2.54265 0.622866
7.05 -17.3028 2.54262 0.622673
7.06 -17.3282 2.5426 0.62248
7.07 -17.3537 2.54257 0.622287
7.08 -17.3791 2.54254 0.622094
7.09 -17.4045 2.54251 0.621901
7.1 -17.4299 2.54249 0.621707
7.11 -17.4554 2.54246 0.621514
7.12 -17.4808 2.54243 0.62132
7.13 -17.5062 2.5424 0.621126
7.14 -17.5316 2.54238 0.620932
7.15 -17.5571 2.54235 0.620738
7.16 -17.5825 2.54232 0.620544
7.17 -17.6079 2.5423 0.62035
7.18 -17.6333 2.54227 0.620156
7.19 -17.6588 2.54224 0.619961
7.2 -17.6842 2.54221 0.619767
7.21 -17.7096 2.54219 0.619572
7.22 -17.735 2.54216 0.619377
7.23 -17.7604 2.54213 0.619182
7.24 -17.7859 2.54211 0.618987
7.25 -17.8113 2.54208 0.618792
7.26 -17.8367 2.54205 0.618596
7.27 -17.8621 2.54203 0.618401
7.28 -17.8875 2.542 0.618205
7.29 -17.913 2.54197 0.618009
7.3 -17.9384 2.54195 0.617813
7.31 -17.9638 2.54192 0.617617
7.32 -17.9892 2.54189 0.617421
7.33 -18.0146 2.54187 0.617225
7.34 -18.0401 2.54184 0.617029
7.35 -18.0655 2.54181 0.616832
7.36 -18.0909 2.54178 0.616636
7.37 -18.1163 2.54176 0.616439
7.38 -18.1417 2.54173 0.616242
7.39 -18.1672 2.5417 0.616045
7.4 -18.1926 2.54168 0.615848
7.41 -18.218 2.54165 0.61565
7.42 -18.2434 2.54162 0.615453
7.43 -18.2688 2.5416 0.615255
7.44 -18.2942 2.54157 0.615058
7.45 -18.3197 2.54155 0.61486
7.46 -18.3451 2.54152 0.614662
7.47 -18.3705 2.54149 0.614464
7.48 -18.3959 2.54147 0.614266
7.49 -18.4213 2.54144 0.614067
7.5 -18.4467 2.54141 0.613869
7.51 -18.4721 2.54139 0.61367
7.52 -18.4976 2.54136 0.613471
7.53 -18.523 2.54133 0.613273
7.54 -18.5484 2.54131 0.613074
7.55 -18.5738 2.54128 0.612874
7.56 -18.5992 2.54125 0.612675
7.57 -18.6246 2.54123 0.612476
7.58 -18.65 2.5412 0.612276
7.59 -18.6754 2.54117 0.612077
7.6 -18.7009 2.54115 0.611877
7.61 -18.7263 2.54112 0.611677
7.62 -18.7517 2.5411 0.611477
7.63 -18.7771 2.54107 0.611276
7.64 -18.8025 2.54104 0.611076
7.65 -18.8279 2.54102 0.610876
7.66 -18.8533 2.54099 0.610675
7.67 -18.8787 2.54096 0.610474
7.68 -18.9041 2.54094 0.610273
7.69 -18.9295 2.54091 0.610072
7.7 -18.955 2.54089 0.609871
7.71 -18.9804 2.54086 0.60967
7.72 -19.0058 2.54083 0.609468
7.73 -19.0312 2.54081 0.609267
7.74 -19.0566 2.54078 0.609065
7.75 -19.082 2.54076 0.608863
7.76 -19.1074 2.54073 0.608661
7.77 -19.1328 2.5407 0.608459
7.78 -19.1582 2.54068 0.608257
7.79 -19.1836 2.54065 0.608054
7.8 -19.209 2.54063 0.607852
7.81 -19.2344 2.5406 0.607649
7.82 -19.2598 2.54057 0.607447
7.83 -19.2852 2.54055 0.607244
7.84 -19.3107 2.54052 0.60704
7.85 -19.3361 2.5405 0.606837
7.86 -19.3615 2.54047 0.606634
7.87 -19.3869 2.54044 0.60643
7.88 -19.4123 2.54042 0.606227
7.89 -19.4377 2.54039 0.606023
7.9 -19.4631 2.54037 0.605819
7.91 -19.4885 2.54034 0.605615
7.92 -19.5139 2.54032 0.605411
7.93 -19.5393 2.54029 0.605207
7.94 -19.5647 2.54026 0.605002
7.95 -19.5901 2.54024 0.604798
7.96 -19.6155 2.54021 0.604593
7.97 -19.6409 2.54019 0.604388
7.98 -19.6663 2.54016 0.604183
7.99 -19.6917 2.54014 0.603978
8 -19.7171 2.54011 0.603773
8.01 -19.7425 2.54008 0.603567
8.02 -19.7679 2.54006 0.603362
8.03 -19.7933 2.54003 0.603156
8.04 -19.8187 2.54001 0.60295
8.05 -19.8441 2.53998 0.602744
8.06 -19.8695 2.53996 0.602538
8.07 -19.8949 2.53993 0.602332
8.08 -19.9203 2.5399 0.602126
8.09 -19.9457 2.53988 0.601919
8.1 -19.9711 2.53985 0.601713
8.11 -19.9965 2.53983 0.601506
8.12 -20.0219 2.5398 0.601299
8.13 -20.0473 2.53978 0.601092
8.14 -20.0727 2.53975 0.600885
8.15 -20.0981 2.53973 0.600677
8.16 -20.1235 2.5397 0.60047
8.17 -20.1489 2.53968 0.600262
8.18 -20.1743 2.53965 0.600055
8.19 -20.1997 2.53962 0.599847
8.2 -20.2251 2.5396 0.599639
8.21 -20.2505 2.53957 0.599431
8.22 -20.2759 2.53955 0.599222
8.23 -20.3013 2.53952 0.599014
8.24 -20.3267 2.5395 0.598805
8.25 -20.3521 2.53947 0.598597
8.26 -20.3774 2.53945 0.598388
8.27 -20.4028 2.53942 0.598179
8.28 -20.4282 2.5394 0.59797
8.29 -20.4536 2.53937 0.597761
8.3 -20.479 2.53935 0.597551
8.31 -20.5044 2.53932 0.597342
8.32 -20.5298 2.5393 0.597132
8.33 -20.5552 2.53927 0.596922
8.34 -20.5806 2.53925 0.596713
8.35 -20.606 2.53922 0.596503
8.36 -20.6314 2.5392 0.596292
8.37 -20.6568 2.53917 0.596082
8.38 -20.6822 2.53914 0.595872
8.39 -20.7076 2.53912 0.595661
8.4 -20.7329 2.53909 0.59545
8.41 -20.7583 2.53907 0.59524
8.42 -20.7837 2.53904 0.595029
8.43 -20.8091 2.53902 0.594818
8.44 -20.8345 2.53899 0.594606
8.45 -20.8599 2.53897 0.594395
8.46 -20.8853 2.53894 0.594183
8.47 -20.9107 2.53892 0.593972
8.48 -20.9361 2.53889 0.59376
8.49 -20.9615 2.53887 0.593548
8.5 -20.9868 2.53884 0.593336
8.51 -21.0122 2.53882 0.593124
8.52 -21.0376 2.53879 0.592912
8.53 -21.063 2.53877 0.592699
8.54 -21.0884 2.53874 0.592487
8.55 -21.1138 2.53872 0.592274
8.56 -21.1392 2.53869 0.592061
8.57 -21.1646 2.53867 0.591848
8.58 -21.1899 2.53865 0.591635
8.59 -21.2153 2.53862 0.591422
8.6 -21.2407 2.5386 0.591209
8.61 -21.2661 2.53857 0.590995
8.62 -21.2915 2.53855 0.590782
8.63 -21.3169 2.53852 0.590568
8.64 -21.3423 2.5385 0.590354
8.65 -21.3676 2.53847 0.59014
8.66 -21.393 2.53845 0.589926
8.67 -21.4184 2.53842 0.589712
8.68 -21.4438 2.5384 0.589497
8.69 -21.4692 2.53837 0.589283
8.7 -21.4946 2.53835 0.589068
8.71 -21.5199 2.53832 0.588853
8.72 -21.5453 2.5383 0.588638
8.73 -21.5707 2.53827 0.588423
8.74 -21.5961 2.53825 0.588208
8.75 -21.6215 2.53822 0.587993
8.76 -21.6469 2.5382 0.587777
8.77 -21.6722 2.53818 0.587562
8.78 -21.6976 2.53815 0.587346
8.79 -21.723 2.53813 0.58713
8.8 -21.7484 2.5381 0.586915
8.81 -21.7738 2.53808 0.586698
8.82 -21.7991 2.53805 0.586482
8.83 -21.8245 2.53803 0.586266
8.84 -21.8499 2.538 0.58605
8.85 -21.8753 2.53798 0.585833
8.86 -21.9007 2.53795 0.585616
8.87 -21.926 2.53793 0.585399
8.88 -21.9514 2.53791 0.585182
8.89 -21.9768 2.53788 0.584965
8.9 -22.0022 2.53786 0.584748
8.91 -22.0276 2.53783 0.584531
8.92 -22.0529 2.53781 0.584313
8.93 -22.0783 2.53778 0.584096
8.94 -22.1037 2.53776 0.583878
8.95 -22.1291 2.53774 0.58366
8.96 -22.1544 2.53771 0.583442
8.97 -22.1798 2.53769 0.583224
8.98 -22.2052 2.53766 0.583006
8.99 -22.2306 2.53764 0.582788
9 -22.256 2.53761 0.582569
9.01 -22.2813 2.53759 0.582351
9.02 -22.3067 2.53757 0.582132
9.03 -22.3321 2.53754 0.581913
9.04 -22.3575 2.53752 0.581694
9.05 -22.3828 2.53749 0.581475
9.06 -22.4082 2.53747 0.581256
9.07 -22.4336 2.53744 0.581037
9.08 -22.459 2.53742 0.580817
9.09 -22.4843 2.5374 0.580598
9.1 -22.5097 2.53737 0.580378
9.11 -22.5351 2.53735 0.580158
9.12 -22.5605 2.53732 0.579939
9.13 -22.5858 2.5373 0.579719
9.14 -22.6112 2.53728 0.579498
9.15 -22.6366 2.53725 0.579278
9.16 -22.6619 2.53723 0.579058
9.17 -22.6873 2.5372 0.578837
9.18 -22.7127 2.53718 0.578617
9.19 -22.7381 2.53715 0.578396
9.2 -22.7634 2.53713 0.578175
9.21 -22.7888 2.53711 0.577954
9.22 -22.8142 2.53708 0.577733
9.23 -22.8395 2.53706 0.577512
9.24 -22.8649 2.53703 0.57729
9.25 -22.8903 2.53701 0.577069
9.26 -22.9157 2.53699 0.576847
9.27 -22.941 2.53696 0.576626
9.28 -22.9664 2.53694 0.576404
9.29 -22.9918 2.53692 0.576182
9.3 -23.0171 2.53689 0.57596
9.31 -23.0425 2.53687 0.575738
9.32 -23.0679 2.53684 0.575515
9.33 -23.0932 2.53682 0.575293
9.34 -23.1186 2.5368 0.57507
9.35 -23.144 2.53677 0.574848
9.36 -23.1693 2.53675 0.574625
9.37 -23.1947 2.53672 0.574402
9.38 -23.2201 2.5367 0.574179
9.39 -23.2454 2.53668 0.573956
9.4 -23.2708 2.53665 0.573733
9.41 -23.2962 2.53663 0.57351
9.42 -23.3215 2.53661 0.573286
9.43 -23.3469 2.53658 0.573063
9.44 -23.3723 2.53656 0.572839
9.45 -23.3976 2.53653 0.572615
9.46 -23.423 2.53651 0.572391
9.47 -23.4484 2.53649 0.572167
9.48 -23.4737 2.53646 0.571943
9.49 -23.4991 2.53644 0.571719
9.5 -23.5245 2.53642 0.571495
9.51 -23.5498 2.53639 0.57127
9.52 -23.5752 2.53637 0.571046
9.53 -23.6006 2.53635 0.570821
9.54 -23.6259 2.53632 0.570596
9.55 -23.6513 2.5363 0.570371
9.56 -23.6766 2.53627 0.570146
9.57 -23.702 2.53625 0.569921
9.58 -23.7274 2.53623 0.569696
9.59 -23.7527 2.5362 0.56947
9.6 -23.7781 2.53618 0.569245
9.61 -23.8035 2.53616 0.569019
9.62 -23.8288 2.53613 0.568794
9.63 -23.8542 2.53611 0.568568
9.64 -23.8795 2.53609 0.568342
9.65 -23.9049 2.53606 0.568116
9.66 -23.9303 2.53604 0.56789
9.67 -23.9556 2.53602 0.567664
9.68 -23.981 2.53599 0.567438
9.69 -24.0063 2.53597 0.567211
9.7 -24.0317 2.53595 0.566985
9.71 -24.0571 2.53592 0.566758
9.72 -24.0824 2.5359 0.566531
9.73 -24.1078 2.53588 0.566304
9.74 -24.1331 2.53585 0.566077
9.75 -24.1585 2.53583 0.56585
9.76 -24.1838 2.53581 0.565623
9.77 -24.2092 2.53578 0.565396
9.78 -24.2346 2.53576 0.565169
9.79 -24.2599 2.53574 0.564941
9.8 -24.2853 2.53571 0.564713
9.81 -24.3106 2.53569 0.564486
9.82 -24.336 2.53567 0.564258
9.83 -24.3613 2.53564 0.56403
9.84 -24.3867 2.53562 0.563802
9.85 -24.4121 2.5356 0.563574
9.86 -24.4374 2.53557 0.563346
9.87 -24.4628 2.53555 0.563117
9.88 -24.4881 2.53553 0.562889
9.89 -24.5135 2.53551 0.562661
9.9 -24.5388 2.53548 0.562432
9.91 -24.5642 2.53546 0.562203
9.92 -24.5895 2.53544 0.561974
9.93 -24.6149 2.53541 0.561745
9.94 -24.6403 2.53539 0.561516
9.95 -24.6656 2.53537 0.561287
9.96 -24.691 2.53534 0.561058
9.97 -24.7163 2.53532 0.560829
9.98 -24.7417 2.5353 0.560599
9.99 -24.767 2.53527 0.56037
10 -24.7924 2.53525 0.56014
