0 12.8495 15.9445 12.8495
0.02 12.5487 14.1342 12.8314
0.04 12.284 12.3412 12.7777
0.06 12.0549 10.571 12.6892
0.08 11.861 8.82845 12.5673
0.1 11.7016 7.11816 12.4134
0.12 11.576 5.44452 12.2294
0.14 11.4835 3.81178 12.0172
0.16 11.4233 2.22407 11.7791
0.18 11.3942 0.685497 11.5176
0.2 11.3955 -0.799861 11.2355
0.22 11.4259 -2.22798 10.9357
0.24 11.4842 -3.59496 10.6214
0.26 11.5692 -4.89712 10.296
0.28 11.6796 -6.13117 9.9629
0.3 11.814 -7.2944 9.62568
0.32 11.9709 -8.3848 9.28778
0.34 12.1489 -9.40125 8.95247
0.36 12.3465 -10.3436 8.62278
0.38 12.5622 -11.2126 8.30135
0.4 12.7945 -12.0101 7.99045
0.42 13.0421 -12.7386 7.69187
0.44 13.3036 -13.4015 7.40696
0.46 13.5777 -14.0024 7.13663
0.48 13.8633 -14.5457 6.8814
0.5 14.1592 -15.0355 6.64145
0.52 14.4644 -15.4765 6.41665
0.54 14.778 -15.8728 6.20666
0.56 15.0991 -16.2288 6.01095
0.58 15.4269 -16.5483 5.82886
0.6 15.7608 -16.8352 5.65967
0.62 16.1001 -17.0928 5.50259
0.64 16.4443 -17.3242 5.3568
0.66 16.7929 -17.5324 5.22152
0.68 17.1455 -17.7199 5.09595
0.7 17.5016 -17.8889 4.97934
0.72 17.8609 -18.0416 4.87097
0.74 18.2231 -18.1797 4.77016
0.76 18.588 -18.3049 4.67628
0.78 18.9553 -18.4186 4.58875
0.8 19.3247 -18.5221 4.50703
0.82 19.6961 -18.6164 4.43061
0.84 20.0693 -18.7027 4.35905
0.86 20.4441 -18.7817 4.29192
0.88 20.8205 -18.8542 4.22885
0.9 21.1983 -18.9209 4.16949
0.92 21.5773 -18.9824 4.11352
0.94 21.9575 -19.0392 4.06067
0.96 22.3389 -19.0919 4.01067
0.98 22.7212 -19.1407 3.96328
1 23.1045 -19.1862 3.9183
1.02 23.4886 -19.2285 3.87552
1.04 23.8736 -19.2681 3.83478
1.06 24.2593 -19.3051 3.79591
1.08 24.6458 -19.3398 3.75877
1.1 25.0329 -19.3724 3.72322
1.12 25.4207 -19.4031 3.68915
1.14 25.809 -19.4321 3.65645
1.16 26.1979 -19.4594 3.62502
1.18 26.5874 -19.4853 3.59476
1.2 26.9773 -19.5098 3.5656
1.22 27.3678 -19.533 3.53746
1.24 27.7587 -19.5551 3.51027
1.26 28.15 -19.5762 3.48396
1.28 28.5417 -19.5963 3.45848
1.3 28.9338 -19.6154 3.43379
1.32 29.3263 -19.6337 3.40981
1.34 29.7192 -19.6512 3.38652
1.36 30.1123 -19.668 3.36387
1.38 30.5059 -19.6841 3.34182
1.4 30.8997 -19.6995 3.32034
1.42 31.2938 -19.7144 3.29939
1.44 31.6883 -19.7287 3.27895
1.46 32.083 -19.7425 3.25898
1.48 32.478 -19.7557 3.23946
1.5 32.8732 -19.7686 3.22037
1.52 33.2687 -19.7809 3.20168
1.54 33.6645 -19.7929 3.18337
1.56 34.0604 -19.8045 3.16542
1.58 34.4566 -19.8157 3.14781
1.6 34.8531 -19.8266 3.13053
1.62 35.2497 -19.8371 3.11355
1.64 35.6465 -19.8474 3.09687
1.66 36.0436 -19.8573 3.08047
1.68 36.4408 -19.867 3.06433
1.7 36.8383 -19.8764 3.04844
1.72 37.2359 -19.8855 3.0328
1.74 37.6337 -19.8944 3.01738
1.76 38.0317 -19.9031 3.00217
1.78 38.4298 -19.9116 2.98718
1.8 38.8281 -19.9199 2.97238
1.82 39.2266 -19.9279 2.95777
1.84 39.6252 -19.9358 2.94334
1.86 40.024 -19.9435 2.92907
1.88 40.423 -19.9511 2.91497
1.9 40.8221 -19.9584 2.90102
1.92 41.2213 -19.9657 2.88722
1.94 41.6207 -19.9727 2.87356
1.96 42.0202 -19.9797 2.86003
1.98 42.4199 -19.9865 2.84663
2 42.8197 -19.9932 2.83335
