0 7.98173 27.5361 7.98173
0.01 7.70972 26.8681 7.9784
0.02 7.44435 26.2068 7.96849
0.03 7.18556 25.5521 7.95212
0.04 6.93329 24.9038 7.92944
0.05 6.68746 24.2618 7.90055
0.06 6.44803 23.6262 7.8656
0.07 6.21492 22.997 7.82471
0.08 5.98807 22.3744 7.77802
0.09 5.76741 21.7587 7.72569
0.1 5.55287 21.1501 7.66788
0.11 5.34438 20.549 7.60477
0.12 5.14186 19.9559 7.53656
0.13 4.94523 19.3711 7.46348
0.14 4.75441 18.7954 7.38577
0.15 4.56929 18.2292 7.30368
0.16 4.38979 17.6731 7.21749
0.17 4.2158 17.1278 7.12752
0.18 4.0472 16.5938 7.03408
0.19 3.88388 16.0717 6.9375
0.2 3.72572 15.562 6.83812
0.21 3.5726 15.0652 6.7363
0.22 3.42437 14.5819 6.63239
0.23 3.28091 14.1123 6.52675
0.24 3.14208 13.6569 6.41973
0.25 3.00773 13.2158 6.31169
0.26 2.87772 12.7893 6.20294
0.27 2.75189 12.3775 6.09383
0.28 2.63012 11.9805 5.98464
0.29 2.51223 11.5981 5.87567
0.3 2.39811 11.2303 5.76719
0.31 2.28758 10.877 5.65944
0.32 2.18052 10.5379 5.55263
0.33 2.07678 10.2127 5.44698
0.34 1.97622 9.90128 5.34265
0.35 1.87871 9.60315 5.23981
0.36 1.78411 9.31796 5.13858
0.37 1.69231 9.04531 5.03907
0.38 1.60317 8.78479 4.94139
0.39 1.51657 8.53596 4.8456
0.4 1.43241 8.29837 4.75176
0.41 1.35057 8.07157 4.65991
0.42 1.27094 7.85511 4.57009
0.43 1.19343 7.64855 4.48231
0.44 1.11794 7.45145 4.39658
0.45 1.04437 7.26337 4.31289
0.46 0.972644 7.08389 4.23123
0.47 0.902669 6.9126 4.15159
0.48 0.834366 6.7491 4.07393
0.49 0.767662 6.59301 3.99824
0.5 0.702483 6.44396 3.92446
0.51 0.638761 6.30159 3.85257
0.52 0.57643 6.16558 3.78253
0.53 0.515429 6.0356 3.71429
0.54 0.455699 5.91133 3.64782
0.55 0.397184 5.7925 3.58306
0.56 0.339832 5.67882 3.51997
0.57 0.283591 5.57003 3.45851
0.58 0.228416 5.46588 3.39863
0.59 0.174259 5.36615 3.34028
0.6 0.121079 5.27059 3.28343
0.61 0.068834 5.17901 3.22803
0.62 0.0174859 5.09121 3.17404
0.63 -0.0330023 5.007 3.12141
0.64 -0.0826655 4.9262 3.07011
0.65 -0.131537 4.84865 3.02009
0.66 -0.179649 4.77419 2.97131
0.67 -0.227031 4.70266 2.92375
0.68 -0.273711 4.63394 2.87737
0.69 -0.319718 4.56788 2.83212
0.7 -0.365077 4.50436 2.78798
0.71 -0.409814 4.44327 2.74491
0.72 -0.453951 4.38449 2.70288
0.73 -0.497511 4.32791 2.66186
0.74 -0.540516 4.27344 2.62183
0.75 -0.582986 4.22098 2.58275
0.76 -0.624942 4.17045 2.5446
0.77 -0.666401 4.12175 2.50735
0.78 -0.707383 4.07481 2.47097
0.79 -0.747903 4.02955 2.43544
0.8 -0.787979 3.9859 2.40074
0.81 -0.827626 3.9438 2.36685
0.82 -0.86686 3.90317 2.33374
0.83 -0.905694 3.86396 2.30139
0.84 -0.944144 3.8261 2.26978
0.85 -0.982221 3.78954 2.23889
0.86 -1.01994 3.75423 2.2087
0.87 -1.05731 3.72012 2.1792
0.88 -1.09434 3.68716 2.15036
0.89 -1.13106 3.65531 2.12217
0.9 -1.16745 3.62451 2.09461
0.91 -1.20355 3.59473 2.06766
0.92 -1.23935 3.56594 2.04131
0.93 -1.27487 3.53808 2.01555
0.94 -1.31012 3.51114 1.99035
0.95 -1.3451 3.48506 1.96571
0.96 -1.37982 3.45982 1.94161
0.97 -1.4143 3.43539 1.91803
0.98 -1.44853 3.41174 1.89497
0.99 -1.48253 3.38883 1.87241
1 -1.51631 3.36665 1.85034
1.01 -1.54987 3.34516 1.82874
1.02 -1.58322 3.32434 1.80761
1.03 -1.61636 3.30417 1.78693
1.04 -1.6493 3.28461 1.7667
1.05 -1.68205 3.26566 1.74689
1.06 -1.71462 3.24729 1.72751
1.07 -1.747 3.22947 1.70853
1.08 -1.77921 3.21219 1.68996
1.09 -1.81125 3.19544 1.67178
1.1 -1.84312 3.17918 1.65398
1.11 -1.87483 3.16341 1.63655
1.12 -1.90639 3.14811 1.61949
1.13 -1.93779 3.13325 1.60278
1.14 -1.96905 3.11884 1.58642
1.15 -2.00017 3.10485 1.5704
1.16 -2.03115 3.09126 1.55471
1.17 -2.062 3.07807 1.53934
1.18 -2.09272 3.06525 1.52428
1.19 -2.12331 3.05281 1.50954
1.2 -2.15377 3.04072 1.49509
1.21 -2.18412 3.02898 1.48094
1.22 -2.21435 3.01757 1.46708
1.23 -2.24447 3.00648 1.45349
1.24 -2.27448 2.9957 1.44018
1.25 -2.30439 2.98522 1.42714
1.26 -2.33419 2.97504 1.41436
1.27 -2.36389 2.96514 1.40183
1.28 -2.39349 2.95551 1.38956
1.29 -2.423 2.94615 1.37753
1.3 -2.45242 2.93704 1.36573
1.31 -2.48174 2.92818 1.35417
1.32 -2.51098 2.91956 1.34284
1.33 -2.54013 2.91118 1.33173
1.34 -2.56921 2.90302 1.32084
1.35 -2.5982 2.89508 1.31016
1.36 -2.62711 2.88735 1.29968
1.37 -2.65594 2.87982 1.28941
1.38 -2.6847 2.8725 1.27934
1.39 -2.71339 2.86537 1.26947
1.4 -2.74201 2.85843 1.25978
1.41 -2.77056 2.85167 1.25028
1.42 -2.79905 2.84508 1.24097
1.43 -2.82747 2.83867 1.23183
1.44 -2.85582 2.83242 1.22286
1.45 -2.88411 2.82633 1.21407
1.46 -2.91235 2.8204 1.20544
1.47 -2.94052 2.81462 1.19697
1.48 -2.96864 2.80899 1.18866
1.49 -2.9967 2.8035 1.18051
1.5 -3.02471 2.79815 1.17251
1.51 -3.05267 2.79293 1.16466
1.52 -3.08057 2.78785 1.15696
1.53 -3.10842 2.78289 1.1494
1.54 -3.13623 2.77806 1.14198
1.55 -3.16399 2.77334 1.13469
1.56 -3.1917 2.76874 1.12754
1.57 -3.21936 2.76426 1.12052
1.58 -3.24698 2.75988 1.11363
1.59 -3.27456 2.75561 1.10687
1.6 -3.30209 2.75145 1.10022
1.61 -3.32959 2.74739 1.0937
1.62 -3.35704 2.74342 1.0873
1.63 -3.38446 2.73955 1.08101
1.64 -3.41183 2.73577 1.07483
1.65 -3.43917 2.73209 1.06877
1.66 -3.46648 2.72849 1.06281
1.67 -3.49374 2.72497 1.05696
1.68 -3.52097 2.72154 1.05122
1.69 -3.54817 2.71819 1.04557
1.7 -3.57534 2.71492 1.04003
1.71 -3.60247 2.71173 1.03458
1.72 -3.62957 2.7086 1.02923
1.73 -3.65664 2.70556 1.02397
1.74 -3.68369 2.70258 1.0188
1.75 -3.7107 2.69967 1.01373
1.76 -3.73768 2.69683 1.00874
1.77 -3.76463 2.69405 1.00383
1.78 -3.79156 2.69134 0.999018
1.79 -3.81846 2.68868 0.994283
1.8 -3.84533 2.68609 0.98963
1.81 -3.87218 2.68356 0.985056
1.82 -3.89901 2.68108 0.980561
1.83 -3.9258 2.67866 0.976142
1.84 -3.95258 2.67629 0.971798
1.85 -3.97933 2.67398 0.967527
1.86 -4.00606 2.67171 0.963329
1.87 -4.03276 2.6695 0.959201
1.88 -4.05945 2.66734 0.955142
1.89 -4.08611 2.66522 0.951151
1.9 -4.11275 2.66315 0.947226
1.91 -4.13937 2.66112 0.943367
1.92 -4.16598 2.65914 0.939572
1.93 -4.19256 2.6572 0.935839
1.94 -4.21912 2.6553 0.932168
1.95 -4.24566 2.65345 0.928557
1.96 -4.27219 2.65163 0.925005
1.97 -4.2987 2.64985 0.921511
1.98 -4.32519 2.64811 0.918074
1.99 -4.35166 2.64641 0.914693
2 -4.37811 2.64474 0.911367
2.01 -4.40455 2.64311 0.908094
2.02 -4.43098 2.64151 0.904874
2.03 -4.45738 2.63995 0.901705
2.04 -4.48378 2.63841 0.898587
2.05 -4.51015 2.63691 0.895519
2.06 -4.53651 2.63544 0.8925
2.07 -4.56286 2.634 0.889528
2.08 -4.58919 2.63259 0.886603
2.09 -4.61551 2.63121 0.883724
2.1 -4.64182 2.62986 0.880891
2.11 -4.66811 2.62854 0.878102
2.12 -4.69439 2.62724 0.875356
2.13 -4.72066 2.62597 0.872653
2.14 -4.74691 2.62472 0.869992
2.15 -4.77315 2.6235 0.867372
2.16 -4.79938 2.6223 0.864792
2.17 -4.8256 2.62113 0.862252
2.18 -4.8518 2.61998 0.85975
2.19 -4.878 2.61885 0.857287
2.2 -4.90418 2.61775 0.854862
2.21 -4.93035 2.61666 0.852473
2.22 -4.95651 2.6156 0.85012
2.23 -4.98266 2.61456 0.847803
2.24 -5.0088 2.61354 0.84552
2.25 -5.03493 2.61254 0.843272
2.26 -5.06105 2.61155 0.841057
2.27 -5.08716 2.61059 0.838875
2.28 -5.11327 2.60965 0.836725
2.29 -5.13936 2.60872 0.834607
2.3 -5.16544 2.60781 0.832521
2.31 -5.19151 2.60692 0.830465
2.32 -5.21758 2.60604 0.828439
2.33 -5.24363 2.60518 0.826442
2.34 -5.26968 2.60434 0.824475
2.35 -5.29572 2.60351 0.822536
2.36 -5.32175 2.6027 0.820625
2.37 -5.34778 2.60191 0.818741
2.38 -5.37379 2.60112 0.816884
2.39 -5.3998 2.60036 0.815054
2.4 -5.4258 2.5996 0.81325
2.41 -5.45179 2.59886 0.811472
2.42 -5.47777 2.59814 0.809719
2.43 -5.50375 2.59743 0.80799
2.44 -5.52972 2.59673 0.806286
2.45 -5.55569 2.59604 0.804605
2.46 -5.58164 2.59536 0.802948
2.47 -5.60759 2.5947 0.801314
2.48 -5.63354 2.59405 0.799703
2.49 -5.65948 2.59341 0.798114
2.5 -5.68541 2.59278 0.796546
2.51 -5.71133 2.59216 0.795
2.52 -5.73725 2.59156 0.793476
2.53 -5.76316 2.59096 0.791972
2.54 -5.78907 2.59038 0.790488
2.55 -5.81497 2.5898 0.789024
2.56 -5.84087 2.58924 0.78758
2.57 -5.86675 2.58868 0.786156
2.58 -5.89264 2.58814 0.78475
2.59 -5.91852 2.5876 0.783364
2.6 -5.94439 2.58707 0.781995
2.61 -5.97026 2.58655 0.780645
2.62 -5.99612 2.58604 0.779312
2.63 -6.02198 2.58554 0.777997
2.64 -6.04783 2.58505 0.776699
2.65 -6.07368 2.58457 0.775418
2.66 -6.09952 2.58409 0.774153
2.67 -6.12536 2.58362 0.772905
2.68 -6.1512 2.58316 0.771673
2.69 -6.17703 2.58271 0.770457
2.7 -6.20285 2.58226 0.769256
2.71 -6.22867 2.58182 0.768071
2.72 -6.25449 2.58139 0.7669
2.73 -6.2803 2.58097 0.765745
2.74 -6.30611 2.58055 0.764604
2.75 -6.33191 2.58014 0.763477
2.76 -6.35771 2.57974 0.762364
2.77 -6.3835 2.57934 0.761265
2.78 -6.4093 2.57895 0.76018
2.79 -6.43508 2.57856 0.759108
2.8 -6.46087 2.57818 0.758049
2.81 -6.48665 2.57781 0.757003
2.82 -6.51242 2.57744 0.75597
2.83 -6.5382 2.57708 0.75495
2.84 -6.56397 2.57673 0.753941
2.85 -6.58973 2.57638 0.752945
2.86 -6.61549 2.57603 0.751961
2.87 -6.64125 2.57569 0.750989
2.88 -6.66701 2.57536 0.750028
2.89 -6.69276 2.57503 0.749079
2.9 -6.71851 2.57471 0.74814
2.91 -6.74425 2.57439 0.747213
2.92 -6.77 2.57407 0.746297
2.93 -6.79573 2.57376 0.745391
2.94 -6.82147 2.57346 0.744496
2.95 -6.8472 2.57316 0.743611
2.96 -6.87293 2.57286 0.742736
2.97 -6.89866 2.57257 0.741872
2.98 -6.92439 2.57228 0.741017
2.99 -6.95011 2.572 0.740172
3 -6.97583 2.57172 0.739337
3.01 -7.00154 2.57145 0.73851
3.02 -7.02725 2.57117 0.737694
3.03 -7.05296 2.57091 0.736886
3.04 -7.07867 2.57064 0.736087
3.05 -7.10438 2.57039 0.735297
3.06 -7.13008 2.57013 0.734516
3.07 -7.15578 2.56988 0.733744
3.08 -7.18148 2.56963 0.732979
3.09 -7.20717 2.56938 0.732224
3.1 -7.23287 2.56914 0.731476
3.11 -7.25856 2.5689 0.730736
3.12 -7.28424 2.56867 0.730005
3.13 -7.30993 2.56844 0.729281
3.14 -7.33561 2.56821 0.728565
3.15 -7.36129 2.56798 0.727856
3.16 -7.38697 2.56776 0.727155
3.17 -7.41265 2.56754 0.726461
3.18 -7.43832 2.56733 0.725775
3.19 -7.46399 2.56711 0.725095
3.2 -7.48967 2.5669 0.724423
3.21 -7.51533 2.56669 0.723758
3.22 -7.541 2.56649 0.723099
3.23 -7.56666 2.56629 0.722447
3.24 -7.59232 2.56609 0.721802
3.25 -7.61798 2.56589 0.721163
3.26 -7.64364 2.5657 0.720531
3.27 -7.6693 2.56551 0.719905
3.28 -7.69495 2.56532 0.719285
3.29 -7.7206 2.56513 0.718672
3.3 -7.74626 2.56495 0.718064
3.31 -7.7719 2.56476 0.717462
3.32 -7.79755 2.56458 0.716867
3.33 -7.8232 2.56441 0.716277
3.34 -7.84884 2.56423 0.715693
3.35 -7.87448 2.56406 0.715114
3.36 -7.90012 2.56389 0.714541
3.37 -7.92576 2.56372 0.713973
3.38 -7.95139 2.56355 0.713411
3.39 -7.97703 2.56339 0.712854
3.4 -8.00266 2.56322 0.712303
3.41 -8.02829 2.56306 0.711756
3.42 -8.05392 2.56291 0.711215
3.43 -8.07955 2.56275 0.710678
3.44 -8.10518 2.56259 0.710147
3.45 -8.1308 2.56244 0.70962
3.46 -8.15643 2.56229 0.709098
3.47 -8.18205 2.56214 0.708581
3.48 -8.20767 2.56199 0.708068
3.49 -8.23329 2.56185 0.707561
3.5 -8.25891 2.5617 0.707057
3.51 -8.28452 2.56156 0.706558
3.52 -8.31014 2.56142 0.706064
3.53 -8.33575 2.56128 0.705574
3.54 -8.36136 2.56114 0.705088
3.55 -8.38697 2.56101 0.704606
3.56 -8.41258 2.56087 0.704128
3.57 -8.43819 2.56074 0.703655
3.58 -8.4638 2.56061 0.703186
3.59 -8.4894 2.56048 0.70272
3.6 -8.51501 2.56035 0.702259
3.61 -8.54061 2.56022 0.701801
3.62 -8.56621 2.5601 0.701347
3.63 -8.59181 2.55998 0.700897
3.64 -8.61741 2.55985 0.700451
3.65 -8.64301 2.55973 0.700008
3.66 -8.66861 2.55961 0.699569
3.67 -8.6942 2.55949 0.699133
3.68 -8.7198 2.55937 0.698701
3.69 -8.74539 2.55926 0.698273
3.7 -8.77098 2.55914 0.697847
3.71 -8.79657 2.55903 0.697426
3.72 -8.82216 2.55892 0.697007
3.73 -8.84775 2.55881 0.696592
3.74 -8.87334 2.55869 0.69618
3.75 -8.89893 2.55859 0.695771
3.76 -8.92451 2.55848 0.695365
3.77 -8.95009 2.55837 0.694963
3.78 -8.97568 2.55826 0.694563
3.79 -9.00126 2.55816 0.694167
3.8 -9.02684 2.55806 0.693773
3.81 -9.05242 2.55795 0.693382
3.82 -9.078 2.55785 0.692995
3.83 -9.10358 2.55775 0.69261
3.84 -9.12916 2.55765 0.692228
3.85 -9.15473 2.55755 0.691848
3.86 -9.18031 2.55746 0.691472
3.87 -9.20588 2.55736 0.691098
3.88 -9.23145 2.55726 0.690726
3.89 -9.25703 2.55717 0.690358
3.9 -9.2826 2.55707 0.689992
3.91 -9.30817 2.55698 0.689628
3.92 -9.33374 2.55689 0.689267
3.93 -9.3593 2.5568 0.688908
3.94 -9.38487 2.55671 0.688552
3.95 -9.41044 2.55662 0.688199
3.96 -9.436 2.55653 0.687847
3.97 -9.46157 2.55644 0.687498
3.98 -9.48713 2.55635 0.687152
3.99 -9.5127 2.55627 0.686807
4 -9.53826 2.55618 0.686465
4.01 -9.56382 2.5561 0.686125
4.02 -9.58938 2.55601 0.685788
4.03 -9.61494 2.55593 0.685452
4.04 -9.6405 2.55585 0.685119
4.05 -9.66606 2.55576 0.684787
4.06 -9.69161 2.55568 0.684458
4.07 -9.71717 2.5556 0.684131
4.08 -9.74273 2.55552 0.683806
4.09 -9.76828 2.55544 0.683482
4.1 -9.79384 2.55537 0.683161
4.11 -9.81939 2.55529 0.682842
4.12 -9.84494 2.55521 0.682524
4.13 -9.87049 2.55513 0.682209
4.14 -9.89604 2.55506 0.681895
4.15 -9.92159 2.55498 0.681583
4.16 -9.94714 2.55491 0.681273
4.17 -9.97269 2.55483 0.680965
4.18 -9.99824 2.55476 0.680659
4.19 -10.0238 2.55469 0.680354
4.2 -10.0493 2.55462 0.680051
4.21 -10.0749 2.55454 0.67975
4.22 -10.1004 2.55447 0.67945
4.23 -10.126 2.5544 0.679152
4.24 -10.1515 2.55433 0.678855
4.25 -10.1771 2.55426 0.678561
4.26 -10.2026 2.55419 0.678267
4.27 -10.2281 2.55413 0.677976
4.28 -10.2537 2.55406 0.677686
4.29 -10.2792 2.55399 0.677397
4.3 -10.3048 2.55392 0.67711
4.31 -10.3303 2.55386 0.676824
4.32 -10.3558 2.55379 0.67654
4.33 -10.3814 2.55373 0.676257
4.34 -10.4069 2.55366 0.675976
4.35 -10.4324 2.5536 0.675696
4.36 -10.458 2.55353 0.675417
4.37 -10.4835 2.55347 0.67514
4.38 -10.5091 2.55341 0.674864
4.39 -10.5346 2.55334 0.674589
4.4 -10.5601 2.55328 0.674316
4.41 -10.5857 2.55322 0.674044
4.42 -10.6112 2.55316 0.673773
4.43 -10.6367 2.5531 0.673503
4.44 -10.6622 2.55304 0.673235
4.45 -10.6878 2.55298 0.672968
4.46 -10.7133 2.55292 0.672702
4.47 -10.7388 2.55286 0.672437
4.48 -10.7644 2.5528 0.672174
4.49 -10.7899 2.55274 0.671911
4.5 -10.8154 2.55268 0.67165
4.51 -10.8409 2.55262 0.67139
4.52 -10.8665 2.55257 0.671131
4.53 -10.892 2.55251 0.670873
4.54 -10.9175 2.55245 0.670616
4.55 -10.943 2.5524 0.67036
4.56 -10.9686 2.55234 0.670105
4.57 -10.9941 2.55229 0.669851
4.58 -11.0196 2.55223 0.669598
4.59 -11.0451 2.55217 0.669346
4.6 -11.0707 2.55212 0.669095
4.61 -11.0962 2.55207 0.668845
4.62 -11.1217 2.55201 0.668596
4.63 -11.1472 2.55196 0.668348
4.64 -11.1727 2.55191 0.668101
4.65 -11.1983 2.55185 0.667855
4.66 -11.2238 2.5518 0.66761
4.67 -11.2493 2.55175 0.667365
4.68 -11.2748 2.55169 0.667122
4.69 -11.3003 2.55164 0.666879
4.7 -11.3258 2.55159 0.666637
4.71 -11.3514 2.55154 0.666396
4.72 -11.3769 2.55149 0.666156
4.73 -11.4024 2.55144 0.665917
4.74 -11.4279 2.55139 0.665678
4.75 -11.4534 2.55134 0.66544
4.76 -11.4789 2.55129 0.665203
4.77 -11.5044 2.55124 0.664967
4.78 -11.53 2.55119 0.664732
4.79 -11.5555 2.55114 0.664497
4.8 -11.581 2.55109 0.664263
4.81 -11.6065 2.55104 0.66403
4.82 -11.632 2.55099 0.663797
4.83 -11.6575 2.55095 0.663565
4.84 -11.683 2.5509 0.663334
4.85 -11.7085 2.55085 0.663103
4.86 -11.734 2.5508 0.662873
4.87 -11.7595 2.55076 0.662644
4.88 -11.785 2.55071 0.662416
4.89 -11.8106 2.55066 0.662188
4.9 -11.8361 2.55062 0.66196
4.91 -11.8616 2.55057 0.661734
4.92 -11.8871 2.55052 0.661507
4.93 -11.9126 2.55048 0.661282
4.94 -11.9381 2.55043 0.661057
4.95 -11.9636 2.55039 0.660833
4.96 -11.9891 2.55034 0.660609
4.97 -12.0146 2.5503 0.660386
4.98 -12.0401 2.55025 0.660163
4.99 -12.0656 2.55021 0.659941
5 -12.0911 2.55016 0.659719
5.01 -12.1166 2.55012 0.659498
5.02 -12.1421 2.55008 0.659278
5.03 -12.1676 2.55003 0.659058
5.04 -12.1931 2.54999 0.658838
5.05 -12.2186 2.54995 0.658619
5.06 -12.2441 2.5499 0.658401
5.07 -12.2696 2.54986 0.658183
5.08 -12.2951 2.54982 0.657965
5.09 -12.3206 2.54977 0.657748
5.1 -12.3461 2.54973 0.657531
5.11 -12.3716 2.54969 0.657315
5.12 -12.3971 2.54965 0.657099
5.13 -12.4226 2.5496 0.656884
5.14 -12.4481 2.54956 0.656669
5.15 -12.4736 2.54952 0.656454
5.16 -12.4991 2.54948 0.65624
5.17 -12.5246 2.54944 0.656026
5.18 -12.5501 2.5494 0.655813
5.19 -12.5756 2.54936 0.6556
5.2 -12.601 2.54931 0.655387
5.21 -12.6265 2.54927 0.655175
5.22 -12.652 2.54923 0.654963
5.23 -12.6775 2.54919 0.654752
5.24 -12.703 2.54915 0.654541
5.25 -12.7285 2.54911 0.65433
5.26 -12.754 2.54907 0.65412
5.27 -12.7795 2.54903 0.65391
5.28 -12.805 2.54899 0.6537
5.29 -12.8305 2.54895 0.65349
5.3 -12.856 2.54891 0.653281
5.31 -12.8814 2.54887 0.653072
5.32 -12.9069 2.54883 0.652864
5.33 -12.9324 2.5488 0.652656
5.34 -12.9579 2.54876 0.652448
5.35 -12.9834 2.54872 0.65224
5.36 -13.0089 2.54868 0.652033
5.37 -13.0344 2.54864 0.651826
5.38 -13.0599 2.5486 0.651619
5.39 -13.0853 2.54856 0.651412
5.4 -13.1108 2.54853 0.651206
5.41 -13.1363 2.54849 0.651
5.42 -13.1618 2.54845 0.650794
5.43 -13.1873 2.54841 0.650589
5.44 -13.2128 2.54837 0.650384
5.45 -13.2383 2.54834 0.650179
5.46 -13.2637 2.5483 0.649974
5.47 -13.2892 2.54826 0.649769
5.48 -13.3147 2.54822 0.649565
5.49 -13.3402 2.54819 0.649361
5.5 -13.3657 2.54815 0.649157
5.51 -13.3911 2.54811 0.648953
5.52 -13.4166 2.54808 0.648749
5.53 -13.4421 2.54804 0.648546
5.54 -13.4676 2.548 0.648343
5.55 -13.4931 2.54797 0.64814
5.56 -13.5185 2.54793 0.647937
5.57 -13.544 2.54789 0.647735
5.58 -13.5695 2.54786 0.647532
5.59 -13.595 2.54782 0.64733
5.6 -13.6205 2.54778 0.647128
5.61 -13.6459 2.54775 0.646926
5.62 -13.6714 2.54771 0.646724
5.63 -13.6969 2.54768 0.646522
5.64 -13.7224 2.54764 0.646321
5.65 -13.7478 2.5476 0.64612
5.66 -13.7733 2.54757 0.645918
5.67 -13.7988 2.54753 0.645717
5.68 -13.8243 2.5475 0.645516
5.69 -13.8497 2.54746 0.645316
5.7 -13.8752 2.54743 0.645115
5.71 -13.9007 2.54739 0.644914
5.72 -13.9262 2.54736 0.644714
5.73 -13.9516 2.54732 0.644514
5.74 -13.9771 2.54729 0.644313
5.75 -14.0026 2.54725 0.644113
5.76 -14.0281 2.54722 0.643913
5.77 -14.0535 2.54718 0.643713
5.78 -14.079 2.54715 0.643513
5.79 -14.1045 2.54711 0.643314
5.8 -14.1299 2.54708 0.643114
5.81 -14.1554 2.54705 0.642915
5.82 -14.1809 2.54701 0.642715
5.83 -14.2064 2.54698 0.642516
5.84 -14.2318 2.54694 0.642317
5.85 -14.2573 2.54691 0.642117
5.86 -14.2828 2.54687 0.641918
5.87 -14.3082 2.54684 0.641719
5.88 -14.3337 2.54681 0.64152
5.89 -14.3592 2.54677 0.641321
5.9 -14.3846 2.54674 0.641122
5.91 -14.4101 2.54671 0.640923
5.92 -14.4356 2.54667 0.640725
5.93 -14.461 2.54664 0.640526
5.94 -14.4865 2.5466 0.640327
5.95 -14.512 2.54657 0.640128
5.96 -14.5374 2.54654 0.63993
5.97 -14.5629 2.5465 0.639731
5.98 -14.5884 2.54647 0.639533
5.99 -14.6138 2.54644 0.639334
6 -14.6393 2.54641 0.639136
6.01 -14.6648 2.54637 0.638937
6.02 -14.6902 2.54634 0.638739
6.03 -14.7157 2.54631 0.638541
6.04 -14.7411 2.54627 0.638342
6.05 -14.7666 2.54624 0.638144
6.06 -14.7921 2.54621 0.637946
6.07 -14.8175 2.54618 0.637747
6.08 -14.843 2.54614 0.637549
6.09 -14.8685 2.54611 0.637351
6.1 -14.8939 2.54608 0.637152
6.11 -14.9194 2.54604 0.636954
6.12 -14.9448 2.54601 0.636756
6.13 -14.9703 2.54598 0.636558
6.14 -14.9958 2.54595 0.636359
6.15 -15.0212 2.54592 0.636161
6.16 -15.0467 2.54588 0.635963
6.17 -15.0721 2.54585 0.635764
6.18 -15.0976 2.54582 0.635566
6.19 -15.1231 2.54579 0.635368
6.2 -15.1485 2.54575 0.635169
6.21 -15.174 2.54572 0.634971
6.22 -15.1994 2.54569 0.634773
6.23 -15.2249 2.54566 0.634574
6.24 -15.2503 2.54563 0.634376
6.25 -15.2758 2.5456 0.634177
6.26 -15.3013 2.54556 0.633979
6.27 -15.3267 2.54553 0.633781
6.28 -15.3522 2.5455 0.633582
6.29 -15.3776 2.54547 0.633383
6.3 -15.4031 2.54544 0.633185
6.31 -15.4285 2.54541 0.632986
6.32 -15.454 2.54537 0.632788
6.33 -15.4794 2.54534 0.632589
6.34 -15.5049 2.54531 0.63239
6.35 -15.5303 2.54528 0.632191
6.36 -15.5558 2.54525 0.631993
6.37 -15.5812 2.54522 0.631794
6.38 -15.6067 2.54519 0.631595
6.39 -15.6321 2.54516 0.631396
6.4 -15.6576 2.54512 0.631197
6.41 -15.683 2.54509 0.630998
6.42 -15.7085 2.54506 0.630799
6.43 -15.734 2.54503 0.630599
6.44 -15.7594 2.545 0.6304
6.45 -15.7849 2.54497 0.630201
6.46 -15.8103 2.54494 0.630002
6.47 -15.8357 2.54491 0.629802
6.48 -15.8612 2.54488 0.629603
6.49 -15.8866 2.54485 0.629403
6.5 -15.9121 2.54482 0.629204
6.51 -15.9375 2.54478 0.629004
6.52 -15.963 2.54475 0.628804
6.53 -15.9884 2.54472 0.628605
6.54 -16.0139 2.54469 0.628405
6.55 -16.0393 2.54466 0.628205
6.56 -16.0648 2.54463 0.628005
6.57 -16.0902 2.5446 0.627805
6.58 -16.1157 2.54457 0.627605
6.59 -16.1411 2.54454 0.627404
6.6 -16.1666 2.54451 0.627204
6.61 -16.192 2.54448 0.627004
6.62 -16.2175 2.54445 0.626803
6.63 -16.2429 2.54442 0.626603
6.64 -16.2683 2.54439 0.626402
6.65 -16.2938 2.54436 0.626201
6.66 -16.3192 2.54433 0.626001
6.67 -16.3447 2.5443 0.6258
6.68 -16.3701 2.54427 0.625599
6.69 -16.3956 2.54424 0.625398
6.7 -16.421 2.54421 0.625197
6.71 -16.4464 2.54418 0.624995
6.72 -16.4719 2.54415 0.624794
6.73 -16.4973 2.54412 0.624593
6.74 -16.5228 2.54409 0.624391
6.75 -16.5482 2.54406 0.62419
6.76 -16.5736 2.54403 0.623988
6.77 -16.5991 2.544 0.623786
6.78 -16.6245 2.54397 0.623584
6.79 -16.65 2.54394 0.623382
6.8 -16.6754 2.54391 0.62318
6.81 -16.7008 2.54388 0.622978
6.82 -16.7263 2.54385 0.622776
6.83 -16.7517 2.54382 0.622573
6.84 -16.7772 2.54379 0.622371
6.85 -16.8026 2.54376 0.622168
6.86 -16.828 2.54373 0.621966
6.87 -16.8535 2.5437 0.621763
6.88 -16.8789 2.54367 0.62156
6.89 -16.9043 2.54364 0.621357
6.9 -16.9298 2.54361 0.621154
6.91 -16.9552 2.54358 0.620951
6.92 -16.9807 2.54355 0.620748
6.93 -17.0061 2.54353 0.620544
6.94 -17.0315 2.5435 0.620341
6.95 -17.057 2.54347 0.620137
6.96 -17.0824 2.54344 0.619933
6.97 -17.1078 2.54341 0.61973
6.98 -17.1333 2.54338 0.619526
6.99 -17.1587 2.54335 0.619322
7 -17.1841 2.54332 0.619117
7.01 -17.2096 2.54329 0.618913
7.02 -17.235 2.54326 0.618709
7.03 -17.2604 2.54323 0.618504
7.04 -17.2859 2.5432 0.6183
7.05 -17.3113 2.54317 0.618095
7.06 -17.3367 2.54315 0.61789
7.07 -17.3622 2.54312 0.617685
7.08 -17.3876 2.54309 0.61748
7.09 -17.413 2.54306 0.617275
7.1 -17.4384 2.54303 0.61707
7.11 -17.4639 2.543 0.616864
7.12 -17.4893 2.54297 0.616659
7.13 -17.5147 2.54294 0.616453
7.14 -17.5402 2.54291 0.616247
7.15 -17.5656 2.54289 0.616041
7.16 -17.591 2.54286 0.615835
7.17 -17.6164 2.54283 0.615629
7.18 -17.6419 2.5428 0.615423
7.19 -17.6673 2.54277 0.615216
7.2 -17.6927 2.54274 0.61501
7.21 -17.7182 2.54271 0.614803
7.22 -17.7436 2.54268 0.614596
7.23 -17.769 2.54266 0.614389
7.24 -17.7944 2.54263 0.614182
7.25 -17.8199 2.5426 0.613975
7.26 -17.8453 2.54257 0.613768
7.27 -17.8707 2.54254 0.613561
7.28 -17.8961 2.54251 0.613353
7.29 -17.9216 2.54248 0.613146
7.3 -17.947 2.54246 0.612938
7.31 -17.9724 2.54243 0.61273
7.32 -17.9978 2.5424 0.612522
7.33 -18.0233 2.54237 0.612314
7.34 -18.0487 2.54234 0.612105
7.35 -18.0741 2.54231 0.611897
7.36 -18.0995 2.54229 0.611688
7.37 -18.125 2.54226 0.61148
7.38 -18.1504 2.54223 0.611271
7.39 -18.1758 2.5422 0.611062
7.4 -18.2012 2.54217 0.610853
7.41 -18.2266 2.54214 0.610644
7.42 -18.2521 2.54212 0.610435
7.43 -18.2775 2.54209 0.610225
7.44 -18.3029 2.54206 0.610016
7.45 -18.3283 2.54203 0.609806
7.46 -18.3537 2.542 0.609596
7.47 -18.3792 2.54198 0.609386
7.48 -18.4046 2.54195 0.609176
7.49 -18.43 2.54192 0.608966
7.5 -18.4554 2.54189 0.608755
7.51 -18.4808 2.54186 0.608545
7.52 -18.5063 2.54183 0.608334
7.53 -18.5317 2.54181 0.608123
7.54 -18.5571 2.54178 0.607913
7.55 -18.5825 2.54175 0.607702
7.56 -18.6079 2.54172 0.60749
7.57 -18.6334 2.5417 0.607279
7.58 -18.6588 2.54167 0.607068
7.59 -18.6842 2.54164 0.606856
7.6 -18.7096 2.54161 0.606644
7.61 -18.735 2.54158 0.606433
7.62 -18.7604 2.54156 0.606221
7.63 -18.7858 2.54153 0.606008
7.64 -18.8113 2.5415 0.605796
7.65 -18.8367 2.54147 0.605584
7.66 -18.8621 2.54144 0.605371
7.67 -18.8875 2.54142 0.605159
7.68 -18.9129 2.54139 0.604946
7.69 -18.9383 2.54136 0.604733
7.7 -18.9637 2.54133 0.60452
7.71 -18.9892 2.54131 0.604307
7.72 -19.0146 2.54128 0.604094
7.73 -19.04 2.54125 0.60388
7.74 -19.0654 2.54122 0.603666
7.75 -19.0908 2.5412 0.603453
7.76 -19.1162 2.54117 0.603239
7.77 -19.1416 2.54114 0.603025
7.78 -19.167 2.54111 0.602811
7.79 -19.1925 2.54109 0.602596
7.8 -19.2179 2.54106 0.602382
7.81 -19.2433 2.54103 0.602168
7.82 -19.2687 2.541 0.601953
7.83 -19.2941 2.54098 0.601738
7.84 -19.3195 2.54095 0.601523
7.85 -19.3449 2.54092 0.601308
7.86 -19.3703 2.54089 0.601093
7.87 -19.3957 2.54087 0.600877
7.88 -19.4211 2.54084 0.600662
7.89 -19.4466 2.54081 0.600446
7.9 -19.472 2.54078 0.600231
7.91 -19.4974 2.54076 0.600015
7.92 -19.5228 2.54073 0.599799
7.93 -19.5482 2.5407 0.599582
7.94 -19.5736 2.54067 0.599366
7.95 -19.599 2.54065 0.59915
7.96 -19.6244 2.54062 0.598933
7.97 -19.6498 2.54059 0.598716
7.98 -19.6752 2.54057 0.598499
7.99 -19.7006 2.54054 0.598282
8 -19.726 2.54051 0.598065
8.01 -19.7514 2.54048 0.597848
8.02 -19.7768 2.54046 0.597631
8.03 -19.8022 2.54043 0.597413
8.04 -19.8276 2.5404 0.597195
8.05 -19.853 2.54038 0.596978
8.06 -19.8785 2.54035 0.59676
8.07 -19.9039 2.54032 0.596542
8.08 -19.9293 2.54029 0.596323
8.09 -19.9547 2.54027 0.596105
8.1 -19.9801 2.54024 0.595887
8.11 -20.0055 2.54021 0.595668
8.12 -20.0309 2.54019 0.595449
8.13 -20.0563 2.54016 0.59523
8.14 -20.0817 2.54013 0.595011
8.15 -20.1071 2.54011 0.594792
8.16 -20.1325 2.54008 0.594573
8.17 -20.1579 2.54005 0.594353
8.18 -20.1833 2.54003 0.594134
8.19 -20.2087 2.54 0.593914
8.2 -20.2341 2.53997 0.593694
8.21 -20.2595 2.53994 0.593474
8.22 -20.2849 2.53992 0.593254
8.23 -20.3103 2.53989 0.593034
8.24 -20.3357 2.53986 0.592813
8.25 -20.3611 2.53984 0.592593
8.26 -20.3865 2.53981 0.592372
8.27 -20.4119 2.53978 0.592151
8.28 -20.4373 2.53976 0.59193
8.29 -20.4627 2.53973 0.591709
8.3 -20.4881 2.5397 0.591488
8.31 -20.5135 2.53968 0.591267
8.32 -20.5389 2.53965 0.591045
8.33 -20.5642 2.53962 0.590824
8.34 -20.5896 2.5396 0.590602
8.35 -20.615 2.53957 0.59038
8.36 -20.6404 2.53954 0.590158
8.37 -20.6658 2.53952 0.589936
8.38 -20.6912 2.53949 0.589714
8.39 -20.7166 2.53946 0.589491
8.4 -20.742 2.53944 0.589269
8.41 -20.7674 2.53941 0.589046
8.42 -20.7928 2.53939 0.588823
8.43 -20.8182 2.53936 0.5886
8.44 -20.8436 2.53933 0.588377
8.45 -20.869 2.53931 0.588154
8.46 -20.8944 2.53928 0.587931
8.47 -20.9198 2.53925 0.587707
8.48 -20.9452 2.53923 0.587484
8.49 -20.9706 2.5392 0.58726
8.5 -20.9959 2.53917 0.587036
8.51 -21.0213 2.53915 0.586812
8.52 -21.0467 2.53912 0.586588
8.53 -21.0721 2.5391 0.586363
8.54 -21.0975 2.53907 0.586139
8.55 -21.1229 2.53904 0.585915
8.56 -21.1483 2.53902 0.58569
8.57 -21.1737 2.53899 0.585465
8.58 -21.1991 2.53896 0.58524
8.59 -21.2245 2.53894 0.585015
8.6 -21.2498 2.53891 0.58479
8.61 -21.2752 2.53889 0.584565
8.62 -21.3006 2.53886 0.584339
8.63 -21.326 2.53883 0.584114
8.64 -21.3514 2.53881 0.583888
8.65 -21.3768 2.53878 0.583662
8.66 -21.4022 2.53875 0.583436
8.67 -21.4276 2.53873 0.58321
8.68 -21.453 2.5387 0.582984
8.69 -21.4783 2.53868 0.582758
8.7 -21.5037 2.53865 0.582531
8.71 -21.5291 2.53862 0.582304
8.72 -21.5545 2.5386 0.582078
8.73 -21.5799 2.53857 0.581851
8.74 -21.6053 2.53855 0.581624
8.75 -21.6307 2.53852 0.581397
8.76 -21.656 2.53849 0.58117
8.77 -21.6814 2.53847 0.580942
8.78 -21.7068 2.53844 0.580715
8.79 -21.7322 2.53842 0.580487
8.8 -21.7576 2.53839 0.580259
8.81 -21.783 2.53836 0.580032
8.82 -21.8083 2.53834 0.579804
8.83 -21.8337 2.53831 0.579575
8.84 -21.8591 2.53829 0.579347
8.85 -21.8845 2.53826 0.579119
8.86 -21.9099 2.53824 0.57889
8.87 -21.9353 2.53821 0.578662
8.88 -21.9606 2.53818 0.578433
8.89 -21.986 2.53816 0.578204
8.9 -22.0114 2.53813 0.577975
8.91 -22.0368 2.53811 0.577746
8.92 -22.0622 2.53808 0.577517
8.93 -22.0875 2.53806 0.577287
8.94 -22.1129 2.53803 0.577058
8.95 -22.1383 2.538 0.576828
8.96 -22.1637 2.53798 0.576599
8.97 -22.1891 2.53795 0.576369
8.98 -22.2144 2.53793 0.576139
8.99 -22.2398 2.5379 0.575909
9 -22.2652 2.53788 0.575678
9.01 -22.2906 2.53785 0.575448
9.02 -22.316 2.53782 0.575218
9.03 -22.3413 2.5378 0.574987
9.04 -22.3667 2.53777 0.574756
9.05 -22.3921 2.53775 0.574525
9.06 -22.4175 2.53772 0.574294
9.07 -22.4429 2.5377 0.574063
9.08 -22.4682 2.53767 0.573832
9.09 -22.4936 2.53765 0.573601
9.1 -22.519 2.53762 0.573369
9.11 -22.5444 2.5376 0.573138
9.12 -22.5697 2.53757 0.572906
9.13 -22.5951 2.53754 0.572674
9.14 -22.6205 2.53752 0.572443
9.15 -22.6459 2.53749 0.572211
9.16 -22.6712 2.53747 0.571978
9.17 -22.6966 2.53744 0.571746
9.18 -22.722 2.53742 0.571514
9.19 -22.7474 2.53739 0.571281
9.2 -22.7727 2.53737 0.571049
9.21 -22.7981 2.53734 0.570816
9.22 -22.8235 2.53732 0.570583
9.23 -22.8489 2.53729 0.57035
9.24 -22.8742 2.53727 0.570117
9.25 -22.8996 2.53724 0.569884
9.26 -22.925 2.53722 0.56965
9.27 -22.9503 2.53719 0.569417
9.28 -22.9757 2.53717 0.569184
9.29 -23.0011 2.53714 0.56895
9.3 -23.0265 2.53712 0.568716
9.31 -23.0518 2.53709 0.568482
9.32 -23.0772 2.53706 0.568248
9.33 -23.1026 2.53704 0.568014
9.34 -23.1279 2.53701 0.56778
9.35 -23.1533 2.53699 0.567546
9.36 -23.1787 2.53696 0.567311
9.37 -23.204 2.53694 0.567077
9.38 -23.2294 2.53691 0.566842
9.39 -23.2548 2.53689 0.566607
9.4 -23.2802 2.53686 0.566372
9.41 -23.3055 2.53684 0.566137
9.42 -23.3309 2.53681 0.565902
9.43 -23.3563 2.53679 0.565667
9.44 -23.3816 2.53676 0.565431
9.45 -23.407 2.53674 0.565196
9.46 -23.4324 2.53671 0.56496
9.47 -23.4577 2.53669 0.564725
9.48 -23.4831 2.53666 0.564489
9.49 -23.5085 2.53664 0.564253
9.5 -23.5338 2.53662 0.564017
9.51 -23.5592 2.53659 0.563781
9.52 -23.5846 2.53657 0.563545
9.53 -23.6099 2.53654 0.563308
9.54 -23.6353 2.53652 0.563072
9.55 -23.6607 2.53649 0.562835
9.56 -23.686 2.53647 0.562599
9.57 -23.7114 2.53644 0.562362
9.58 -23.7367 2.53642 0.562125
9.59 -23.7621 2.53639 0.561888
9.6 -23.7875 2.53637 0.561651
9.61 -23.8128 2.53634 0.561414
9.62 -23.8382 2.53632 0.561176
9.63 -23.8636 2.53629 0.560939
9.64 -23.8889 2.53627 0.560702
9.65 -23.9143 2.53624 0.560464
9.66 -23.9397 2.53622 0.560226
9.67 -23.965 2.53619 0.559988
9.68 -23.9904 2.53617 0.55975
9.69 -24.0157 2.53615 0.559512
9.7 -24.0411 2.53612 0.559274
9.71 -24.0665 2.5361 0.559036
9.72 -24.0918 2.53607 0.558798
9.73 -24.1172 2.53605 0.558559
9.74 -24.1425 2.53602 0.558321
9.75 -24.1679 2.536 0.558082
9.76 -24.1933 2.53597 0.557843
9.77 -24.2186 2.53595 0.557604
9.78 -24.244 2.53593 0.557365
9.79 -24.2693 2.5359 0.557126
9.8 -24.2947 2.53588 0.556887
9.81 -24.3201 2.53585 0.556648
9.82 -24.3454 2.53583 0.556409
9.83 -24.3708 2.5358 0.556169
9.84 -24.3961 2.53578 0.55593
9.85 -24.4215 2.53575 0.55569
9.86 -24.4468 2.53573 0.55545
9.87 -24.4722 2.53571 0.55521
9.88 -24.4976 2.53568 0.55497
9.89 -24.5229 2.53566 0.55473
9.9 -24.5483 2.53563 0.55449
9.91 -24.5736 2.53561 0.55425
9.92 -24.599 2.53558 0.554009
9.93 -24.6243 2.53556 0.553769
9.94 -24.6497 2.53554 0.553528
9.95 -24.6751 2.53551 0.553288
9.96 -24.7004 2.53549 0.553047
9.97 -24.7258 2.53546 0.552806
9.98 -24.7511 2.53544 0.552565
9.99 -24.7765 2.53542 0.552324
10 -24.8018 2.53539 0.552083
