0 9.37687 32.5735 9.37687
0.01 9.05495 31.8114 9.37307
0.02 8.74062 31.0559 9.36174
0.03 8.43381 30.3068 9.34302
0.04 8.13447 29.5637 9.31701
0.05 7.84252 28.8264 9.28384
0.06 7.55792 28.0946 9.2436
0.07 7.28061 27.3685 9.1964
0.08 7.01053 26.6479 9.14236
0.09 6.74763 25.933 9.08161
0.1 6.49185 25.2241 9.01426
0.11 6.24313 24.5214 8.94049
0.12 6.0014 23.8254 8.86045
0.13 5.7666 23.1365 8.77434
0.14 5.53865 22.4552 8.68238
0.15 5.31747 21.7823 8.5848
0.16 5.10297 21.1183 8.48189
0.17 4.89507 20.464 8.37394
0.18 4.69366 19.8201 8.26128
0.19 4.49863 19.1875 8.14426
0.2 4.30987 18.567 8.02326
0.21 4.12725 17.9592 7.89867
0.22 3.95064 17.3649 7.77092
0.23 3.7799 16.785 7.64044
0.24 3.61489 16.2199 7.50766
0.25 3.45545 15.6703 7.37302
0.26 3.30143 15.1367 7.23696
0.27 3.15266 14.6195 7.09992
0.28 3.00898 14.1191 6.96232
0.29 2.87022 13.6356 6.82455
0.3 2.73621 13.1693 6.68701
0.31 2.60678 12.7202 6.55005
0.32 2.48175 12.2883 6.41401
0.33 2.36096 11.8734 6.2792
0.34 2.24423 11.4755 6.14588
0.35 2.13139 11.0941 6.01431
0.36 2.02229 10.7289 5.88471
0.37 1.91676 10.3797 5.75727
0.38 1.81465 10.046 5.63213
0.39 1.71579 9.72732 5.50944
0.4 1.62005 9.42315 5.38931
0.41 1.52728 9.133 5.27181
0.42 1.43735 8.85635 5.15701
0.43 1.35011 8.59265 5.04495
0.44 1.26545 8.34138 4.93566
0.45 1.18324 8.102 4.82914
0.46 1.10337 7.87396 4.7254
0.47 1.02573 7.65676 4.62441
0.48 0.950204 7.44987 4.52614
0.49 0.876698 7.25281 4.43057
0.5 0.805116 7.06508 4.33765
0.51 0.735367 6.88622 4.24734
0.52 0.667364 6.71579 4.15958
0.53 0.601025 6.55336 4.0743
0.54 0.536271 6.39851 3.99147
0.55 0.47303 6.25086 3.91101
0.56 0.411231 6.11004 3.83285
0.57 0.350808 5.97568 3.75695
0.58 0.291697 5.84746 3.68323
0.59 0.233839 5.72506 3.61162
0.6 0.177178 5.60817 3.54208
0.61 0.121658 5.49651 3.47453
0.62 0.0672308 5.38981 3.40891
0.63 0.0138465 5.28781 3.34517
0.64 -0.0385403 5.19028 3.28324
0.65 -0.0899731 5.09698 3.22306
0.66 -0.140493 5.0077 3.16459
0.67 -0.19014 4.92225 3.10776
0.68 -0.23895 4.84042 3.05253
0.69 -0.28696 4.76203 2.99884
0.7 -0.334202 4.68692 2.94664
0.71 -0.380709 4.61493 2.89589
0.72 -0.42651 4.5459 2.84654
0.73 -0.471636 4.47968 2.79853
0.74 -0.516113 4.41616 2.75184
0.75 -0.559968 4.35518 2.70642
0.76 -0.603225 4.29664 2.66222
0.77 -0.645908 4.24042 2.61921
0.78 -0.68804 4.18641 2.57736
0.79 -0.729643 4.1345 2.53661
0.8 -0.770737 4.08461 2.49695
0.81 -0.811342 4.03664 2.45833
0.82 -0.851476 3.99049 2.42073
0.83 -0.891157 3.9461 2.3841
0.84 -0.930403 3.90337 2.34843
0.85 -0.96923 3.86224 2.31368
0.86 -1.00765 3.82264 2.27981
0.87 -1.04569 3.78449 2.24682
0.88 -1.08335 3.74774 2.21466
0.89 -1.12065 3.71232 2.18332
0.9 -1.1576 3.67819 2.15277
0.91 -1.19421 3.64527 2.12298
0.92 -1.23051 3.61352 2.09393
0.93 -1.26649 3.5829 2.06561
0.94 -1.30217 3.55335 2.03798
0.95 -1.33756 3.52483 2.01103
0.96 -1.37267 3.49729 1.98473
0.97 -1.40751 3.47071 1.95908
0.98 -1.44209 3.44503 1.93404
0.99 -1.47641 3.42022 1.90961
1 -1.51049 3.39626 1.88576
1.01 -1.54434 3.37309 1.86248
1.02 -1.57796 3.35069 1.83975
1.03 -1.61136 3.32904 1.81755
1.04 -1.64454 3.3081 1.79588
1.05 -1.67752 3.28784 1.77471
1.06 -1.7103 3.26824 1.75403
1.07 -1.74289 3.24927 1.73383
1.08 -1.77529 3.23091 1.71409
1.09 -1.80751 3.21313 1.69481
1.1 -1.83955 3.19592 1.67596
1.11 -1.87143 3.17925 1.65754
1.12 -1.90314 3.1631 1.63953
1.13 -1.93469 3.14745 1.62193
1.14 -1.96609 3.13229 1.60472
1.15 -1.99734 3.11759 1.58789
1.16 -2.02844 3.10335 1.57144
1.17 -2.05941 3.08953 1.55535
1.18 -2.09023 3.07614 1.5396
1.19 -2.12093 3.06314 1.52421
1.2 -2.1515 3.05053 1.50914
1.21 -2.18194 3.0383 1.4944
1.22 -2.21227 3.02643 1.47998
1.23 -2.24247 3.01491 1.46587
1.24 -2.27257 3.00372 1.45205
1.25 -2.30255 2.99286 1.43853
1.26 -2.33242 2.98232 1.4253
1.27 -2.3622 2.97208 1.41234
1.28 -2.39187 2.96213 1.39965
1.29 -2.42144 2.95246 1.38723
1.3 -2.45092 2.94307 1.37507
1.31 -2.4803 2.93394 1.36316
1.32 -2.5096 2.92506 1.35149
1.33 -2.5388 2.91644 1.34006
1.34 -2.56793 2.90805 1.32886
1.35 -2.59697 2.8999 1.31789
1.36 -2.62592 2.89196 1.30715
1.37 -2.65481 2.88425 1.29662
1.38 -2.68361 2.87674 1.2863
1.39 -2.71234 2.86944 1.27618
1.4 -2.741 2.86234 1.26627
1.41 -2.76959 2.85542 1.25656
1.42 -2.79811 2.84869 1.24703
1.43 -2.82656 2.84214 1.2377
1.44 -2.85495 2.83576 1.22854
1.45 -2.88328 2.82955 1.21957
1.46 -2.91154 2.8235 1.21077
1.47 -2.93975 2.81761 1.20214
1.48 -2.9679 2.81187 1.19367
1.49 -2.99599 2.80628 1.18537
1.5 -3.02402 2.80083 1.17723
1.51 -3.052 2.79553 1.16924
1.52 -3.07993 2.79036 1.16141
1.53 -3.10781 2.78532 1.15372
1.54 -3.13564 2.7804 1.14618
1.55 -3.16342 2.77561 1.13878
1.56 -3.19115 2.77094 1.13152
1.57 -3.21884 2.76639 1.12439
1.58 -3.24648 2.76195 1.1174
1.59 -3.27408 2.75762 1.11054
1.6 -3.30163 2.7534 1.1038
1.61 -3.32915 2.74928 1.09719
1.62 -3.35662 2.74526 1.0907
1.63 -3.38405 2.74134 1.08433
1.64 -3.41145 2.73751 1.07807
1.65 -3.4388 2.73378 1.07193
1.66 -3.46612 2.73013 1.0659
1.67 -3.49341 2.72657 1.05997
1.68 -3.52065 2.7231 1.05416
1.69 -3.54787 2.71971 1.04845
1.7 -3.57505 2.7164 1.04284
1.71 -3.6022 2.71317 1.03733
1.72 -3.62931 2.71002 1.03191
1.73 -3.6564 2.70693 1.0266
1.74 -3.68345 2.70392 1.02138
1.75 -3.71048 2.70098 1.01624
1.76 -3.73747 2.69811 1.0112
1.77 -3.76444 2.6953 1.00625
1.78 -3.79138 2.69256 1.00138
1.79 -3.81829 2.68988 0.996602
1.8 -3.84518 2.68727 0.991902
1.81 -3.87203 2.68471 0.987284
1.82 -3.89887 2.68221 0.982745
1.83 -3.92568 2.67976 0.978283
1.84 -3.95246 2.67737 0.973898
1.85 -3.97923 2.67503 0.969587
1.86 -4.00597 2.67275 0.96535
1.87 -4.03268 2.67052 0.961184
1.88 -4.05938 2.66833 0.957089
1.89 -4.08605 2.6662 0.953062
1.9 -4.1127 2.66411 0.949103
1.91 -4.13933 2.66206 0.94521
1.92 -4.16594 2.66006 0.941381
1.93 -4.19253 2.65811 0.937617
1.94 -4.2191 2.65619 0.933914
1.95 -4.24566 2.65432 0.930273
1.96 -4.27219 2.65249 0.926691
1.97 -4.29871 2.6507 0.923168
1.98 -4.3252 2.64894 0.919703
1.99 -4.35169 2.64723 0.916294
2 -4.37815 2.64555 0.912941
2.01 -4.4046 2.6439 0.909642
2.02 -4.43103 2.64229 0.906396
2.03 -4.45744 2.64071 0.903202
2.04 -4.48384 2.63917 0.90006
2.05 -4.51023 2.63766 0.896967
2.06 -4.5366 2.63617 0.893924
2.07 -4.56295 2.63472 0.890929
2.08 -4.58929 2.6333 0.887982
2.09 -4.61562 2.63191 0.885081
2.1 -4.64193 2.63055 0.882226
2.11 -4.66823 2.62921 0.879416
2.12 -4.69451 2.62791 0.876649
2.13 -4.72078 2.62662 0.873926
2.14 -4.74704 2.62537 0.871245
2.15 -4.77329 2.62414 0.868605
2.16 -4.79953 2.62293 0.866006
2.17 -4.82575 2.62175 0.863448
2.18 -4.85196 2.62059 0.860928
2.19 -4.87816 2.61946 0.858447
2.2 -4.90435 2.61834 0.856003
2.21 -4.93053 2.61725 0.853597
2.22 -4.9567 2.61618 0.851227
2.23 -4.98285 2.61513 0.848893
2.24 -5.009 2.6141 0.846594
2.25 -5.03514 2.6131 0.84433
2.26 -5.06126 2.61211 0.842099
2.27 -5.08738 2.61114 0.839902
2.28 -5.11348 2.61018 0.837737
2.29 -5.13958 2.60925 0.835604
2.3 -5.16567 2.60834 0.833502
2.31 -5.19175 2.60744 0.831432
2.32 -5.21782 2.60656 0.829391
2.33 -5.24388 2.60569 0.827381
2.34 -5.26993 2.60484 0.825399
2.35 -5.29598 2.60401 0.823447
2.36 -5.32201 2.60319 0.821523
2.37 -5.34804 2.60239 0.819626
2.38 -5.37406 2.6016 0.817756
2.39 -5.40007 2.60083 0.815914
2.4 -5.42608 2.60007 0.814097
2.41 -5.45207 2.59933 0.812306
2.42 -5.47806 2.5986 0.810541
2.43 -5.50405 2.59788 0.8088
2.44 -5.53002 2.59717 0.807084
2.45 -5.55599 2.59648 0.805392
2.46 -5.58195 2.5958 0.803724
2.47 -5.60791 2.59514 0.802079
2.48 -5.63385 2.59448 0.800456
2.49 -5.6598 2.59384 0.798856
2.5 -5.68573 2.5932 0.797278
2.51 -5.71166 2.59258 0.795722
2.52 -5.73758 2.59197 0.794186
2.53 -5.7635 2.59137 0.792672
2.54 -5.78941 2.59078 0.791178
2.55 -5.81531 2.5902 0.789705
2.56 -5.84121 2.58963 0.788251
2.57 -5.86711 2.58908 0.786817
2.58 -5.893 2.58853 0.785402
2.59 -5.91888 2.58799 0.784005
2.6 -5.94476 2.58745 0.782628
2.61 -5.97063 2.58693 0.781268
2.62 -5.99649 2.58642 0.779927
2.63 -6.02236 2.58592 0.778602
2.64 -6.04821 2.58542 0.777296
2.65 -6.07406 2.58493 0.776006
2.66 -6.09991 2.58445 0.774733
2.67 -6.12575 2.58398 0.773476
2.68 -6.15159 2.58352 0.772236
2.69 -6.17742 2.58306 0.771012
2.7 -6.20325 2.58261 0.769803
2.71 -6.22908 2.58217 0.768609
2.72 -6.2549 2.58174 0.767431
2.73 -6.28071 2.58131 0.766267
2.74 -6.30652 2.58089 0.765119
2.75 -6.33233 2.58048 0.763984
2.76 -6.35813 2.58007 0.762864
2.77 -6.38393 2.57967 0.761757
2.78 -6.40972 2.57928 0.760665
2.79 -6.43552 2.57889 0.759586
2.8 -6.4613 2.57851 0.75852
2.81 -6.48709 2.57813 0.757467
2.82 -6.51287 2.57776 0.756427
2.83 -6.53864 2.5774 0.755399
2.84 -6.56441 2.57704 0.754384
2.85 -6.59018 2.57669 0.753381
2.86 -6.61595 2.57634 0.752391
2.87 -6.64171 2.576 0.751412
2.88 -6.66747 2.57566 0.750444
2.89 -6.69322 2.57533 0.749488
2.9 -6.71897 2.57501 0.748544
2.91 -6.74472 2.57468 0.74761
2.92 -6.77047 2.57437 0.746688
2.93 -6.79621 2.57406 0.745776
2.94 -6.82195 2.57375 0.744875
2.95 -6.84768 2.57345 0.743984
2.96 -6.87342 2.57315 0.743103
2.97 -6.89915 2.57286 0.742233
2.98 -6.92487 2.57257 0.741372
2.99 -6.9506 2.57228 0.740521
3 -6.97632 2.572 0.73968
3.01 -7.00204 2.57172 0.738849
3.02 -7.02775 2.57145 0.738026
3.03 -7.05347 2.57118 0.737213
3.04 -7.07918 2.57092 0.736409
3.05 -7.10489 2.57066 0.735614
3.06 -7.13059 2.5704 0.734827
3.07 -7.15629 2.57014 0.734049
3.08 -7.18199 2.56989 0.73328
3.09 -7.20769 2.56965 0.732519
3.1 -7.23339 2.5694 0.731766
3.11 -7.25908 2.56916 0.731021
3.12 -7.28477 2.56893 0.730285
3.13 -7.31046 2.56869 0.729556
3.14 -7.33614 2.56846 0.728835
3.15 -7.36183 2.56824 0.728121
3.16 -7.38751 2.56801 0.727415
3.17 -7.41319 2.56779 0.726717
3.18 -7.43887 2.56758 0.726026
3.19 -7.46454 2.56736 0.725341
3.2 -7.49021 2.56715 0.724665
3.21 -7.51588 2.56694 0.723994
3.22 -7.54155 2.56673 0.723331
3.23 -7.56722 2.56653 0.722675
3.24 -7.59288 2.56633 0.722025
3.25 -7.61854 2.56613 0.721382
3.26 -7.6442 2.56594 0.720745
3.27 -7.66986 2.56574 0.720115
3.28 -7.69552 2.56555 0.719491
3.29 -7.72117 2.56536 0.718873
3.3 -7.74683 2.56518 0.718261
3.31 -7.77248 2.56499 0.717655
3.32 -7.79813 2.56481 0.717056
3.33 -7.82377 2.56464 0.716461
3.34 -7.84942 2.56446 0.715873
3.35 -7.87506 2.56428 0.715291
3.36 -7.9007 2.56411 0.714713
3.37 -7.92635 2.56394 0.714142
3.38 -7.95198 2.56377 0.713576
3.39 -7.97762 2.56361 0.713015
3.4 -8.00326 2.56345 0.712459
3.41 -8.02889 2.56328 0.711909
3.42 -8.05452 2.56312 0.711364
3.43 -8.08015 2.56297 0.710823
3.44 -8.10578 2.56281 0.710288
3.45 -8.13141 2.56266 0.709758
3.46 -8.15703 2.5625 0.709232
3.47 -8.18266 2.56235 0.708711
3.48 -8.20828 2.56221 0.708195
3.49 -8.2339 2.56206 0.707684
3.5 -8.25952 2.56191 0.707177
3.51 -8.28514 2.56177 0.706674
3.52 -8.31076 2.56163 0.706176
3.53 -8.33637 2.56149 0.705682
3.54 -8.36199 2.56135 0.705193
3.55 -8.3876 2.56121 0.704708
3.56 -8.41321 2.56108 0.704227
3.57 -8.43882 2.56094 0.70375
3.58 -8.46443 2.56081 0.703277
3.59 -8.49004 2.56068 0.702808
3.6 -8.51564 2.56055 0.702343
3.61 -8.54125 2.56042 0.701882
3.62 -8.56685 2.5603 0.701425
3.63 -8.59246 2.56017 0.700972
3.64 -8.61806 2.56005 0.700522
3.65 -8.64366 2.55993 0.700076
3.66 -8.66925 2.55981 0.699634
3.67 -8.69485 2.55969 0.699195
3.68 -8.72045 2.55957 0.69876
3.69 -8.74604 2.55945 0.698328
3.7 -8.77164 2.55933 0.6979
3.71 -8.79723 2.55922 0.697475
3.72 -8.82282 2.55911 0.697054
3.73 -8.84841 2.55899 0.696635
3.74 -8.874 2.55888 0.69622
3.75 -8.89959 2.55877 0.695808
3.76 -8.92518 2.55866 0.6954
3.77 -8.95076 2.55856 0.694994
3.78 -8.97635 2.55845 0.694591
3.79 -9.00193 2.55834 0.694192
3.8 -9.02752 2.55824 0.693795
3.81 -9.0531 2.55814 0.693402
3.82 -9.07868 2.55803 0.693011
3.83 -9.10426 2.55793 0.692623
3.84 -9.12984 2.55783 0.692238
3.85 -9.15541 2.55773 0.691856
3.86 -9.18099 2.55763 0.691477
3.87 -9.20657 2.55754 0.6911
3.88 -9.23214 2.55744 0.690726
3.89 -9.25772 2.55734 0.690354
3.9 -9.28329 2.55725 0.689986
3.91 -9.30886 2.55716 0.689619
3.92 -9.33443 2.55706 0.689255
3.93 -9.36 2.55697 0.688894
3.94 -9.38557 2.55688 0.688535
3.95 -9.41114 2.55679 0.688179
3.96 -9.43671 2.5567 0.687825
3.97 -9.46227 2.55661 0.687473
3.98 -9.48784 2.55652 0.687124
3.99 -9.5134 2.55644 0.686777
4 -9.53897 2.55635 0.686432
4.01 -9.56453 2.55626 0.68609
4.02 -9.59009 2.55618 0.685749
4.03 -9.61565 2.5561 0.685411
4.04 -9.64122 2.55601 0.685075
4.05 -9.66678 2.55593 0.684741
4.06 -9.69233 2.55585 0.68441
4.07 -9.71789 2.55577 0.68408
4.08 -9.74345 2.55569 0.683752
4.09 -9.76901 2.55561 0.683426
4.1 -9.79456 2.55553 0.683103
4.11 -9.82012 2.55545 0.682781
4.12 -9.84567 2.55537 0.682461
4.13 -9.87122 2.55529 0.682143
4.14 -9.89678 2.55522 0.681827
4.15 -9.92233 2.55514 0.681513
4.16 -9.94788 2.55507 0.6812
4.17 -9.97343 2.55499 0.68089
4.18 -9.99898 2.55492 0.680581
4.19 -10.0245 2.55485 0.680274
4.2 -10.0501 2.55477 0.679968
4.21 -10.0756 2.5547 0.679665
4.22 -10.1012 2.55463 0.679362
4.23 -10.1267 2.55456 0.679062
4.24 -10.1523 2.55449 0.678763
4.25 -10.1778 2.55442 0.678466
4.26 -10.2033 2.55435 0.678171
4.27 -10.2289 2.55428 0.677877
4.28 -10.2544 2.55421 0.677584
4.29 -10.28 2.55414 0.677293
4.3 -10.3055 2.55407 0.677004
4.31 -10.3311 2.55401 0.676716
4.32 -10.3566 2.55394 0.676429
4.33 -10.3821 2.55388 0.676144
4.34 -10.4077 2.55381 0.675861
4.35 -10.4332 2.55375 0.675578
4.36 -10.4588 2.55368 0.675298
4.37 -10.4843 2.55362 0.675018
4.38 -10.5098 2.55355 0.67474
4.39 -10.5354 2.55349 0.674463
4.4 -10.5609 2.55343 0.674188
4.41 -10.5864 2.55337 0.673913
4.42 -10.612 2.5533 0.67364
4.43 -10.6375 2.55324 0.673369
4.44 -10.663 2.55318 0.673098
4.45 -10.6886 2.55312 0.672829
4.46 -10.7141 2.55306 0.672561
4.47 -10.7396 2.553 0.672294
4.48 -10.7651 2.55294 0.672028
4.49 -10.7907 2.55288 0.671764
4.5 -10.8162 2.55282 0.6715
4.51 -10.8417 2.55277 0.671238
4.52 -10.8673 2.55271 0.670977
4.53 -10.8928 2.55265 0.670717
4.54 -10.9183 2.55259 0.670458
4.55 -10.9438 2.55254 0.6702
4.56 -10.9694 2.55248 0.669943
4.57 -10.9949 2.55242 0.669687
4.58 -11.0204 2.55237 0.669432
4.59 -11.0459 2.55231 0.669178
4.6 -11.0715 2.55226 0.668925
4.61 -11.097 2.5522 0.668673
4.62 -11.1225 2.55215 0.668422
4.63 -11.148 2.55209 0.668172
4.64 -11.1735 2.55204 0.667923
4.65 -11.1991 2.55199 0.667675
4.66 -11.2246 2.55193 0.667427
4.67 -11.2501 2.55188 0.667181
4.68 -11.2756 2.55183 0.666935
4.69 -11.3011 2.55178 0.666691
4.7 -11.3267 2.55172 0.666447
4.71 -11.3522 2.55167 0.666204
4.72 -11.3777 2.55162 0.665962
4.73 -11.4032 2.55157 0.66572
4.74 -11.4287 2.55152 0.66548
4.75 -11.4542 2.55147 0.66524
4.76 -11.4798 2.55142 0.665001
4.77 -11.5053 2.55137 0.664763
4.78 -11.5308 2.55132 0.664526
4.79 -11.5563 2.55127 0.664289
4.8 -11.5818 2.55122 0.664053
4.81 -11.6073 2.55117 0.663818
4.82 -11.6328 2.55112 0.663583
4.83 -11.6583 2.55107 0.663349
4.84 -11.6838 2.55103 0.663116
4.85 -11.7094 2.55098 0.662884
4.86 -11.7349 2.55093 0.662652
4.87 -11.7604 2.55088 0.662421
4.88 -11.7859 2.55084 0.66219
4.89 -11.8114 2.55079 0.661961
4.9 -11.8369 2.55074 0.661731
4.91 -11.8624 2.55069 0.661503
4.92 -11.8879 2.55065 0.661275
4.93 -11.9134 2.5506 0.661048
4.94 -11.9389 2.55056 0.660821
4.95 -11.9644 2.55051 0.660595
4.96 -11.9899 2.55047 0.660369
4.97 -12.0154 2.55042 0.660144
4.98 -12.0409 2.55037 0.659919
4.99 -12.0665 2.55033 0.659695
5 -12.092 2.55029 0.659472
5.01 -12.1175 2.55024 0.659249
5.02 -12.143 2.5502 0.659027
5.03 -12.1685 2.55015 0.658805
5.04 -12.194 2.55011 0.658584
5.05 -12.2195 2.55006 0.658363
5.06 -12.245 2.55002 0.658142
5.07 -12.2705 2.54998 0.657923
5.08 -12.296 2.54993 0.657703
5.09 -12.3215 2.54989 0.657484
5.1 -12.347 2.54985 0.657266
5.11 -12.3725 2.54981 0.657048
5.12 -12.398 2.54976 0.65683
5.13 -12.4235 2.54972 0.656613
5.14 -12.449 2.54968 0.656396
5.15 -12.4744 2.54964 0.65618
5.16 -12.4999 2.54959 0.655964
5.17 -12.5254 2.54955 0.655749
5.18 -12.5509 2.54951 0.655534
5.19 -12.5764 2.54947 0.655319
5.2 -12.6019 2.54943 0.655105
5.21 -12.6274 2.54939 0.654891
5.22 -12.6529 2.54935 0.654677
5.23 -12.6784 2.54931 0.654464
5.24 -12.7039 2.54926 0.654251
5.25 -12.7294 2.54922 0.654038
5.26 -12.7549 2.54918 0.653826
5.27 -12.7804 2.54914 0.653615
5.28 -12.8059 2.5491 0.653403
5.29 -12.8314 2.54906 0.653192
5.3 -12.8568 2.54902 0.652981
5.31 -12.8823 2.54898 0.652771
5.32 -12.9078 2.54894 0.65256
5.33 -12.9333 2.54891 0.65235
5.34 -12.9588 2.54887 0.652141
5.35 -12.9843 2.54883 0.651931
5.36 -13.0098 2.54879 0.651722
5.37 -13.0353 2.54875 0.651514
5.38 -13.0608 2.54871 0.651305
5.39 -13.0862 2.54867 0.651097
5.4 -13.1117 2.54863 0.650889
5.41 -13.1372 2.54859 0.650681
5.42 -13.1627 2.54856 0.650474
5.43 -13.1882 2.54852 0.650267
5.44 -13.2137 2.54848 0.65006
5.45 -13.2392 2.54844 0.649853
5.46 -13.2646 2.5484 0.649647
5.47 -13.2901 2.54837 0.64944
5.48 -13.3156 2.54833 0.649234
5.49 -13.3411 2.54829 0.649028
5.5 -13.3666 2.54825 0.648823
5.51 -13.3921 2.54822 0.648617
5.52 -13.4175 2.54818 0.648412
5.53 -13.443 2.54814 0.648207
5.54 -13.4685 2.54811 0.648002
5.55 -13.494 2.54807 0.647798
5.56 -13.5195 2.54803 0.647593
5.57 -13.5449 2.54799 0.647389
5.58 -13.5704 2.54796 0.647185
5.59 -13.5959 2.54792 0.646981
5.6 -13.6214 2.54789 0.646777
5.61 -13.6469 2.54785 0.646574
5.62 -13.6723 2.54781 0.64637
5.63 -13.6978 2.54778 0.646167
5.64 -13.7233 2.54774 0.645964
5.65 -13.7488 2.5477 0.645761
5.66 -13.7742 2.54767 0.645558
5.67 -13.7997 2.54763 0.645355
5.68 -13.8252 2.5476 0.645153
5.69 -13.8507 2.54756 0.644951
5.7 -13.8762 2.54753 0.644748
5.71 -13.9016 2.54749 0.644546
5.72 -13.9271 2.54746 0.644344
5.73 -13.9526 2.54742 0.644142
5.74 -13.978 2.54738 0.64394
5.75 -14.0035 2.54735 0.643739
5.76 -14.029 2.54731 0.643537
5.77 -14.0545 2.54728 0.643335
5.78 -14.0799 2.54724 0.643134
5.79 -14.1054 2.54721 0.642933
5.8 -14.1309 2.54718 0.642731
5.81 -14.1564 2.54714 0.64253
5.82 -14.1818 2.54711 0.642329
5.83 -14.2073 2.54707 0.642128
5.84 -14.2328 2.54704 0.641927
5.85 -14.2582 2.547 0.641727
5.86 -14.2837 2.54697 0.641526
5.87 -14.3092 2.54693 0.641325
5.88 -14.3346 2.5469 0.641125
5.89 -14.3601 2.54687 0.640924
5.9 -14.3856 2.54683 0.640724
5.91 -14.4111 2.5468 0.640523
5.92 -14.4365 2.54676 0.640323
5.93 -14.462 2.54673 0.640123
5.94 -14.4875 2.5467 0.639922
5.95 -14.5129 2.54666 0.639722
5.96 -14.5384 2.54663 0.639522
5.97 -14.5639 2.5466 0.639322
5.98 -14.5893 2.54656 0.639122
5.99 -14.6148 2.54653 0.638922
6 -14.6403 2.5465 0.638722
6.01 -14.6657 2.54646 0.638522
6.02 -14.6912 2.54643 0.638322
6.03 -14.7166 2.5464 0.638122
6.04 -14.7421 2.54636 0.637922
6.05 -14.7676 2.54633 0.637722
6.06 -14.793 2.5463 0.637522
6.07 -14.8185 2.54626 0.637322
6.08 -14.844 2.54623 0.637122
6.09 -14.8694 2.5462 0.636922
6.1 -14.8949 2.54617 0.636722
6.11 -14.9203 2.54613 0.636523
6.12 -14.9458 2.5461 0.636323
6.13 -14.9713 2.54607 0.636123
6.14 -14.9967 2.54603 0.635923
6.15 -15.0222 2.546 0.635723
6.16 -15.0476 2.54597 0.635523
6.17 -15.0731 2.54594 0.635324
6.18 -15.0986 2.5459 0.635124
6.19 -15.124 2.54587 0.634924
6.2 -15.1495 2.54584 0.634724
6.21 -15.1749 2.54581 0.634524
6.22 -15.2004 2.54578 0.634324
6.23 -15.2259 2.54574 0.634124
6.24 -15.2513 2.54571 0.633924
6.25 -15.2768 2.54568 0.633724
6.26 -15.3022 2.54565 0.633524
6.27 -15.3277 2.54562 0.633324
6.28 -15.3531 2.54558 0.633124
6.29 -15.3786 2.54555 0.632924
6.3 -15.4041 2.54552 0.632724
6.31 -15.4295 2.54549 0.632524
6.32 -15.455 2.54546 0.632324
6.33 -15.4804 2.54543 0.632123
6.34 -15.5059 2.54539 0.631923
6.35 -15.5313 2.54536 0.631723
6.36 -15.5568 2.54533 0.631523
6.37 -15.5822 2.5453 0.631322
6.38 -15.6077 2.54527 0.631122
6.39 -15.6331 2.54524 0.630921
6.4 -15.6586 2.5452 0.630721
6.41 -15.684 2.54517 0.63052
6.42 -15.7095 2.54514 0.630319
6.43 -15.7349 2.54511 0.630119
6.44 -15.7604 2.54508 0.629918
6.45 -15.7858 2.54505 0.629717
6.46 -15.8113 2.54502 0.629516
6.47 -15.8367 2.54499 0.629315
6.48 -15.8622 2.54496 0.629114
6.49 -15.8876 2.54492 0.628913
6.5 -15.9131 2.54489 0.628712
6.51 -15.9385 2.54486 0.628511
6.52 -15.964 2.54483 0.62831
6.53 -15.9894 2.5448 0.628109
6.54 -16.0149 2.54477 0.627907
6.55 -16.0403 2.54474 0.627706
6.56 -16.0658 2.54471 0.627504
6.57 -16.0912 2.54468 0.627303
6.58 -16.1167 2.54465 0.627101
6.59 -16.1421 2.54462 0.626899
6.6 -16.1676 2.54459 0.626697
6.61 -16.193 2.54456 0.626496
6.62 -16.2185 2.54452 0.626294
6.63 -16.2439 2.54449 0.626092
6.64 -16.2693 2.54446 0.625889
6.65 -16.2948 2.54443 0.625687
6.66 -16.3202 2.5444 0.625485
6.67 -16.3457 2.54437 0.625283
6.68 -16.3711 2.54434 0.62508
6.69 -16.3966 2.54431 0.624878
6.7 -16.422 2.54428 0.624675
6.71 -16.4475 2.54425 0.624472
6.72 -16.4729 2.54422 0.624269
6.73 -16.4983 2.54419 0.624066
6.74 -16.5238 2.54416 0.623863
6.75 -16.5492 2.54413 0.62366
6.76 -16.5747 2.5441 0.623457
6.77 -16.6001 2.54407 0.623254
6.78 -16.6255 2.54404 0.623051
6.79 -16.651 2.54401 0.622847
6.8 -16.6764 2.54398 0.622644
6.81 -16.7019 2.54395 0.62244
6.82 -16.7273 2.54392 0.622236
6.83 -16.7527 2.54389 0.622032
6.84 -16.7782 2.54386 0.621828
6.85 -16.8036 2.54383 0.621624
6.86 -16.8291 2.5438 0.62142
6.87 -16.8545 2.54377 0.621216
6.88 -16.8799 2.54374 0.621011
6.89 -16.9054 2.54371 0.620807
6.9 -16.9308 2.54368 0.620602
6.91 -16.9562 2.54365 0.620398
6.92 -16.9817 2.54362 0.620193
6.93 -17.0071 2.54359 0.619988
6.94 -17.0326 2.54356 0.619783
6.95 -17.058 2.54353 0.619578
6.96 -17.0834 2.54351 0.619373
6.97 -17.1089 2.54348 0.619167
6.98 -17.1343 2.54345 0.618962
6.99 -17.1597 2.54342 0.618756
7 -17.1852 2.54339 0.618551
7.01 -17.2106 2.54336 0.618345
7.02 -17.236 2.54333 0.618139
7.03 -17.2615 2.5433 0.617933
7.04 -17.2869 2.54327 0.617727
7.05 -17.3123 2.54324 0.617521
7.06 -17.3378 2.54321 0.617314
7.07 -17.3632 2.54318 0.617108
7.08 -17.3886 2.54315 0.616901
7.09 -17.4141 2.54312 0.616695
7.1 -17.4395 2.54309 0.616488
7.11 -17.4649 2.54307 0.616281
7.12 -17.4903 2.54304 0.616074
7.13 -17.5158 2.54301 0.615867
7.14 -17.5412 2.54298 0.615659
7.15 -17.5666 2.54295 0.615452
7.16 -17.5921 2.54292 0.615245
7.17 -17.6175 2.54289 0.615037
7.18 -17.6429 2.54286 0.614829
7.19 -17.6684 2.54283 0.614621
7.2 -17.6938 2.5428 0.614413
7.21 -17.7192 2.54278 0.614205
7.22 -17.7446 2.54275 0.613997
7.23 -17.7701 2.54272 0.613788
7.24 -17.7955 2.54269 0.61358
7.25 -17.8209 2.54266 0.613371
7.26 -17.8463 2.54263 0.613163
7.27 -17.8718 2.5426 0.612954
7.28 -17.8972 2.54257 0.612745
7.29 -17.9226 2.54255 0.612536
7.3 -17.948 2.54252 0.612326
7.31 -17.9735 2.54249 0.612117
7.32 -17.9989 2.54246 0.611907
7.33 -18.0243 2.54243 0.611698
7.34 -18.0497 2.5424 0.611488
7.35 -18.0752 2.54237 0.611278
7.36 -18.1006 2.54235 0.611068
7.37 -18.126 2.54232 0.610858
7.38 -18.1514 2.54229 0.610648
7.39 -18.1769 2.54226 0.610437
7.4 -18.2023 2.54223 0.610227
7.41 -18.2277 2.5422 0.610016
7.42 -18.2531 2.54217 0.609805
7.43 -18.2785 2.54215 0.609594
7.44 -18.304 2.54212 0.609383
7.45 -18.3294 2.54209 0.609172
7.46 -18.3548 2.54206 0.608961
7.47 -18.3802 2.54203 0.608749
7.48 -18.4057 2.542 0.608538
7.49 -18.4311 2.54198 0.608326
7.5 -18.4565 2.54195 0.608114
7.51 -18.4819 2.54192 0.607902
7.52 -18.5073 2.54189 0.60769
7.53 -18.5328 2.54186 0.607478
7.54 -18.5582 2.54183 0.607265
7.55 -18.5836 2.54181 0.607053
7.56 -18.609 2.54178 0.60684
7.57 -18.6344 2.54175 0.606627
7.58 -18.6598 2.54172 0.606415
7.59 -18.6853 2.54169 0.606201
7.6 -18.7107 2.54167 0.605988
7.61 -18.7361 2.54164 0.605775
7.62 -18.7615 2.54161 0.605562
7.63 -18.7869 2.54158 0.605348
7.64 -18.8123 2.54155 0.605134
7.65 -18.8378 2.54153 0.60492
7.66 -18.8632 2.5415 0.604706
7.67 -18.8886 2.54147 0.604492
7.68 -18.914 2.54144 0.604278
7.69 -18.9394 2.54141 0.604064
7.7 -18.9648 2.54139 0.603849
7.71 -18.9902 2.54136 0.603634
7.72 -19.0157 2.54133 0.60342
7.73 -19.0411 2.5413 0.603205
7.74 -19.0665 2.54128 0.60299
7.75 -19.0919 2.54125 0.602774
7.76 -19.1173 2.54122 0.602559
7.77 -19.1427 2.54119 0.602344
7.78 -19.1681 2.54116 0.602128
7.79 -19.1935 2.54114 0.601912
7.8 -19.219 2.54111 0.601696
7.81 -19.2444 2.54108 0.60148
7.82 -19.2698 2.54105 0.601264
7.83 -19.2952 2.54103 0.601048
7.84 -19.3206 2.541 0.600831
7.85 -19.346 2.54097 0.600615
7.86 -19.3714 2.54094 0.600398
7.87 -19.3968 2.54092 0.600181
7.88 -19.4222 2.54089 0.599964
7.89 -19.4476 2.54086 0.599747
7.9 -19.473 2.54083 0.59953
7.91 -19.4985 2.54081 0.599313
7.92 -19.5239 2.54078 0.599095
7.93 -19.5493 2.54075 0.598877
7.94 -19.5747 2.54072 0.59866
7.95 -19.6001 2.5407 0.598442
7.96 -19.6255 2.54067 0.598224
7.97 -19.6509 2.54064 0.598005
7.98 -19.6763 2.54061 0.597787
7.99 -19.7017 2.54059 0.597569
8 -19.7271 2.54056 0.59735
8.01 -19.7525 2.54053 0.597131
8.02 -19.7779 2.5405 0.596912
8.03 -19.8033 2.54048 0.596693
8.04 -19.8287 2.54045 0.596474
8.05 -19.8541 2.54042 0.596255
8.06 -19.8795 2.54039 0.596035
8.07 -19.9049 2.54037 0.595816
8.08 -19.9304 2.54034 0.595596
8.09 -19.9558 2.54031 0.595376
8.1 -19.9812 2.54029 0.595156
8.11 -20.0066 2.54026 0.594936
8.12 -20.032 2.54023 0.594716
8.13 -20.0574 2.5402 0.594496
8.14 -20.0828 2.54018 0.594275
8.15 -20.1082 2.54015 0.594054
8.16 -20.1336 2.54012 0.593834
8.17 -20.159 2.5401 0.593613
8.18 -20.1844 2.54007 0.593392
8.19 -20.2098 2.54004 0.59317
8.2 -20.2352 2.54002 0.592949
8.21 -20.2606 2.53999 0.592728
8.22 -20.286 2.53996 0.592506
8.23 -20.3114 2.53993 0.592284
8.24 -20.3368 2.53991 0.592062
8.25 -20.3622 2.53988 0.59184
8.26 -20.3876 2.53985 0.591618
8.27 -20.413 2.53983 0.591396
8.28 -20.4384 2.5398 0.591174
8.29 -20.4638 2.53977 0.590951
8.3 -20.4892 2.53975 0.590728
8.31 -20.5146 2.53972 0.590506
8.32 -20.54 2.53969 0.590283
8.33 -20.5654 2.53967 0.59006
8.34 -20.5908 2.53964 0.589836
8.35 -20.6161 2.53961 0.589613
8.36 -20.6415 2.53959 0.58939
8.37 -20.6669 2.53956 0.589166
8.38 -20.6923 2.53953 0.588942
8.39 -20.7177 2.53951 0.588718
8.4 -20.7431 2.53948 0.588494
8.41 -20.7685 2.53945 0.58827
8.42 -20.7939 2.53943 0.588046
8.43 -20.8193 2.5394 0.587821
8.44 -20.8447 2.53937 0.587597
8.45 -20.8701 2.53935 0.587372
8.46 -20.8955 2.53932 0.587147
8.47 -20.9209 2.53929 0.586922
8.48 -20.9463 2.53927 0.586697
8.49 -20.9717 2.53924 0.586472
8.5 -20.9971 2.53921 0.586247
8.51 -21.0225 2.53919 0.586021
8.52 -21.0478 2.53916 0.585796
8.53 -21.0732 2.53913 0.58557
8.54 -21.0986 2.53911 0.585344
8.55 -21.124 2.53908 0.585118
8.56 -21.1494 2.53905 0.584892
8.57 -21.1748 2.53903 0.584666
8.58 -21.2002 2.539 0.584439
8.59 -21.2256 2.53897 0.584213
8.6 -21.251 2.53895 0.583986
8.61 -21.2764 2.53892 0.583759
8.62 -21.3017 2.5389 0.583533
8.63 -21.3271 2.53887 0.583305
8.64 -21.3525 2.53884 0.583078
8.65 -21.3779 2.53882 0.582851
8.66 -21.4033 2.53879 0.582624
8.67 -21.4287 2.53876 0.582396
8.68 -21.4541 2.53874 0.582168
8.69 -21.4795 2.53871 0.581941
8.7 -21.5048 2.53869 0.581713
8.71 -21.5302 2.53866 0.581485
8.72 -21.5556 2.53863 0.581256
8.73 -21.581 2.53861 0.581028
8.74 -21.6064 2.53858 0.5808
8.75 -21.6318 2.53855 0.580571
8.76 -21.6572 2.53853 0.580342
8.77 -21.6825 2.5385 0.580113
8.78 -21.7079 2.53848 0.579885
8.79 -21.7333 2.53845 0.579655
8.8 -21.7587 2.53842 0.579426
8.81 -21.7841 2.5384 0.579197
8.82 -21.8095 2.53837 0.578967
8.83 -21.8349 2.53835 0.578738
8.84 -21.8602 2.53832 0.578508
8.85 -21.8856 2.53829 0.578278
8.86 -21.911 2.53827 0.578048
8.87 -21.9364 2.53824 0.577818
8.88 -21.9618 2.53822 0.577588
8.89 -21.9872 2.53819 0.577358
8.9 -22.0125 2.53816 0.577127
8.91 -22.0379 2.53814 0.576897
8.92 -22.0633 2.53811 0.576666
8.93 -22.0887 2.53809 0.576435
8.94 -22.1141 2.53806 0.576204
8.95 -22.1394 2.53803 0.575973
8.96 -22.1648 2.53801 0.575742
8.97 -22.1902 2.53798 0.575511
8.98 -22.2156 2.53796 0.575279
8.99 -22.241 2.53793 0.575048
9 -22.2663 2.53791 0.574816
9.01 -22.2917 2.53788 0.574584
9.02 -22.3171 2.53785 0.574352
9.03 -22.3425 2.53783 0.57412
9.04 -22.3679 2.5378 0.573888
9.05 -22.3932 2.53778 0.573656
9.06 -22.4186 2.53775 0.573423
9.07 -22.444 2.53773 0.573191
9.08 -22.4694 2.5377 0.572958
9.09 -22.4947 2.53767 0.572725
9.1 -22.5201 2.53765 0.572492
9.11 -22.5455 2.53762 0.572259
9.12 -22.5709 2.5376 0.572026
9.13 -22.5962 2.53757 0.571793
9.14 -22.6216 2.53755 0.57156
9.15 -22.647 2.53752 0.571326
9.16 -22.6724 2.5375 0.571093
9.17 -22.6977 2.53747 0.570859
9.18 -22.7231 2.53744 0.570625
9.19 -22.7485 2.53742 0.570391
9.2 -22.7739 2.53739 0.570157
9.21 -22.7992 2.53737 0.569923
9.22 -22.8246 2.53734 0.569689
9.23 -22.85 2.53732 0.569454
9.24 -22.8754 2.53729 0.56922
9.25 -22.9007 2.53727 0.568985
9.26 -22.9261 2.53724 0.56875
9.27 -22.9515 2.53722 0.568515
9.28 -22.9768 2.53719 0.56828
9.29 -23.0022 2.53717 0.568045
9.3 -23.0276 2.53714 0.56781
9.31 -23.053 2.53711 0.567575
9.32 -23.0783 2.53709 0.567339
9.33 -23.1037 2.53706 0.567104
9.34 -23.1291 2.53704 0.566868
9.35 -23.1544 2.53701 0.566632
9.36 -23.1798 2.53699 0.566396
9.37 -23.2052 2.53696 0.56616
9.38 -23.2306 2.53694 0.565924
9.39 -23.2559 2.53691 0.565688
9.4 -23.2813 2.53689 0.565452
9.41 -23.3067 2.53686 0.565215
9.42 -23.332 2.53684 0.564979
9.43 -23.3574 2.53681 0.564742
9.44 -23.3828 2.53679 0.564505
9.45 -23.4081 2.53676 0.564268
9.46 -23.4335 2.53674 0.564031
9.47 -23.4589 2.53671 0.563794
9.48 -23.4842 2.53669 0.563557
9.49 -23.5096 2.53666 0.563319
9.5 -23.535 2.53664 0.563082
9.51 -23.5603 2.53661 0.562844
9.52 -23.5857 2.53659 0.562607
9.53 -23.6111 2.53656 0.562369
9.54 -23.6364 2.53654 0.562131
9.55 -23.6618 2.53651 0.561893
9.56 -23.6872 2.53649 0.561655
9.57 -23.7125 2.53646 0.561417
9.58 -23.7379 2.53644 0.561179
9.59 -23.7633 2.53641 0.56094
9.6 -23.7886 2.53639 0.560702
9.61 -23.814 2.53636 0.560463
9.62 -23.8393 2.53634 0.560224
9.63 -23.8647 2.53631 0.559985
9.64 -23.8901 2.53629 0.559746
9.65 -23.9154 2.53626 0.559507
9.66 -23.9408 2.53624 0.559268
9.67 -23.9662 2.53621 0.559029
9.68 -23.9915 2.53619 0.55879
9.69 -24.0169 2.53616 0.55855
9.7 -24.0422 2.53614 0.558311
9.71 -24.0676 2.53612 0.558071
9.72 -24.093 2.53609 0.557831
9.73 -24.1183 2.53607 0.557591
9.74 -24.1437 2.53604 0.557351
9.75 -24.1691 2.53602 0.557111
9.76 -24.1944 2.53599 0.556871
9.77 -24.2198 2.53597 0.556631
9.78 -24.2451 2.53594 0.55639
9.79 -24.2705 2.53592 0.55615
9.8 -24.2958 2.53589 0.555909
9.81 -24.3212 2.53587 0.555668
9.82 -24.3466 2.53584 0.555428
9.83 -24.3719 2.53582 0.555187
9.84 -24.3973 2.5358 0.554946
9.85 -24.4226 2.53577 0.554705
9.86 -24.448 2.53575 0.554464
9.87 -24.4734 2.53572 0.554222
9.88 -24.4987 2.5357 0.553981
9.89 -24.5241 2.53567 0.553739
9.9 -24.5494 2.53565 0.553498
9.91 -24.5748 2.53562 0.553256
9.92 -24.6001 2.5356 0.553014
9.93 -24.6255 2.53558 0.552772
9.94 -24.6509 2.53555 0.552531
9.95 -24.6762 2.53553 0.552288
9.96 -24.7016 2.5355 0.552046
9.97 -24.7269 2.53548 0.551804
9.98 -24.7523 2.53545 0.551562
9.99 -24.7776 2.53543 0.551319
10 -24.803 2.53541 0.551077
