0 8.68033 30.056 8.68033
0.01 8.38336 29.3398 8.67676
0.02 8.09351 28.6303 8.66612
0.03 7.81073 27.9273 8.64855
0.04 7.53495 27.2304 8.62416
0.05 7.2661 26.5395 8.59308
0.06 7.00414 25.8547 8.55542
0.07 6.74899 25.1758 8.51129
0.08 6.5006 24.503 8.46084
0.09 6.25891 23.8364 8.40419
0.1 6.02385 23.1764 8.34149
0.11 5.79536 22.5232 8.27291
0.12 5.57336 21.8774 8.19865
0.13 5.35779 21.2394 8.1189
0.14 5.14855 20.6097 8.03391
0.15 4.94556 19.9891 7.94393
0.16 4.74873 19.3781 7.84923
0.17 4.55796 18.7775 7.75013
0.18 4.37315 18.1879 7.64696
0.19 4.19417 17.61 7.54006
0.2 4.02091 17.0445 7.4298
0.21 3.85323 16.492 7.31656
0.22 3.69102 15.9533 7.20074
0.23 3.53412 15.4287 7.08272
0.24 3.3824 14.9188 6.96291
0.25 3.2357 14.4241 6.84171
0.26 3.09386 13.9447 6.7195
0.27 2.95675 13.4811 6.59666
0.28 2.82419 13.0334 6.47355
0.29 2.69603 12.6017 6.35051
0.3 2.5721 12.1859 6.22788
0.31 2.45226 11.7861 6.10593
0.32 2.33633 11.402 5.98496
0.33 2.22416 11.0334 5.8652
0.34 2.11561 10.6802 5.74688
0.35 2.01051 10.3419 5.63019
0.36 1.90872 10.0183 5.51531
0.37 1.8101 9.70884 5.40237
0.38 1.7145 9.41315 5.2915
0.39 1.62179 9.13077 5.18279
0.4 1.53184 8.86123 5.07633
0.41 1.44452 8.60403 4.97217
0.42 1.35972 8.35867 4.87036
0.43 1.27731 8.12468 4.77092
0.44 1.19719 7.90154 4.67387
0.45 1.11925 7.68878 4.5792
0.46 1.04338 7.48591 4.4869
0.47 0.969498 7.29247 4.39696
0.48 0.897502 7.10801 4.30935
0.49 0.827309 6.93209 4.22403
0.5 0.758834 6.76428 4.14097
0.51 0.691998 6.60417 4.06013
0.52 0.626726 6.45139 3.98145
0.53 0.562947 6.30555 3.90489
0.54 0.500593 6.1663 3.8304
0.55 0.4396 6.03331 3.75792
0.56 0.379907 5.90625 3.68741
0.57 0.321456 5.78482 3.6188
0.58 0.264192 5.66873 3.55206
0.59 0.208064 5.55771 3.48711
0.6 0.153022 5.45149 3.42392
0.61 0.0990193 5.34984 3.36242
0.62 0.046011 5.25253 3.30258
0.63 -0.00604497 5.15933 3.24433
0.64 -0.0571886 5.07004 3.18764
0.65 -0.107458 4.98446 3.13244
0.66 -0.15689 4.90242 3.07871
0.67 -0.205518 4.82374 3.02639
0.68 -0.253375 4.74825 2.97544
0.69 -0.300493 4.67581 2.92581
0.7 -0.346901 4.60626 2.87748
0.71 -0.392627 4.53947 2.83039
0.72 -0.437699 4.4753 2.78452
0.73 -0.482142 4.41365 2.73982
0.74 -0.52598 4.35438 2.69626
0.75 -0.569237 4.29739 2.65381
0.76 -0.611935 4.24258 2.61242
0.77 -0.654095 4.18984 2.57208
0.78 -0.695738 4.13909 2.53275
0.79 -0.736883 4.09023 2.4944
0.8 -0.777549 4.04319 2.457
0.81 -0.817753 3.99787 2.42052
0.82 -0.857512 3.95422 2.38495
0.83 -0.896843 3.91215 2.35024
0.84 -0.93576 3.87159 2.31638
0.85 -0.974279 3.83249 2.28334
0.86 -1.01241 3.79478 2.2511
0.87 -1.05018 3.75841 2.21964
0.88 -1.08759 3.72331 2.18893
0.89 -1.12465 3.68944 2.15895
0.9 -1.16138 3.65674 2.12969
0.91 -1.19779 3.62518 2.10112
0.92 -1.23389 3.59469 2.07323
0.93 -1.26969 3.56524 2.04599
0.94 -1.30519 3.53679 2.01939
0.95 -1.34042 3.50929 1.9934
0.96 -1.37538 3.48272 1.96803
0.97 -1.41008 3.45703 1.94323
0.98 -1.44453 3.43218 1.91901
0.99 -1.47873 3.40816 1.89535
1 -1.51269 3.38492 1.87223
1.01 -1.54643 3.36243 1.84963
1.02 -1.57994 3.34067 1.82754
1.03 -1.61324 3.31961 1.80596
1.04 -1.64634 3.29923 1.78486
1.05 -1.67923 3.27949 1.76423
1.06 -1.71193 3.26037 1.74406
1.07 -1.74444 3.24186 1.72434
1.08 -1.77677 3.22392 1.70506
1.09 -1.80892 3.20654 1.68621
1.1 -1.8409 3.1897 1.66777
1.11 -1.87272 3.17337 1.64973
1.12 -1.90437 3.15755 1.63208
1.13 -1.93587 3.14221 1.61482
1.14 -1.96722 3.12733 1.59794
1.15 -1.99842 3.1129 1.58141
1.16 -2.02948 3.0989 1.56524
1.17 -2.0604 3.08532 1.54942
1.18 -2.09118 3.07214 1.53394
1.19 -2.12184 3.05935 1.51878
1.2 -2.15237 3.04693 1.50395
1.21 -2.18278 3.03488 1.48942
1.22 -2.21307 3.02318 1.47521
1.23 -2.24325 3.01181 1.46129
1.24 -2.27331 3.00078 1.44766
1.25 -2.30326 2.99006 1.43431
1.26 -2.33311 2.97964 1.42124
1.27 -2.36286 2.96952 1.40844
1.28 -2.3925 2.95969 1.3959
1.29 -2.42205 2.95013 1.38362
1.3 -2.45151 2.94084 1.37159
1.31 -2.48087 2.93181 1.3598
1.32 -2.51014 2.92302 1.34825
1.33 -2.53933 2.91448 1.33693
1.34 -2.56843 2.90618 1.32585
1.35 -2.59745 2.8981 1.31498
1.36 -2.6264 2.89024 1.30433
1.37 -2.65526 2.88259 1.29389
1.38 -2.68405 2.87515 1.28366
1.39 -2.71276 2.86791 1.27363
1.4 -2.74141 2.86086 1.2638
1.41 -2.76998 2.854 1.25416
1.42 -2.79849 2.84732 1.24471
1.43 -2.82693 2.84082 1.23544
1.44 -2.8553 2.83448 1.22635
1.45 -2.88362 2.82832 1.21744
1.46 -2.91187 2.82231 1.2087
1.47 -2.94006 2.81646 1.20013
1.48 -2.9682 2.81076 1.19172
1.49 -2.99628 2.8052 1.18347
1.5 -3.0243 2.79979 1.17538
1.51 -3.05228 2.79451 1.16744
1.52 -3.0802 2.78937 1.15965
1.53 -3.10806 2.78436 1.15201
1.54 -3.13588 2.77948 1.14451
1.55 -3.16365 2.77471 1.13715
1.56 -3.19138 2.77007 1.12993
1.57 -3.21906 2.76554 1.12284
1.58 -3.24669 2.76112 1.11589
1.59 -3.27428 2.75682 1.10906
1.6 -3.30183 2.75261 1.10236
1.61 -3.32933 2.74851 1.09578
1.62 -3.3568 2.74451 1.08932
1.63 -3.38422 2.74061 1.08298
1.64 -3.41161 2.7368 1.07675
1.65 -3.43896 2.73309 1.07063
1.66 -3.46627 2.72946 1.06463
1.67 -3.49355 2.72592 1.05873
1.68 -3.52079 2.72246 1.05294
1.69 -3.548 2.71909 1.04726
1.7 -3.57517 2.71579 1.04167
1.71 -3.60231 2.71257 1.03618
1.72 -3.62942 2.70943 1.0308
1.73 -3.6565 2.70636 1.0255
1.74 -3.68355 2.70336 1.0203
1.75 -3.71057 2.70043 1.01519
1.76 -3.73756 2.69757 1.01017
1.77 -3.76452 2.69478 1.00523
1.78 -3.79146 2.69205 1.00039
1.79 -3.81836 2.68938 0.995623
1.8 -3.84524 2.68677 0.990941
1.81 -3.8721 2.68422 0.98634
1.82 -3.89893 2.68173 0.981818
1.83 -3.92573 2.67929 0.977373
1.84 -3.95251 2.67691 0.973004
1.85 -3.97927 2.67458 0.968709
1.86 -4.00601 2.67231 0.964487
1.87 -4.03272 2.67008 0.960336
1.88 -4.05941 2.66791 0.956255
1.89 -4.08608 2.66578 0.952242
1.9 -4.11272 2.66369 0.948297
1.91 -4.13935 2.66166 0.944417
1.92 -4.16596 2.65967 0.940602
1.93 -4.19254 2.65772 0.93685
1.94 -4.21911 2.65581 0.933161
1.95 -4.24566 2.65394 0.929532
1.96 -4.27219 2.65212 0.925962
1.97 -4.2987 2.65033 0.922451
1.98 -4.3252 2.64858 0.918998
1.99 -4.35167 2.64687 0.9156
2 -4.37813 2.6452 0.912258
2.01 -4.40458 2.64356 0.908969
2.02 -4.43101 2.64195 0.905734
2.03 -4.45742 2.64038 0.902551
2.04 -4.48381 2.63884 0.899419
2.05 -4.51019 2.63733 0.896336
2.06 -4.53656 2.63586 0.893303
2.07 -4.56291 2.63441 0.890318
2.08 -4.58925 2.63299 0.88738
2.09 -4.61557 2.63161 0.884489
2.1 -4.64188 2.63025 0.881642
2.11 -4.66818 2.62892 0.878841
2.12 -4.69446 2.62761 0.876083
2.13 -4.72073 2.62634 0.873369
2.14 -4.74699 2.62508 0.870696
2.15 -4.77323 2.62386 0.868065
2.16 -4.79946 2.62266 0.865474
2.17 -4.82568 2.62148 0.862923
2.18 -4.85189 2.62032 0.860411
2.19 -4.87809 2.61919 0.857938
2.2 -4.90428 2.61808 0.855502
2.21 -4.93045 2.61699 0.853103
2.22 -4.95662 2.61593 0.850741
2.23 -4.98277 2.61488 0.848414
2.24 -5.00891 2.61386 0.846122
2.25 -5.03505 2.61285 0.843864
2.26 -5.06117 2.61186 0.84164
2.27 -5.08729 2.6109 0.83945
2.28 -5.11339 2.60995 0.837291
2.29 -5.13948 2.60902 0.835165
2.3 -5.16557 2.6081 0.83307
2.31 -5.19165 2.60721 0.831006
2.32 -5.21771 2.60633 0.828971
2.33 -5.24377 2.60547 0.826967
2.34 -5.26982 2.60462 0.824992
2.35 -5.29587 2.60379 0.823045
2.36 -5.3219 2.60298 0.821127
2.37 -5.34793 2.60218 0.819236
2.38 -5.37394 2.60139 0.817372
2.39 -5.39995 2.60062 0.815534
2.4 -5.42596 2.59987 0.813723
2.41 -5.45195 2.59912 0.811938
2.42 -5.47794 2.59839 0.810178
2.43 -5.50392 2.59768 0.808443
2.44 -5.52989 2.59698 0.806732
2.45 -5.55586 2.59629 0.805045
2.46 -5.58182 2.59561 0.803381
2.47 -5.60777 2.59494 0.801741
2.48 -5.63372 2.59429 0.800123
2.49 -5.65966 2.59365 0.798528
2.5 -5.68559 2.59302 0.796955
2.51 -5.71152 2.5924 0.795403
2.52 -5.73744 2.59179 0.793872
2.53 -5.76335 2.59119 0.792363
2.54 -5.78926 2.5906 0.790873
2.55 -5.81516 2.59003 0.789404
2.56 -5.84106 2.58946 0.787955
2.57 -5.86695 2.5889 0.786525
2.58 -5.89284 2.58835 0.785114
2.59 -5.91872 2.58782 0.783722
2.6 -5.9446 2.58729 0.782348
2.61 -5.97047 2.58677 0.780993
2.62 -5.99633 2.58625 0.779655
2.63 -6.02219 2.58575 0.778335
2.64 -6.04805 2.58526 0.777032
2.65 -6.0739 2.58477 0.775746
2.66 -6.09974 2.58429 0.774477
2.67 -6.12558 2.58382 0.773224
2.68 -6.15142 2.58336 0.771987
2.69 -6.17725 2.58291 0.770766
2.7 -6.20308 2.58246 0.769561
2.71 -6.2289 2.58202 0.768371
2.72 -6.25472 2.58159 0.767196
2.73 -6.28053 2.58116 0.766036
2.74 -6.30634 2.58074 0.764891
2.75 -6.33215 2.58033 0.76376
2.76 -6.35795 2.57992 0.762643
2.77 -6.38374 2.57952 0.76154
2.78 -6.40954 2.57913 0.76045
2.79 -6.43533 2.57875 0.759374
2.8 -6.46111 2.57837 0.758312
2.81 -6.48689 2.57799 0.757262
2.82 -6.51267 2.57762 0.756225
2.83 -6.53845 2.57726 0.7552
2.84 -6.56422 2.5769 0.754188
2.85 -6.58998 2.57655 0.753189
2.86 -6.61575 2.57621 0.752201
2.87 -6.64151 2.57587 0.751225
2.88 -6.66727 2.57553 0.75026
2.89 -6.69302 2.5752 0.749307
2.9 -6.71877 2.57487 0.748365
2.91 -6.74452 2.57455 0.747435
2.92 -6.77026 2.57424 0.746515
2.93 -6.796 2.57393 0.745606
2.94 -6.82174 2.57362 0.744707
2.95 -6.84747 2.57332 0.743819
2.96 -6.87321 2.57302 0.742941
2.97 -6.89893 2.57273 0.742073
2.98 -6.92466 2.57244 0.741215
2.99 -6.95038 2.57216 0.740367
3 -6.9761 2.57188 0.739528
3.01 -7.00182 2.5716 0.738699
3.02 -7.02754 2.57133 0.737879
3.03 -7.05325 2.57106 0.737068
3.04 -7.07896 2.5708 0.736267
3.05 -7.10466 2.57054 0.735474
3.06 -7.13037 2.57028 0.73469
3.07 -7.15607 2.57003 0.733914
3.08 -7.18177 2.56978 0.733147
3.09 -7.20746 2.56953 0.732388
3.1 -7.23316 2.56929 0.731638
3.11 -7.25885 2.56905 0.730895
3.12 -7.28454 2.56881 0.730161
3.13 -7.31023 2.56858 0.729434
3.14 -7.33591 2.56835 0.728715
3.15 -7.36159 2.56813 0.728004
3.16 -7.38727 2.5679 0.7273
3.17 -7.41295 2.56768 0.726604
3.18 -7.43863 2.56747 0.725915
3.19 -7.4643 2.56725 0.725233
3.2 -7.48997 2.56704 0.724558
3.21 -7.51564 2.56683 0.72389
3.22 -7.54131 2.56663 0.723228
3.23 -7.56697 2.56642 0.722574
3.24 -7.59264 2.56622 0.721926
3.25 -7.6183 2.56603 0.721285
3.26 -7.64396 2.56583 0.72065
3.27 -7.66962 2.56564 0.720022
3.28 -7.69527 2.56545 0.7194
3.29 -7.72092 2.56526 0.718784
3.3 -7.74658 2.56508 0.718174
3.31 -7.77223 2.56489 0.71757
3.32 -7.79787 2.56471 0.716972
3.33 -7.82352 2.56453 0.71638
3.34 -7.84916 2.56436 0.715793
3.35 -7.87481 2.56419 0.715212
3.36 -7.90045 2.56401 0.714637
3.37 -7.92609 2.56384 0.714067
3.38 -7.95173 2.56368 0.713503
3.39 -7.97736 2.56351 0.712944
3.4 -8.003 2.56335 0.71239
3.41 -8.02863 2.56319 0.711841
3.42 -8.05426 2.56303 0.711298
3.43 -8.07989 2.56287 0.710759
3.44 -8.10552 2.56272 0.710225
3.45 -8.13114 2.56256 0.709697
3.46 -8.15677 2.56241 0.709173
3.47 -8.18239 2.56226 0.708653
3.48 -8.20801 2.56211 0.708139
3.49 -8.23363 2.56197 0.707629
3.5 -8.25925 2.56182 0.707124
3.51 -8.28487 2.56168 0.706623
3.52 -8.31049 2.56154 0.706126
3.53 -8.3361 2.5614 0.705634
3.54 -8.36171 2.56126 0.705146
3.55 -8.38733 2.56112 0.704663
3.56 -8.41294 2.56099 0.704183
3.57 -8.43855 2.56086 0.703708
3.58 -8.46415 2.56072 0.703236
3.59 -8.48976 2.56059 0.702769
3.6 -8.51537 2.56046 0.702306
3.61 -8.54097 2.56034 0.701846
3.62 -8.56657 2.56021 0.70139
3.63 -8.59217 2.56009 0.700939
3.64 -8.61777 2.55996 0.70049
3.65 -8.64337 2.55984 0.700046
3.66 -8.66897 2.55972 0.699605
3.67 -8.69457 2.5596 0.699168
3.68 -8.72016 2.55948 0.698734
3.69 -8.74576 2.55937 0.698303
3.7 -8.77135 2.55925 0.697877
3.71 -8.79694 2.55914 0.697453
3.72 -8.82253 2.55902 0.697033
3.73 -8.84812 2.55891 0.696616
3.74 -8.87371 2.5588 0.696202
3.75 -8.8993 2.55869 0.695792
3.76 -8.92489 2.55858 0.695384
3.77 -8.95047 2.55847 0.69498
3.78 -8.97605 2.55837 0.694579
3.79 -9.00164 2.55826 0.69418
3.8 -9.02722 2.55816 0.693785
3.81 -9.0528 2.55806 0.693393
3.82 -9.07838 2.55795 0.693003
3.83 -9.10396 2.55785 0.692617
3.84 -9.12954 2.55775 0.692233
3.85 -9.15512 2.55765 0.691852
3.86 -9.18069 2.55756 0.691474
3.87 -9.20627 2.55746 0.691099
3.88 -9.23184 2.55736 0.690726
3.89 -9.25741 2.55727 0.690355
3.9 -9.28299 2.55717 0.689988
3.91 -9.30856 2.55708 0.689623
3.92 -9.33413 2.55699 0.68926
3.93 -9.3597 2.55689 0.6889
3.94 -9.38527 2.5568 0.688542
3.95 -9.41083 2.55671 0.688187
3.96 -9.4364 2.55662 0.687834
3.97 -9.46197 2.55654 0.687484
3.98 -9.48753 2.55645 0.687136
3.99 -9.51309 2.55636 0.68679
4 -9.53866 2.55628 0.686446
4.01 -9.56422 2.55619 0.686105
4.02 -9.58978 2.55611 0.685766
4.03 -9.61534 2.55602 0.685429
4.04 -9.6409 2.55594 0.685094
4.05 -9.66646 2.55586 0.684761
4.06 -9.69202 2.55578 0.684431
4.07 -9.71758 2.55569 0.684102
4.08 -9.74313 2.55561 0.683775
4.09 -9.76869 2.55554 0.683451
4.1 -9.79424 2.55546 0.683128
4.11 -9.8198 2.55538 0.682807
4.12 -9.84535 2.5553 0.682489
4.13 -9.8709 2.55522 0.682172
4.14 -9.89646 2.55515 0.681857
4.15 -9.92201 2.55507 0.681543
4.16 -9.94756 2.555 0.681232
4.17 -9.97311 2.55492 0.680923
4.18 -9.99866 2.55485 0.680615
4.19 -10.0242 2.55478 0.680309
4.2 -10.0498 2.5547 0.680004
4.21 -10.0753 2.55463 0.679702
4.22 -10.1008 2.55456 0.679401
4.23 -10.1264 2.55449 0.679101
4.24 -10.1519 2.55442 0.678804
4.25 -10.1775 2.55435 0.678507
4.26 -10.203 2.55428 0.678213
4.27 -10.2286 2.55421 0.67792
4.28 -10.2541 2.55414 0.677628
4.29 -10.2796 2.55408 0.677338
4.3 -10.3052 2.55401 0.67705
4.31 -10.3307 2.55394 0.676763
4.32 -10.3563 2.55388 0.676478
4.33 -10.3818 2.55381 0.676194
4.34 -10.4073 2.55374 0.675911
4.35 -10.4329 2.55368 0.67563
4.36 -10.4584 2.55362 0.67535
4.37 -10.484 2.55355 0.675071
4.38 -10.5095 2.55349 0.674794
4.39 -10.535 2.55343 0.674518
4.4 -10.5606 2.55336 0.674244
4.41 -10.5861 2.5533 0.67397
4.42 -10.6116 2.55324 0.673698
4.43 -10.6372 2.55318 0.673428
4.44 -10.6627 2.55312 0.673158
4.45 -10.6882 2.55306 0.67289
4.46 -10.7137 2.553 0.672623
4.47 -10.7393 2.55294 0.672357
4.48 -10.7648 2.55288 0.672092
4.49 -10.7903 2.55282 0.671828
4.5 -10.8159 2.55276 0.671566
4.51 -10.8414 2.5527 0.671304
4.52 -10.8669 2.55265 0.671044
4.53 -10.8924 2.55259 0.670785
4.54 -10.918 2.55253 0.670527
4.55 -10.9435 2.55247 0.67027
4.56 -10.969 2.55242 0.670014
4.57 -10.9945 2.55236 0.669759
4.58 -11.0201 2.55231 0.669505
4.59 -11.0456 2.55225 0.669252
4.6 -11.0711 2.5522 0.669
4.61 -11.0966 2.55214 0.668748
4.62 -11.1222 2.55209 0.668498
4.63 -11.1477 2.55203 0.668249
4.64 -11.1732 2.55198 0.668001
4.65 -11.1987 2.55193 0.667754
4.66 -11.2242 2.55187 0.667507
4.67 -11.2497 2.55182 0.667262
4.68 -11.2753 2.55177 0.667017
4.69 -11.3008 2.55172 0.666773
4.7 -11.3263 2.55167 0.66653
4.71 -11.3518 2.55161 0.666288
4.72 -11.3773 2.55156 0.666047
4.73 -11.4028 2.55151 0.665806
4.74 -11.4284 2.55146 0.665567
4.75 -11.4539 2.55141 0.665328
4.76 -11.4794 2.55136 0.66509
4.77 -11.5049 2.55131 0.664852
4.78 -11.5304 2.55126 0.664616
4.79 -11.5559 2.55121 0.66438
4.8 -11.5814 2.55116 0.664145
4.81 -11.607 2.55112 0.663911
4.82 -11.6325 2.55107 0.663677
4.83 -11.658 2.55102 0.663444
4.84 -11.6835 2.55097 0.663212
4.85 -11.709 2.55092 0.66298
4.86 -11.7345 2.55087 0.662749
4.87 -11.76 2.55083 0.662519
4.88 -11.7855 2.55078 0.662289
4.89 -11.811 2.55073 0.66206
4.9 -11.8365 2.55069 0.661832
4.91 -11.862 2.55064 0.661604
4.92 -11.8875 2.55059 0.661377
4.93 -11.9131 2.55055 0.66115
4.94 -11.9386 2.5505 0.660924
4.95 -11.9641 2.55046 0.660699
4.96 -11.9896 2.55041 0.660474
4.97 -12.0151 2.55037 0.66025
4.98 -12.0406 2.55032 0.660026
4.99 -12.0661 2.55028 0.659803
5 -12.0916 2.55023 0.65958
5.01 -12.1171 2.55019 0.659358
5.02 -12.1426 2.55014 0.659137
5.03 -12.1681 2.5501 0.658916
5.04 -12.1936 2.55006 0.658695
5.05 -12.2191 2.55001 0.658475
5.06 -12.2446 2.54997 0.658256
5.07 -12.2701 2.54993 0.658037
5.08 -12.2956 2.54988 0.657818
5.09 -12.3211 2.54984 0.6576
5.1 -12.3466 2.5498 0.657382
5.11 -12.3721 2.54975 0.657165
5.12 -12.3976 2.54971 0.656948
5.13 -12.4231 2.54967 0.656732
5.14 -12.4486 2.54963 0.656516
5.15 -12.4741 2.54959 0.6563
5.16 -12.4996 2.54954 0.656085
5.17 -12.5251 2.5495 0.65587
5.18 -12.5506 2.54946 0.655656
5.19 -12.576 2.54942 0.655442
5.2 -12.6015 2.54938 0.655229
5.21 -12.627 2.54934 0.655015
5.22 -12.6525 2.5493 0.654803
5.23 -12.678 2.54926 0.65459
5.24 -12.7035 2.54922 0.654378
5.25 -12.729 2.54918 0.654166
5.26 -12.7545 2.54914 0.653955
5.27 -12.78 2.54909 0.653744
5.28 -12.8055 2.54906 0.653533
5.29 -12.831 2.54902 0.653323
5.3 -12.8565 2.54898 0.653113
5.31 -12.8819 2.54894 0.652903
5.32 -12.9074 2.5489 0.652693
5.33 -12.9329 2.54886 0.652484
5.34 -12.9584 2.54882 0.652275
5.35 -12.9839 2.54878 0.652067
5.36 -13.0094 2.54874 0.651859
5.37 -13.0349 2.5487 0.651651
5.38 -13.0604 2.54866 0.651443
5.39 -13.0858 2.54862 0.651235
5.4 -13.1113 2.54859 0.651028
5.41 -13.1368 2.54855 0.650821
5.42 -13.1623 2.54851 0.650614
5.43 -13.1878 2.54847 0.650408
5.44 -13.2133 2.54843 0.650202
5.45 -13.2388 2.5484 0.649996
5.46 -13.2642 2.54836 0.64979
5.47 -13.2897 2.54832 0.649585
5.48 -13.3152 2.54828 0.649379
5.49 -13.3407 2.54825 0.649174
5.5 -13.3662 2.54821 0.648969
5.51 -13.3917 2.54817 0.648765
5.52 -13.4171 2.54813 0.64856
5.53 -13.4426 2.5481 0.648356
5.54 -13.4681 2.54806 0.648152
5.55 -13.4936 2.54802 0.647948
5.56 -13.5191 2.54799 0.647744
5.57 -13.5445 2.54795 0.647541
5.58 -13.57 2.54791 0.647337
5.59 -13.5955 2.54788 0.647134
5.6 -13.621 2.54784 0.646931
5.61 -13.6465 2.5478 0.646728
5.62 -13.6719 2.54777 0.646525
5.63 -13.6974 2.54773 0.646323
5.64 -13.7229 2.5477 0.646121
5.65 -13.7484 2.54766 0.645918
5.66 -13.7738 2.54763 0.645716
5.67 -13.7993 2.54759 0.645514
5.68 -13.8248 2.54755 0.645312
5.69 -13.8503 2.54752 0.645111
5.7 -13.8757 2.54748 0.644909
5.71 -13.9012 2.54745 0.644708
5.72 -13.9267 2.54741 0.644506
5.73 -13.9522 2.54738 0.644305
5.74 -13.9776 2.54734 0.644104
5.75 -14.0031 2.54731 0.643903
5.76 -14.0286 2.54727 0.643702
5.77 -14.0541 2.54724 0.643501
5.78 -14.0795 2.5472 0.6433
5.79 -14.105 2.54717 0.6431
5.8 -14.1305 2.54713 0.642899
5.81 -14.1559 2.5471 0.642699
5.82 -14.1814 2.54706 0.642499
5.83 -14.2069 2.54703 0.642298
5.84 -14.2324 2.547 0.642098
5.85 -14.2578 2.54696 0.641898
5.86 -14.2833 2.54693 0.641698
5.87 -14.3088 2.54689 0.641498
5.88 -14.3342 2.54686 0.641298
5.89 -14.3597 2.54683 0.641098
5.9 -14.3852 2.54679 0.640898
5.91 -14.4106 2.54676 0.640699
5.92 -14.4361 2.54672 0.640499
5.93 -14.4616 2.54669 0.640299
5.94 -14.487 2.54666 0.6401
5.95 -14.5125 2.54662 0.6399
5.96 -14.538 2.54659 0.639701
5.97 -14.5634 2.54656 0.639501
5.98 -14.5889 2.54652 0.639302
5.99 -14.6144 2.54649 0.639103
6 -14.6398 2.54646 0.638903
6.01 -14.6653 2.54642 0.638704
6.02 -14.6908 2.54639 0.638505
6.03 -14.7162 2.54636 0.638305
6.04 -14.7417 2.54632 0.638106
6.05 -14.7672 2.54629 0.637907
6.06 -14.7926 2.54626 0.637708
6.07 -14.8181 2.54622 0.637509
6.08 -14.8435 2.54619 0.637309
6.09 -14.869 2.54616 0.63711
6.1 -14.8945 2.54613 0.636911
6.11 -14.9199 2.54609 0.636712
6.12 -14.9454 2.54606 0.636513
6.13 -14.9708 2.54603 0.636314
6.14 -14.9963 2.546 0.636114
6.15 -15.0218 2.54596 0.635915
6.16 -15.0472 2.54593 0.635716
6.17 -15.0727 2.5459 0.635517
6.18 -15.0981 2.54587 0.635318
6.19 -15.1236 2.54584 0.635119
6.2 -15.1491 2.5458 0.634919
6.21 -15.1745 2.54577 0.63472
6.22 -15.2 2.54574 0.634521
6.23 -15.2254 2.54571 0.634322
6.24 -15.2509 2.54567 0.634122
6.25 -15.2763 2.54564 0.633923
6.26 -15.3018 2.54561 0.633724
6.27 -15.3273 2.54558 0.633524
6.28 -15.3527 2.54555 0.633325
6.29 -15.3782 2.54552 0.633126
6.3 -15.4036 2.54548 0.632926
6.31 -15.4291 2.54545 0.632727
6.32 -15.4545 2.54542 0.632527
6.33 -15.48 2.54539 0.632328
6.34 -15.5054 2.54536 0.632128
6.35 -15.5309 2.54533 0.631928
6.36 -15.5563 2.54529 0.631729
6.37 -15.5818 2.54526 0.631529
6.38 -15.6073 2.54523 0.631329
6.39 -15.6327 2.5452 0.631129
6.4 -15.6582 2.54517 0.63093
6.41 -15.6836 2.54514 0.63073
6.42 -15.7091 2.54511 0.63053
6.43 -15.7345 2.54508 0.63033
6.44 -15.76 2.54504 0.63013
6.45 -15.7854 2.54501 0.629929
6.46 -15.8109 2.54498 0.629729
6.47 -15.8363 2.54495 0.629529
6.48 -15.8618 2.54492 0.629329
6.49 -15.8872 2.54489 0.629128
6.5 -15.9127 2.54486 0.628928
6.51 -15.9381 2.54483 0.628727
6.52 -15.9636 2.5448 0.628527
6.53 -15.989 2.54477 0.628326
6.54 -16.0144 2.54474 0.628125
6.55 -16.0399 2.54471 0.627925
6.56 -16.0653 2.54467 0.627724
6.57 -16.0908 2.54464 0.627523
6.58 -16.1162 2.54461 0.627322
6.59 -16.1417 2.54458 0.627121
6.6 -16.1671 2.54455 0.62692
6.61 -16.1926 2.54452 0.626718
6.62 -16.218 2.54449 0.626517
6.63 -16.2435 2.54446 0.626316
6.64 -16.2689 2.54443 0.626114
6.65 -16.2944 2.5444 0.625913
6.66 -16.3198 2.54437 0.625711
6.67 -16.3452 2.54434 0.625509
6.68 -16.3707 2.54431 0.625308
6.69 -16.3961 2.54428 0.625106
6.7 -16.4216 2.54425 0.624904
6.71 -16.447 2.54422 0.624702
6.72 -16.4725 2.54419 0.6245
6.73 -16.4979 2.54416 0.624297
6.74 -16.5233 2.54413 0.624095
6.75 -16.5488 2.5441 0.623893
6.76 -16.5742 2.54407 0.62369
6.77 -16.5997 2.54404 0.623487
6.78 -16.6251 2.54401 0.623285
6.79 -16.6505 2.54398 0.623082
6.8 -16.676 2.54395 0.622879
6.81 -16.7014 2.54392 0.622676
6.82 -16.7269 2.54389 0.622473
6.83 -16.7523 2.54386 0.62227
6.84 -16.7777 2.54383 0.622066
6.85 -16.8032 2.5438 0.621863
6.86 -16.8286 2.54377 0.621659
6.87 -16.854 2.54374 0.621456
6.88 -16.8795 2.54371 0.621252
6.89 -16.9049 2.54368 0.621048
6.9 -16.9304 2.54365 0.620844
6.91 -16.9558 2.54362 0.62064
6.92 -16.9812 2.54359 0.620436
6.93 -17.0067 2.54356 0.620232
6.94 -17.0321 2.54353 0.620028
6.95 -17.0575 2.5435 0.619823
6.96 -17.083 2.54348 0.619619
6.97 -17.1084 2.54345 0.619414
6.98 -17.1338 2.54342 0.619209
6.99 -17.1593 2.54339 0.619004
7 -17.1847 2.54336 0.618799
7.01 -17.2101 2.54333 0.618594
7.02 -17.2356 2.5433 0.618389
7.03 -17.261 2.54327 0.618184
7.04 -17.2864 2.54324 0.617978
7.05 -17.3119 2.54321 0.617773
7.06 -17.3373 2.54318 0.617567
7.07 -17.3627 2.54315 0.617361
7.08 -17.3882 2.54312 0.617155
7.09 -17.4136 2.5431 0.616949
7.1 -17.439 2.54307 0.616743
7.11 -17.4645 2.54304 0.616537
7.12 -17.4899 2.54301 0.61633
7.13 -17.5153 2.54298 0.616124
7.14 -17.5407 2.54295 0.615917
7.15 -17.5662 2.54292 0.615711
7.16 -17.5916 2.54289 0.615504
7.17 -17.617 2.54286 0.615297
7.18 -17.6425 2.54283 0.61509
7.19 -17.6679 2.54281 0.614882
7.2 -17.6933 2.54278 0.614675
7.21 -17.7187 2.54275 0.614467
7.22 -17.7442 2.54272 0.61426
7.23 -17.7696 2.54269 0.614052
7.24 -17.795 2.54266 0.613844
7.25 -17.8205 2.54263 0.613636
7.26 -17.8459 2.5426 0.613428
7.27 -17.8713 2.54258 0.61322
7.28 -17.8967 2.54255 0.613012
7.29 -17.9222 2.54252 0.612803
7.3 -17.9476 2.54249 0.612595
7.31 -17.973 2.54246 0.612386
7.32 -17.9984 2.54243 0.612177
7.33 -18.0239 2.5424 0.611968
7.34 -18.0493 2.54238 0.611759
7.35 -18.0747 2.54235 0.61155
7.36 -18.1001 2.54232 0.61134
7.37 -18.1256 2.54229 0.611131
7.38 -18.151 2.54226 0.610921
7.39 -18.1764 2.54223 0.610711
7.4 -18.2018 2.54221 0.610501
7.41 -18.2272 2.54218 0.610291
7.42 -18.2527 2.54215 0.610081
7.43 -18.2781 2.54212 0.609871
7.44 -18.3035 2.54209 0.609661
7.45 -18.3289 2.54206 0.60945
7.46 -18.3543 2.54204 0.609239
7.47 -18.3798 2.54201 0.609029
7.48 -18.4052 2.54198 0.608818
7.49 -18.4306 2.54195 0.608607
7.5 -18.456 2.54192 0.608395
7.51 -18.4814 2.54189 0.608184
7.52 -18.5069 2.54187 0.607973
7.53 -18.5323 2.54184 0.607761
7.54 -18.5577 2.54181 0.607549
7.55 -18.5831 2.54178 0.607337
7.56 -18.6085 2.54175 0.607125
7.57 -18.634 2.54173 0.606913
7.58 -18.6594 2.5417 0.606701
7.59 -18.6848 2.54167 0.606489
7.6 -18.7102 2.54164 0.606276
7.61 -18.7356 2.54161 0.606063
7.62 -18.761 2.54159 0.605851
7.63 -18.7865 2.54156 0.605638
7.64 -18.8119 2.54153 0.605425
7.65 -18.8373 2.5415 0.605211
7.66 -18.8627 2.54147 0.604998
7.67 -18.8881 2.54145 0.604785
7.68 -18.9135 2.54142 0.604571
7.69 -18.9389 2.54139 0.604357
7.7 -18.9644 2.54136 0.604143
7.71 -18.9898 2.54134 0.603929
7.72 -19.0152 2.54131 0.603715
7.73 -19.0406 2.54128 0.603501
7.74 -19.066 2.54125 0.603287
7.75 -19.0914 2.54122 0.603072
7.76 -19.1168 2.5412 0.602857
7.77 -19.1422 2.54117 0.602642
7.78 -19.1677 2.54114 0.602428
7.79 -19.1931 2.54111 0.602212
7.8 -19.2185 2.54109 0.601997
7.81 -19.2439 2.54106 0.601782
7.82 -19.2693 2.54103 0.601566
7.83 -19.2947 2.541 0.601351
7.84 -19.3201 2.54098 0.601135
7.85 -19.3455 2.54095 0.600919
7.86 -19.3709 2.54092 0.600703
7.87 -19.3963 2.54089 0.600487
7.88 -19.4218 2.54087 0.60027
7.89 -19.4472 2.54084 0.600054
7.9 -19.4726 2.54081 0.599837
7.91 -19.498 2.54078 0.599621
7.92 -19.5234 2.54076 0.599404
7.93 -19.5488 2.54073 0.599187
7.94 -19.5742 2.5407 0.59897
7.95 -19.5996 2.54067 0.598752
7.96 -19.625 2.54065 0.598535
7.97 -19.6504 2.54062 0.598317
7.98 -19.6758 2.54059 0.5981
7.99 -19.7012 2.54057 0.597882
8 -19.7266 2.54054 0.597664
8.01 -19.752 2.54051 0.597446
8.02 -19.7774 2.54048 0.597228
8.03 -19.8029 2.54046 0.597009
8.04 -19.8283 2.54043 0.596791
8.05 -19.8537 2.5404 0.596572
8.06 -19.8791 2.54037 0.596353
8.07 -19.9045 2.54035 0.596134
8.08 -19.9299 2.54032 0.595915
8.09 -19.9553 2.54029 0.595696
8.1 -19.9807 2.54027 0.595477
8.11 -20.0061 2.54024 0.595257
8.12 -20.0315 2.54021 0.595038
8.13 -20.0569 2.54018 0.594818
8.14 -20.0823 2.54016 0.594598
8.15 -20.1077 2.54013 0.594378
8.16 -20.1331 2.5401 0.594158
8.17 -20.1585 2.54008 0.593938
8.18 -20.1839 2.54005 0.593717
8.19 -20.2093 2.54002 0.593497
8.2 -20.2347 2.54 0.593276
8.21 -20.2601 2.53997 0.593055
8.22 -20.2855 2.53994 0.592834
8.23 -20.3109 2.53992 0.592613
8.24 -20.3363 2.53989 0.592392
8.25 -20.3617 2.53986 0.59217
8.26 -20.3871 2.53983 0.591949
8.27 -20.4125 2.53981 0.591727
8.28 -20.4379 2.53978 0.591506
8.29 -20.4633 2.53975 0.591284
8.3 -20.4887 2.53973 0.591062
8.31 -20.5141 2.5397 0.59084
8.32 -20.5395 2.53967 0.590617
8.33 -20.5649 2.53965 0.590395
8.34 -20.5903 2.53962 0.590172
8.35 -20.6157 2.53959 0.589949
8.36 -20.6411 2.53957 0.589727
8.37 -20.6665 2.53954 0.589504
8.38 -20.6918 2.53951 0.589281
8.39 -20.7172 2.53949 0.589057
8.4 -20.7426 2.53946 0.588834
8.41 -20.768 2.53943 0.58861
8.42 -20.7934 2.53941 0.588387
8.43 -20.8188 2.53938 0.588163
8.44 -20.8442 2.53935 0.587939
8.45 -20.8696 2.53933 0.587715
8.46 -20.895 2.5393 0.587491
8.47 -20.9204 2.53928 0.587267
8.48 -20.9458 2.53925 0.587042
8.49 -20.9712 2.53922 0.586818
8.5 -20.9966 2.5392 0.586593
8.51 -21.022 2.53917 0.586368
8.52 -21.0474 2.53914 0.586143
8.53 -21.0727 2.53912 0.585918
8.54 -21.0981 2.53909 0.585693
8.55 -21.1235 2.53906 0.585468
8.56 -21.1489 2.53904 0.585242
8.57 -21.1743 2.53901 0.585016
8.58 -21.1997 2.53898 0.584791
8.59 -21.2251 2.53896 0.584565
8.6 -21.2505 2.53893 0.584339
8.61 -21.2759 2.53891 0.584113
8.62 -21.3013 2.53888 0.583886
8.63 -21.3266 2.53885 0.58366
8.64 -21.352 2.53883 0.583434
8.65 -21.3774 2.5388 0.583207
8.66 -21.4028 2.53877 0.58298
8.67 -21.4282 2.53875 0.582753
8.68 -21.4536 2.53872 0.582526
8.69 -21.479 2.5387 0.582299
8.7 -21.5044 2.53867 0.582072
8.71 -21.5297 2.53864 0.581844
8.72 -21.5551 2.53862 0.581617
8.73 -21.5805 2.53859 0.581389
8.74 -21.6059 2.53857 0.581161
8.75 -21.6313 2.53854 0.580933
8.76 -21.6567 2.53851 0.580705
8.77 -21.6821 2.53849 0.580477
8.78 -21.7074 2.53846 0.580249
8.79 -21.7328 2.53844 0.58002
8.8 -21.7582 2.53841 0.579792
8.81 -21.7836 2.53838 0.579563
8.82 -21.809 2.53836 0.579334
8.83 -21.8344 2.53833 0.579105
8.84 -21.8597 2.53831 0.578876
8.85 -21.8851 2.53828 0.578647
8.86 -21.9105 2.53825 0.578418
8.87 -21.9359 2.53823 0.578188
8.88 -21.9613 2.5382 0.577959
8.89 -21.9867 2.53818 0.577729
8.9 -22.012 2.53815 0.577499
8.91 -22.0374 2.53812 0.577269
8.92 -22.0628 2.5381 0.577039
8.93 -22.0882 2.53807 0.576809
8.94 -22.1136 2.53805 0.576579
8.95 -22.1389 2.53802 0.576348
8.96 -22.1643 2.538 0.576118
8.97 -22.1897 2.53797 0.575887
8.98 -22.2151 2.53794 0.575656
8.99 -22.2405 2.53792 0.575425
9 -22.2658 2.53789 0.575194
9.01 -22.2912 2.53787 0.574963
9.02 -22.3166 2.53784 0.574732
9.03 -22.342 2.53782 0.5745
9.04 -22.3674 2.53779 0.574269
9.05 -22.3927 2.53776 0.574037
9.06 -22.4181 2.53774 0.573805
9.07 -22.4435 2.53771 0.573574
9.08 -22.4689 2.53769 0.573342
9.09 -22.4942 2.53766 0.573109
9.1 -22.5196 2.53764 0.572877
9.11 -22.545 2.53761 0.572645
9.12 -22.5704 2.53759 0.572412
9.13 -22.5957 2.53756 0.57218
9.14 -22.6211 2.53753 0.571947
9.15 -22.6465 2.53751 0.571714
9.16 -22.6719 2.53748 0.571481
9.17 -22.6972 2.53746 0.571248
9.18 -22.7226 2.53743 0.571015
9.19 -22.748 2.53741 0.570782
9.2 -22.7734 2.53738 0.570548
9.21 -22.7987 2.53736 0.570315
9.22 -22.8241 2.53733 0.570081
9.23 -22.8495 2.53731 0.569847
9.24 -22.8749 2.53728 0.569613
9.25 -22.9002 2.53726 0.569379
9.26 -22.9256 2.53723 0.569145
9.27 -22.951 2.5372 0.568911
9.28 -22.9764 2.53718 0.568677
9.29 -23.0017 2.53715 0.568442
9.3 -23.0271 2.53713 0.568207
9.31 -23.0525 2.5371 0.567973
9.32 -23.0778 2.53708 0.567738
9.33 -23.1032 2.53705 0.567503
9.34 -23.1286 2.53703 0.567268
9.35 -23.1539 2.537 0.567033
9.36 -23.1793 2.53698 0.566798
9.37 -23.2047 2.53695 0.566562
9.38 -23.2301 2.53693 0.566327
9.39 -23.2554 2.5369 0.566091
9.4 -23.2808 2.53688 0.565855
9.41 -23.3062 2.53685 0.56562
9.42 -23.3315 2.53683 0.565384
9.43 -23.3569 2.5368 0.565148
9.44 -23.3823 2.53678 0.564911
9.45 -23.4076 2.53675 0.564675
9.46 -23.433 2.53673 0.564439
9.47 -23.4584 2.5367 0.564202
9.48 -23.4837 2.53668 0.563966
9.49 -23.5091 2.53665 0.563729
9.5 -23.5345 2.53663 0.563492
9.51 -23.5598 2.5366 0.563255
9.52 -23.5852 2.53658 0.563018
9.53 -23.6106 2.53655 0.562781
9.54 -23.6359 2.53653 0.562544
9.55 -23.6613 2.5365 0.562306
9.56 -23.6867 2.53648 0.562069
9.57 -23.712 2.53645 0.561831
9.58 -23.7374 2.53643 0.561594
9.59 -23.7628 2.5364 0.561356
9.6 -23.7881 2.53638 0.561118
9.61 -23.8135 2.53635 0.56088
9.62 -23.8388 2.53633 0.560642
9.63 -23.8642 2.5363 0.560404
9.64 -23.8896 2.53628 0.560165
9.65 -23.9149 2.53626 0.559927
9.66 -23.9403 2.53623 0.559688
9.67 -23.9657 2.53621 0.55945
9.68 -23.991 2.53618 0.559211
9.69 -24.0164 2.53616 0.558972
9.7 -24.0417 2.53613 0.558733
9.71 -24.0671 2.53611 0.558494
9.72 -24.0925 2.53608 0.558255
9.73 -24.1178 2.53606 0.558016
9.74 -24.1432 2.53603 0.557776
9.75 -24.1685 2.53601 0.557537
9.76 -24.1939 2.53598 0.557297
9.77 -24.2193 2.53596 0.557058
9.78 -24.2446 2.53594 0.556818
9.79 -24.27 2.53591 0.556578
9.8 -24.2953 2.53589 0.556338
9.81 -24.3207 2.53586 0.556098
9.82 -24.3461 2.53584 0.555858
9.83 -24.3714 2.53581 0.555618
9.84 -24.3968 2.53579 0.555377
9.85 -24.4221 2.53576 0.555137
9.86 -24.4475 2.53574 0.554896
9.87 -24.4729 2.53572 0.554656
9.88 -24.4982 2.53569 0.554415
9.89 -24.5236 2.53567 0.554174
9.9 -24.5489 2.53564 0.553933
9.91 -24.5743 2.53562 0.553692
9.92 -24.5996 2.53559 0.553451
9.93 -24.625 2.53557 0.55321
9.94 -24.6503 2.53554 0.552968
9.95 -24.6757 2.53552 0.552727
9.96 -24.7011 2.5355 0.552485
9.97 -24.7264 2.53547 0.552244
9.98 -24.7518 2.53545 0.552002
9.99 -24.7771 2.53542 0.55176
10 -24.8025 2.5354 0.551518
