0 6.57647 22.4724 6.57647
0.01 6.35455 21.9116 6.57367
0.02 6.13822 21.357 6.56536
0.03 5.92739 20.8089 6.55166
0.04 5.72202 20.2673 6.53271
0.05 5.52202 19.7324 6.50865
0.06 5.32735 19.2044 6.47961
0.07 5.13791 18.6834 6.44575
0.08 4.95365 18.1698 6.40724
0.09 4.77449 17.6638 6.36423
0.1 4.60035 17.1657 6.31692
0.11 4.43115 16.6758 6.26549
0.12 4.26681 16.1946 6.21016
0.13 4.10723 15.7224 6.15115
0.14 3.95233 15.2597 6.08868
0.15 3.802 14.8067 6.02301
0.16 3.65616 14.364 5.95439
0.17 3.51469 13.9318 5.88309
0.18 3.37748 13.5105 5.80938
0.19 3.24444 13.1005 5.73353
0.2 3.11544 12.7019 5.65583
0.21 2.99036 12.3152 5.57654
0.22 2.86909 11.9403 5.49596
0.23 2.75151 11.5775 5.41434
0.24 2.6375 11.2268 5.33194
0.25 2.52694 10.8884 5.24903
0.26 2.4197 10.562 5.16583
0.27 2.31566 10.2478 5.08256
0.28 2.2147 9.94554 4.99945
0.29 2.11671 9.65509 4.91668
0.3 2.02156 9.37625 4.83443
0.31 1.92914 9.10879 4.75287
0.32 1.83935 8.85244 4.67213
0.33 1.75206 8.60692 4.59234
0.34 1.66717 8.3719 4.51362
0.35 1.58459 8.14706 4.43606
0.36 1.5042 7.93206 4.35974
0.37 1.42591 7.72653 4.28473
0.38 1.34964 7.53013 4.21109
0.39 1.27528 7.34248 4.13885
0.4 1.20276 7.16323 4.06805
0.41 1.13199 6.99201 3.99872
0.42 1.06289 6.82848 3.93086
0.43 0.995397 6.67229 3.86448
0.44 0.929425 6.52308 3.79958
0.45 0.864913 6.38055 3.73616
0.46 0.801793 6.24436 3.6742
0.47 0.740005 6.1142 3.61368
0.48 0.67949 5.98978 3.55459
0.49 0.620192 5.87082 3.49689
0.5 0.562056 5.75704 3.44058
0.51 0.505034 5.64818 3.38561
0.52 0.449077 5.54399 3.33195
0.53 0.39414 5.44424 3.27958
0.54 0.340179 5.34869 3.22847
0.55 0.287153 5.25714 3.17858
0.56 0.235023 5.16939 3.12988
0.57 0.183753 5.08523 3.08234
0.58 0.133307 5.0045 3.03592
0.59 0.083652 4.92702 2.99059
0.6 0.0347563 4.85263 2.94633
0.61 -0.0134103 4.78116 2.9031
0.62 -0.0608763 4.71249 2.86087
0.63 -0.107669 4.64647 2.81961
0.64 -0.153814 4.58298 2.77929
0.65 -0.199336 4.52188 2.73989
0.66 -0.244259 4.46308 2.70137
0.67 -0.288605 4.40645 2.66372
0.68 -0.332395 4.3519 2.6269
0.69 -0.37565 4.29934 2.59089
0.7 -0.418388 4.24866 2.55567
0.71 -0.460629 4.19979 2.52122
0.72 -0.50239 4.15264 2.48751
0.73 -0.543687 4.10713 2.45452
0.74 -0.584538 4.06321 2.42223
0.75 -0.624957 4.02078 2.39063
0.76 -0.664958 3.9798 2.35969
0.77 -0.704557 3.9402 2.3294
0.78 -0.743767 3.90192 2.29973
0.79 -0.7826 3.86491 2.27068
0.8 -0.821069 3.82911 2.24222
0.81 -0.859186 3.79448 2.21434
0.82 -0.896962 3.76096 2.18703
0.83 -0.934409 3.72852 2.16026
0.84 -0.971536 3.69711 2.13404
0.85 -1.00835 3.6667 2.10834
0.86 -1.04487 3.63723 2.08315
0.87 -1.0811 3.60869 2.05846
0.88 -1.11705 3.58103 2.03425
0.89 -1.15273 3.55421 2.01052
0.9 -1.18814 3.52822 1.98726
0.91 -1.22329 3.50301 1.96445
0.92 -1.2582 3.47857 1.94208
0.93 -1.29287 3.45485 1.92015
0.94 -1.3273 3.43185 1.89864
0.95 -1.36151 3.40952 1.87754
0.96 -1.39549 3.38785 1.85685
0.97 -1.42926 3.36682 1.83655
0.98 -1.46283 3.3464 1.81664
0.99 -1.49619 3.32657 1.79711
1 -1.52936 3.30732 1.77795
1.01 -1.56234 3.28861 1.75916
1.02 -1.59514 3.27045 1.74072
1.03 -1.62775 3.2528 1.72263
1.04 -1.6602 3.23564 1.70488
1.05 -1.69247 3.21898 1.68746
1.06 -1.72458 3.20278 1.67037
1.07 -1.75652 3.18703 1.6536
1.08 -1.78832 3.17172 1.63714
1.09 -1.81996 3.15684 1.62099
1.1 -1.85146 3.14236 1.60514
1.11 -1.88281 3.12829 1.58959
1.12 -1.91402 3.1146 1.57433
1.13 -1.9451 3.10128 1.55935
1.14 -1.97605 3.08833 1.54464
1.15 -2.00687 3.07572 1.53021
1.16 -2.03757 3.06346 1.51605
1.17 -2.06814 3.05153 1.50214
1.18 -2.0986 3.03991 1.4885
1.19 -2.12894 3.02861 1.4751
1.2 -2.15917 3.0176 1.46195
1.21 -2.18929 3.00689 1.44905
1.22 -2.21931 2.99646 1.43638
1.23 -2.24922 2.98631 1.42394
1.24 -2.27904 2.97642 1.41173
1.25 -2.30875 2.96679 1.39974
1.26 -2.33837 2.95741 1.38797
1.27 -2.3679 2.94828 1.37641
1.28 -2.39734 2.93938 1.36507
1.29 -2.42669 2.93071 1.35393
1.3 -2.45595 2.92227 1.34299
1.31 -2.48514 2.91404 1.33226
1.32 -2.51424 2.90602 1.32171
1.33 -2.54326 2.89821 1.31136
1.34 -2.5722 2.89059 1.30119
1.35 -2.60107 2.88317 1.29121
1.36 -2.62986 2.87594 1.28141
1.37 -2.65859 2.86888 1.27178
1.38 -2.68724 2.86201 1.26233
1.39 -2.71583 2.85531 1.25304
1.4 -2.74435 2.84877 1.24393
1.41 -2.77281 2.8424 1.23497
1.42 -2.8012 2.83618 1.22618
1.43 -2.82953 2.83012 1.21754
1.44 -2.8578 2.82421 1.20906
1.45 -2.88601 2.81844 1.20073
1.46 -2.91417 2.81282 1.19254
1.47 -2.94227 2.80733 1.1845
1.48 -2.97032 2.80197 1.1766
1.49 -2.99831 2.79675 1.16885
1.5 -3.02625 2.79165 1.16123
1.51 -3.05414 2.78668 1.15374
1.52 -3.08199 2.78182 1.14638
1.53 -3.10978 2.77709 1.13916
1.54 -3.13753 2.77246 1.13206
1.55 -3.16523 2.76795 1.12509
1.56 -3.19289 2.76354 1.11823
1.57 -3.2205 2.75924 1.1115
1.58 -3.24807 2.75504 1.10488
1.59 -3.2756 2.75094 1.09838
1.6 -3.30309 2.74693 1.092
1.61 -3.33054 2.74302 1.08572
1.62 -3.35795 2.7392 1.07955
1.63 -3.38533 2.73547 1.07349
1.64 -3.41266 2.73183 1.06753
1.65 -3.43996 2.72827 1.06168
1.66 -3.46723 2.72479 1.05592
1.67 -3.49446 2.72139 1.05027
1.68 -3.52166 2.71807 1.04471
1.69 -3.54882 2.71483 1.03924
1.7 -3.57595 2.71166 1.03387
1.71 -3.60305 2.70856 1.02859
1.72 -3.63012 2.70554 1.0234
1.73 -3.65717 2.70258 1.0183
1.74 -3.68418 2.69969 1.01328
1.75 -3.71116 2.69686 1.00835
1.76 -3.73811 2.6941 1.0035
1.77 -3.76504 2.6914 0.998735
1.78 -3.79194 2.68876 0.994048
1.79 -3.81882 2.68618 0.989439
1.8 -3.84567 2.68365 0.984907
1.81 -3.87249 2.68118 0.980451
1.82 -3.89929 2.67877 0.976068
1.83 -3.92607 2.67641 0.971758
1.84 -3.95282 2.6741 0.96752
1.85 -3.97955 2.67184 0.963351
1.86 -4.00625 2.66963 0.959251
1.87 -4.03294 2.66746 0.955218
1.88 -4.0596 2.66535 0.951252
1.89 -4.08625 2.66328 0.94735
1.9 -4.11287 2.66125 0.943512
1.91 -4.13947 2.65927 0.939736
1.92 -4.16606 2.65733 0.936022
1.93 -4.19262 2.65543 0.932367
1.94 -4.21916 2.65358 0.928772
1.95 -4.24569 2.65176 0.925235
1.96 -4.2722 2.64998 0.921755
1.97 -4.29869 2.64823 0.91833
1.98 -4.32516 2.64653 0.91496
1.99 -4.35162 2.64486 0.911644
2 -4.37806 2.64322 0.908381
2.01 -4.40449 2.64162 0.905169
2.02 -4.43089 2.64005 0.902008
2.03 -4.45729 2.63851 0.898898
2.04 -4.48366 2.63701 0.895836
2.05 -4.51003 2.63554 0.892822
2.06 -4.53638 2.63409 0.889856
2.07 -4.56271 2.63268 0.886935
2.08 -4.58903 2.63129 0.884061
2.09 -4.61534 2.62994 0.881231
2.1 -4.64163 2.62861 0.878445
2.11 -4.66791 2.6273 0.875701
2.12 -4.69417 2.62603 0.873001
2.13 -4.72043 2.62477 0.870341
2.14 -4.74667 2.62355 0.867723
2.15 -4.7729 2.62235 0.865144
2.16 -4.79912 2.62117 0.862605
2.17 -4.82532 2.62001 0.860104
2.18 -4.85152 2.61888 0.857641
2.19 -4.8777 2.61777 0.855216
2.2 -4.90387 2.61668 0.852827
2.21 -4.93003 2.61561 0.850474
2.22 -4.95618 2.61457 0.848156
2.23 -4.98233 2.61354 0.845872
2.24 -5.00846 2.61254 0.843623
2.25 -5.03458 2.61155 0.841407
2.26 -5.06069 2.61058 0.839224
2.27 -5.08679 2.60963 0.837073
2.28 -5.11288 2.6087 0.834954
2.29 -5.13896 2.60778 0.832865
2.3 -5.16504 2.60689 0.830807
2.31 -5.1911 2.60601 0.82878
2.32 -5.21716 2.60515 0.826781
2.33 -5.2432 2.6043 0.824812
2.34 -5.26924 2.60347 0.822871
2.35 -5.29527 2.60265 0.820958
2.36 -5.32129 2.60185 0.819073
2.37 -5.34731 2.60106 0.817214
2.38 -5.37332 2.60029 0.815382
2.39 -5.39931 2.59954 0.813576
2.4 -5.42531 2.59879 0.811795
2.41 -5.45129 2.59806 0.81004
2.42 -5.47727 2.59735 0.808309
2.43 -5.50324 2.59664 0.806603
2.44 -5.5292 2.59595 0.80492
2.45 -5.55516 2.59527 0.803261
2.46 -5.58111 2.59461 0.801625
2.47 -5.60705 2.59395 0.800011
2.48 -5.63299 2.59331 0.79842
2.49 -5.65892 2.59268 0.796851
2.5 -5.68484 2.59206 0.795303
2.51 -5.71076 2.59145 0.793776
2.52 -5.73667 2.59085 0.79227
2.53 -5.76257 2.59026 0.790784
2.54 -5.78847 2.58968 0.789319
2.55 -5.81437 2.58911 0.787873
2.56 -5.84026 2.58856 0.786447
2.57 -5.86614 2.58801 0.785039
2.58 -5.89202 2.58747 0.783651
2.59 -5.91789 2.58694 0.782281
2.6 -5.94375 2.58642 0.780929
2.61 -5.96962 2.5859 0.779594
2.62 -5.99547 2.5854 0.778278
2.63 -6.02132 2.58491 0.776978
2.64 -6.04717 2.58442 0.775696
2.65 -6.07301 2.58394 0.77443
2.66 -6.09885 2.58347 0.77318
2.67 -6.12468 2.58301 0.771947
2.68 -6.15051 2.58255 0.770729
2.69 -6.17633 2.5821 0.769527
2.7 -6.20215 2.58166 0.768341
2.71 -6.22797 2.58123 0.767169
2.72 -6.25378 2.5808 0.766012
2.73 -6.27958 2.58039 0.76487
2.74 -6.30538 2.57997 0.763742
2.75 -6.33118 2.57957 0.762629
2.76 -6.35698 2.57917 0.761529
2.77 -6.38277 2.57878 0.760442
2.78 -6.40855 2.57839 0.75937
2.79 -6.43433 2.57801 0.75831
2.8 -6.46011 2.57763 0.757264
2.81 -6.48589 2.57727 0.75623
2.82 -6.51166 2.5769 0.755209
2.83 -6.53742 2.57655 0.7542
2.84 -6.56319 2.57619 0.753203
2.85 -6.58895 2.57585 0.752219
2.86 -6.6147 2.57551 0.751246
2.87 -6.64046 2.57517 0.750285
2.88 -6.66621 2.57484 0.749335
2.89 -6.69195 2.57452 0.748396
2.9 -6.7177 2.5742 0.747469
2.91 -6.74344 2.57388 0.746552
2.92 -6.76918 2.57357 0.745647
2.93 -6.79491 2.57326 0.744751
2.94 -6.82064 2.57296 0.743866
2.95 -6.84637 2.57266 0.742992
2.96 -6.87209 2.57237 0.742127
2.97 -6.89782 2.57208 0.741272
2.98 -6.92354 2.5718 0.740427
2.99 -6.94925 2.57152 0.739592
3 -6.97497 2.57124 0.738766
3.01 -7.00068 2.57097 0.737949
3.02 -7.02639 2.5707 0.737142
3.03 -7.05209 2.57044 0.736344
3.04 -7.07779 2.57018 0.735554
3.05 -7.1035 2.56992 0.734773
3.06 -7.12919 2.56967 0.734001
3.07 -7.15489 2.56942 0.733237
3.08 -7.18058 2.56918 0.732482
3.09 -7.20627 2.56893 0.731735
3.1 -7.23196 2.5687 0.730996
3.11 -7.25765 2.56846 0.730265
3.12 -7.28333 2.56823 0.729541
3.13 -7.30901 2.568 0.728826
3.14 -7.33469 2.56777 0.728118
3.15 -7.36037 2.56755 0.727418
3.16 -7.38604 2.56733 0.726725
3.17 -7.41171 2.56711 0.726039
3.18 -7.43738 2.5669 0.72536
3.19 -7.46305 2.56669 0.724689
3.2 -7.48872 2.56648 0.724024
3.21 -7.51438 2.56628 0.723367
3.22 -7.54004 2.56607 0.722716
3.23 -7.5657 2.56587 0.722071
3.24 -7.59136 2.56568 0.721434
3.25 -7.61702 2.56548 0.720802
3.26 -7.64267 2.56529 0.720177
3.27 -7.66832 2.5651 0.719559
3.28 -7.69397 2.56491 0.718946
3.29 -7.71962 2.56473 0.71834
3.3 -7.74527 2.56455 0.717739
3.31 -7.77091 2.56437 0.717145
3.32 -7.79655 2.56419 0.716556
3.33 -7.82219 2.56401 0.715973
3.34 -7.84783 2.56384 0.715396
3.35 -7.87347 2.56367 0.714824
3.36 -7.89911 2.5635 0.714258
3.37 -7.92474 2.56333 0.713697
3.38 -7.95037 2.56317 0.713141
3.39 -7.976 2.56301 0.712591
3.4 -8.00163 2.56285 0.712046
3.41 -8.02726 2.56269 0.711506
3.42 -8.05289 2.56253 0.710971
3.43 -8.07851 2.56238 0.710441
3.44 -8.10414 2.56222 0.709916
3.45 -8.12976 2.56207 0.709395
3.46 -8.15538 2.56192 0.70888
3.47 -8.181 2.56178 0.708369
3.48 -8.20661 2.56163 0.707862
3.49 -8.23223 2.56149 0.70736
3.5 -8.25784 2.56134 0.706863
3.51 -8.28345 2.5612 0.70637
3.52 -8.30907 2.56106 0.705882
3.53 -8.33468 2.56093 0.705397
3.54 -8.36028 2.56079 0.704917
3.55 -8.38589 2.56066 0.704442
3.56 -8.4115 2.56052 0.70397
3.57 -8.4371 2.56039 0.703502
3.58 -8.46271 2.56026 0.703038
3.59 -8.48831 2.56014 0.702579
3.6 -8.51391 2.56001 0.702123
3.61 -8.53951 2.55988 0.701671
3.62 -8.56511 2.55976 0.701222
3.63 -8.5907 2.55964 0.700778
3.64 -8.6163 2.55952 0.700337
3.65 -8.64189 2.5594 0.6999
3.66 -8.66749 2.55928 0.699466
3.67 -8.69308 2.55916 0.699036
3.68 -8.71867 2.55904 0.698609
3.69 -8.74426 2.55893 0.698186
3.7 -8.76985 2.55881 0.697766
3.71 -8.79544 2.5587 0.697349
3.72 -8.82102 2.55859 0.696936
3.73 -8.84661 2.55848 0.696526
3.74 -8.87219 2.55837 0.696119
3.75 -8.89778 2.55826 0.695715
3.76 -8.92336 2.55816 0.695315
3.77 -8.94894 2.55805 0.694917
3.78 -8.97452 2.55795 0.694522
3.79 -9.0001 2.55784 0.694131
3.8 -9.02568 2.55774 0.693742
3.81 -9.05125 2.55764 0.693356
3.82 -9.07683 2.55754 0.692974
3.83 -9.1024 2.55744 0.692594
3.84 -9.12798 2.55734 0.692216
3.85 -9.15355 2.55724 0.691842
3.86 -9.17912 2.55715 0.69147
3.87 -9.20469 2.55705 0.691101
3.88 -9.23026 2.55696 0.690734
3.89 -9.25583 2.55686 0.69037
3.9 -9.2814 2.55677 0.690009
3.91 -9.30697 2.55668 0.68965
3.92 -9.33253 2.55659 0.689293
3.93 -9.3581 2.5565 0.688939
3.94 -9.38366 2.55641 0.688588
3.95 -9.40923 2.55632 0.688239
3.96 -9.43479 2.55623 0.687892
3.97 -9.46035 2.55615 0.687547
3.98 -9.48591 2.55606 0.687205
3.99 -9.51147 2.55597 0.686865
4 -9.53703 2.55589 0.686528
4.01 -9.56259 2.55581 0.686192
4.02 -9.58815 2.55572 0.685859
4.03 -9.61371 2.55564 0.685528
4.04 -9.63926 2.55556 0.685199
4.05 -9.66482 2.55548 0.684872
4.06 -9.69037 2.5554 0.684547
4.07 -9.71592 2.55532 0.684224
4.08 -9.74148 2.55524 0.683903
4.09 -9.76703 2.55516 0.683584
4.1 -9.79258 2.55508 0.683267
4.11 -9.81813 2.55501 0.682952
4.12 -9.84368 2.55493 0.682638
4.13 -9.86923 2.55486 0.682327
4.14 -9.89478 2.55478 0.682018
4.15 -9.92033 2.55471 0.68171
4.16 -9.94587 2.55463 0.681404
4.17 -9.97142 2.55456 0.6811
4.18 -9.99696 2.55449 0.680797
4.19 -10.0225 2.55442 0.680497
4.2 -10.0481 2.55435 0.680198
4.21 -10.0736 2.55427 0.6799
4.22 -10.0991 2.5542 0.679605
4.23 -10.1247 2.55413 0.679311
4.24 -10.1502 2.55407 0.679018
4.25 -10.1758 2.554 0.678727
4.26 -10.2013 2.55393 0.678438
4.27 -10.2268 2.55386 0.67815
4.28 -10.2524 2.55379 0.677864
4.29 -10.2779 2.55373 0.677579
4.3 -10.3035 2.55366 0.677296
4.31 -10.329 2.5536 0.677014
4.32 -10.3545 2.55353 0.676734
4.33 -10.3801 2.55347 0.676455
4.34 -10.4056 2.5534 0.676177
4.35 -10.4311 2.55334 0.675901
4.36 -10.4567 2.55328 0.675626
4.37 -10.4822 2.55321 0.675352
4.38 -10.5077 2.55315 0.67508
4.39 -10.5333 2.55309 0.674809
4.4 -10.5588 2.55303 0.67454
4.41 -10.5843 2.55297 0.674271
4.42 -10.6098 2.55291 0.674004
4.43 -10.6354 2.55285 0.673738
4.44 -10.6609 2.55279 0.673474
4.45 -10.6864 2.55273 0.67321
4.46 -10.712 2.55267 0.672948
4.47 -10.7375 2.55261 0.672687
4.48 -10.763 2.55255 0.672427
4.49 -10.7885 2.55249 0.672168
4.5 -10.8141 2.55244 0.67191
4.51 -10.8396 2.55238 0.671654
4.52 -10.8651 2.55232 0.671398
4.53 -10.8906 2.55227 0.671144
4.54 -10.9162 2.55221 0.67089
4.55 -10.9417 2.55216 0.670638
4.56 -10.9672 2.5521 0.670386
4.57 -10.9927 2.55205 0.670136
4.58 -11.0182 2.55199 0.669887
4.59 -11.0438 2.55194 0.669638
4.6 -11.0693 2.55188 0.669391
4.61 -11.0948 2.55183 0.669145
4.62 -11.1203 2.55178 0.668899
4.63 -11.1458 2.55172 0.668654
4.64 -11.1713 2.55167 0.668411
4.65 -11.1969 2.55162 0.668168
4.66 -11.2224 2.55157 0.667926
4.67 -11.2479 2.55152 0.667685
4.68 -11.2734 2.55146 0.667445
4.69 -11.2989 2.55141 0.667206
4.7 -11.3244 2.55136 0.666967
4.71 -11.35 2.55131 0.666729
4.72 -11.3755 2.55126 0.666493
4.73 -11.401 2.55121 0.666257
4.74 -11.4265 2.55116 0.666021
4.75 -11.452 2.55111 0.665787
4.76 -11.4775 2.55106 0.665553
4.77 -11.503 2.55101 0.66532
4.78 -11.5285 2.55097 0.665088
4.79 -11.554 2.55092 0.664856
4.8 -11.5795 2.55087 0.664626
4.81 -11.6051 2.55082 0.664396
4.82 -11.6306 2.55077 0.664166
4.83 -11.6561 2.55073 0.663938
4.84 -11.6816 2.55068 0.66371
4.85 -11.7071 2.55063 0.663482
4.86 -11.7326 2.55059 0.663256
4.87 -11.7581 2.55054 0.66303
4.88 -11.7836 2.55049 0.662804
4.89 -11.8091 2.55045 0.662579
4.9 -11.8346 2.5504 0.662355
4.91 -11.8601 2.55036 0.662132
4.92 -11.8856 2.55031 0.661909
4.93 -11.9111 2.55027 0.661687
4.94 -11.9366 2.55022 0.661465
4.95 -11.9621 2.55018 0.661244
4.96 -11.9876 2.55013 0.661023
4.97 -12.0131 2.55009 0.660803
4.98 -12.0386 2.55004 0.660583
4.99 -12.0641 2.55 0.660364
5 -12.0896 2.54995 0.660146
5.01 -12.1151 2.54991 0.659928
5.02 -12.1406 2.54987 0.65971
5.03 -12.1661 2.54982 0.659494
5.04 -12.1916 2.54978 0.659277
5.05 -12.2171 2.54974 0.659061
5.06 -12.2426 2.5497 0.658846
5.07 -12.2681 2.54965 0.658631
5.08 -12.2936 2.54961 0.658416
5.09 -12.3191 2.54957 0.658202
5.1 -12.3446 2.54953 0.657988
5.11 -12.3701 2.54949 0.657775
5.12 -12.3956 2.54944 0.657562
5.13 -12.4211 2.5494 0.65735
5.14 -12.4466 2.54936 0.657138
5.15 -12.4721 2.54932 0.656927
5.16 -12.4976 2.54928 0.656715
5.17 -12.5231 2.54924 0.656505
5.18 -12.5486 2.5492 0.656294
5.19 -12.574 2.54916 0.656084
5.2 -12.5995 2.54912 0.655875
5.21 -12.625 2.54908 0.655666
5.22 -12.6505 2.54904 0.655457
5.23 -12.676 2.549 0.655248
5.24 -12.7015 2.54896 0.65504
5.25 -12.727 2.54892 0.654832
5.26 -12.7525 2.54888 0.654625
5.27 -12.778 2.54884 0.654418
5.28 -12.8035 2.5488 0.654211
5.29 -12.8289 2.54876 0.654004
5.3 -12.8544 2.54872 0.653798
5.31 -12.8799 2.54868 0.653592
5.32 -12.9054 2.54864 0.653387
5.33 -12.9309 2.54861 0.653181
5.34 -12.9564 2.54857 0.652976
5.35 -12.9819 2.54853 0.652772
5.36 -13.0073 2.54849 0.652567
5.37 -13.0328 2.54845 0.652363
5.38 -13.0583 2.54841 0.652159
5.39 -13.0838 2.54838 0.651955
5.4 -13.1093 2.54834 0.651752
5.41 -13.1348 2.5483 0.651549
5.42 -13.1602 2.54826 0.651346
5.43 -13.1857 2.54823 0.651143
5.44 -13.2112 2.54819 0.650941
5.45 -13.2367 2.54815 0.650739
5.46 -13.2622 2.54812 0.650537
5.47 -13.2877 2.54808 0.650335
5.48 -13.3131 2.54804 0.650134
5.49 -13.3386 2.54801 0.649932
5.5 -13.3641 2.54797 0.649731
5.51 -13.3896 2.54793 0.64953
5.52 -13.4151 2.5479 0.64933
5.53 -13.4405 2.54786 0.649129
5.54 -13.466 2.54782 0.648929
5.55 -13.4915 2.54779 0.648729
5.56 -13.517 2.54775 0.648529
5.57 -13.5424 2.54772 0.648329
5.58 -13.5679 2.54768 0.648129
5.59 -13.5934 2.54764 0.64793
5.6 -13.6189 2.54761 0.64773
5.61 -13.6443 2.54757 0.647531
5.62 -13.6698 2.54754 0.647332
5.63 -13.6953 2.5475 0.647133
5.64 -13.7208 2.54747 0.646935
5.65 -13.7462 2.54743 0.646736
5.66 -13.7717 2.5474 0.646538
5.67 -13.7972 2.54736 0.646339
5.68 -13.8227 2.54733 0.646141
5.69 -13.8481 2.54729 0.645943
5.7 -13.8736 2.54726 0.645745
5.71 -13.8991 2.54722 0.645547
5.72 -13.9246 2.54719 0.64535
5.73 -13.95 2.54715 0.645152
5.74 -13.9755 2.54712 0.644955
5.75 -14.001 2.54708 0.644757
5.76 -14.0264 2.54705 0.64456
5.77 -14.0519 2.54702 0.644363
5.78 -14.0774 2.54698 0.644166
5.79 -14.1029 2.54695 0.643969
5.8 -14.1283 2.54691 0.643772
5.81 -14.1538 2.54688 0.643575
5.82 -14.1793 2.54685 0.643379
5.83 -14.2047 2.54681 0.643182
5.84 -14.2302 2.54678 0.642985
5.85 -14.2557 2.54674 0.642789
5.86 -14.2811 2.54671 0.642592
5.87 -14.3066 2.54668 0.642396
5.88 -14.3321 2.54664 0.6422
5.89 -14.3575 2.54661 0.642003
5.9 -14.383 2.54658 0.641807
5.91 -14.4085 2.54654 0.641611
5.92 -14.4339 2.54651 0.641415
5.93 -14.4594 2.54648 0.641219
5.94 -14.4849 2.54645 0.641023
5.95 -14.5103 2.54641 0.640827
5.96 -14.5358 2.54638 0.640631
5.97 -14.5613 2.54635 0.640435
5.98 -14.5867 2.54631 0.640239
5.99 -14.6122 2.54628 0.640044
6 -14.6376 2.54625 0.639848
6.01 -14.6631 2.54622 0.639652
6.02 -14.6886 2.54618 0.639456
6.03 -14.714 2.54615 0.639261
6.04 -14.7395 2.54612 0.639065
6.05 -14.7649 2.54609 0.638869
6.06 -14.7904 2.54605 0.638674
6.07 -14.8159 2.54602 0.638478
6.08 -14.8413 2.54599 0.638282
6.09 -14.8668 2.54596 0.638087
6.1 -14.8922 2.54592 0.637891
6.11 -14.9177 2.54589 0.637696
6.12 -14.9432 2.54586 0.6375
6.13 -14.9686 2.54583 0.637304
6.14 -14.9941 2.5458 0.637109
6.15 -15.0195 2.54577 0.636913
6.16 -15.045 2.54573 0.636717
6.17 -15.0705 2.5457 0.636522
6.18 -15.0959 2.54567 0.636326
6.19 -15.1214 2.54564 0.63613
6.2 -15.1468 2.54561 0.635935
6.21 -15.1723 2.54558 0.635739
6.22 -15.1977 2.54554 0.635543
6.23 -15.2232 2.54551 0.635348
6.24 -15.2486 2.54548 0.635152
6.25 -15.2741 2.54545 0.634956
6.26 -15.2996 2.54542 0.63476
6.27 -15.325 2.54539 0.634564
6.28 -15.3505 2.54536 0.634368
6.29 -15.3759 2.54532 0.634173
6.3 -15.4014 2.54529 0.633977
6.31 -15.4268 2.54526 0.633781
6.32 -15.4523 2.54523 0.633585
6.33 -15.4777 2.5452 0.633389
6.34 -15.5032 2.54517 0.633192
6.35 -15.5286 2.54514 0.632996
6.36 -15.5541 2.54511 0.6328
6.37 -15.5795 2.54508 0.632604
6.38 -15.605 2.54505 0.632408
6.39 -15.6304 2.54502 0.632211
6.4 -15.6559 2.54498 0.632015
6.41 -15.6813 2.54495 0.631818
6.42 -15.7068 2.54492 0.631622
6.43 -15.7322 2.54489 0.631425
6.44 -15.7577 2.54486 0.631229
6.45 -15.7831 2.54483 0.631032
6.46 -15.8086 2.5448 0.630835
6.47 -15.834 2.54477 0.630639
6.48 -15.8595 2.54474 0.630442
6.49 -15.8849 2.54471 0.630245
6.5 -15.9104 2.54468 0.630048
6.51 -15.9358 2.54465 0.629851
6.52 -15.9613 2.54462 0.629654
6.53 -15.9867 2.54459 0.629456
6.54 -16.0122 2.54456 0.629259
6.55 -16.0376 2.54453 0.629062
6.56 -16.063 2.5445 0.628864
6.57 -16.0885 2.54447 0.628667
6.58 -16.1139 2.54444 0.628469
6.59 -16.1394 2.54441 0.628272
6.6 -16.1648 2.54438 0.628074
6.61 -16.1903 2.54435 0.627876
6.62 -16.2157 2.54432 0.627678
6.63 -16.2412 2.54429 0.627481
6.64 -16.2666 2.54426 0.627283
6.65 -16.292 2.54423 0.627084
6.66 -16.3175 2.5442 0.626886
6.67 -16.3429 2.54417 0.626688
6.68 -16.3684 2.54414 0.62649
6.69 -16.3938 2.54411 0.626291
6.7 -16.4192 2.54408 0.626093
6.71 -16.4447 2.54405 0.625894
6.72 -16.4701 2.54402 0.625695
6.73 -16.4956 2.54399 0.625496
6.74 -16.521 2.54396 0.625298
6.75 -16.5464 2.54393 0.625099
6.76 -16.5719 2.5439 0.624899
6.77 -16.5973 2.54387 0.6247
6.78 -16.6228 2.54384 0.624501
6.79 -16.6482 2.54381 0.624302
6.8 -16.6736 2.54379 0.624102
6.81 -16.6991 2.54376 0.623903
6.82 -16.7245 2.54373 0.623703
6.83 -16.7499 2.5437 0.623503
6.84 -16.7754 2.54367 0.623303
6.85 -16.8008 2.54364 0.623103
6.86 -16.8263 2.54361 0.622903
6.87 -16.8517 2.54358 0.622703
6.88 -16.8771 2.54355 0.622503
6.89 -16.9026 2.54352 0.622302
6.9 -16.928 2.54349 0.622102
6.91 -16.9534 2.54346 0.621901
6.92 -16.9789 2.54344 0.621701
6.93 -17.0043 2.54341 0.6215
6.94 -17.0297 2.54338 0.621299
6.95 -17.0552 2.54335 0.621098
6.96 -17.0806 2.54332 0.620897
6.97 -17.106 2.54329 0.620695
6.98 -17.1315 2.54326 0.620494
6.99 -17.1569 2.54323 0.620292
7 -17.1823 2.5432 0.620091
7.01 -17.2078 2.54318 0.619889
7.02 -17.2332 2.54315 0.619687
7.03 -17.2586 2.54312 0.619485
7.04 -17.2841 2.54309 0.619283
7.05 -17.3095 2.54306 0.619081
7.06 -17.3349 2.54303 0.618879
7.07 -17.3604 2.543 0.618677
7.08 -17.3858 2.54297 0.618474
7.09 -17.4112 2.54295 0.618271
7.1 -17.4366 2.54292 0.618069
7.11 -17.4621 2.54289 0.617866
7.12 -17.4875 2.54286 0.617663
7.13 -17.5129 2.54283 0.61746
7.14 -17.5384 2.5428 0.617256
7.15 -17.5638 2.54277 0.617053
7.16 -17.5892 2.54275 0.61685
7.17 -17.6146 2.54272 0.616646
7.18 -17.6401 2.54269 0.616442
7.19 -17.6655 2.54266 0.616238
7.2 -17.6909 2.54263 0.616035
7.21 -17.7163 2.5426 0.61583
7.22 -17.7418 2.54258 0.615626
7.23 -17.7672 2.54255 0.615422
7.24 -17.7926 2.54252 0.615217
7.25 -17.818 2.54249 0.615013
7.26 -17.8435 2.54246 0.614808
7.27 -17.8689 2.54243 0.614603
7.28 -17.8943 2.54241 0.614398
7.29 -17.9197 2.54238 0.614193
7.3 -17.9452 2.54235 0.613988
7.31 -17.9706 2.54232 0.613783
7.32 -17.996 2.54229 0.613577
7.33 -18.0214 2.54227 0.613372
7.34 -18.0469 2.54224 0.613166
7.35 -18.0723 2.54221 0.61296
7.36 -18.0977 2.54218 0.612754
7.37 -18.1231 2.54215 0.612548
7.38 -18.1485 2.54213 0.612342
7.39 -18.174 2.5421 0.612135
7.4 -18.1994 2.54207 0.611929
7.41 -18.2248 2.54204 0.611722
7.42 -18.2502 2.54201 0.611516
7.43 -18.2757 2.54199 0.611309
7.44 -18.3011 2.54196 0.611102
7.45 -18.3265 2.54193 0.610895
7.46 -18.3519 2.5419 0.610687
7.47 -18.3773 2.54188 0.61048
7.48 -18.4027 2.54185 0.610272
7.49 -18.4282 2.54182 0.610065
7.5 -18.4536 2.54179 0.609857
7.51 -18.479 2.54176 0.609649
7.52 -18.5044 2.54174 0.609441
7.53 -18.5298 2.54171 0.609233
7.54 -18.5553 2.54168 0.609024
7.55 -18.5807 2.54165 0.608816
7.56 -18.6061 2.54163 0.608607
7.57 -18.6315 2.5416 0.608398
7.58 -18.6569 2.54157 0.60819
7.59 -18.6823 2.54154 0.607981
7.6 -18.7077 2.54152 0.607771
7.61 -18.7332 2.54149 0.607562
7.62 -18.7586 2.54146 0.607353
7.63 -18.784 2.54143 0.607143
7.64 -18.8094 2.54141 0.606933
7.65 -18.8348 2.54138 0.606724
7.66 -18.8602 2.54135 0.606514
7.67 -18.8856 2.54132 0.606304
7.68 -18.9111 2.5413 0.606093
7.69 -18.9365 2.54127 0.605883
7.7 -18.9619 2.54124 0.605673
7.71 -18.9873 2.54121 0.605462
7.72 -19.0127 2.54119 0.605251
7.73 -19.0381 2.54116 0.60504
7.74 -19.0635 2.54113 0.604829
7.75 -19.0889 2.5411 0.604618
7.76 -19.1144 2.54108 0.604407
7.77 -19.1398 2.54105 0.604195
7.78 -19.1652 2.54102 0.603984
7.79 -19.1906 2.541 0.603772
7.8 -19.216 2.54097 0.60356
7.81 -19.2414 2.54094 0.603348
7.82 -19.2668 2.54091 0.603136
7.83 -19.2922 2.54089 0.602924
7.84 -19.3176 2.54086 0.602711
7.85 -19.343 2.54083 0.602499
7.86 -19.3684 2.54081 0.602286
7.87 -19.3939 2.54078 0.602073
7.88 -19.4193 2.54075 0.60186
7.89 -19.4447 2.54072 0.601647
7.9 -19.4701 2.5407 0.601434
7.91 -19.4955 2.54067 0.601221
7.92 -19.5209 2.54064 0.601007
7.93 -19.5463 2.54062 0.600794
7.94 -19.5717 2.54059 0.60058
7.95 -19.5971 2.54056 0.600366
7.96 -19.6225 2.54054 0.600152
7.97 -19.6479 2.54051 0.599938
7.98 -19.6733 2.54048 0.599723
7.99 -19.6987 2.54046 0.599509
8 -19.7241 2.54043 0.599294
8.01 -19.7495 2.5404 0.59908
8.02 -19.7749 2.54038 0.598865
8.03 -19.8003 2.54035 0.59865
8.04 -19.8258 2.54032 0.598435
8.05 -19.8512 2.54029 0.598219
8.06 -19.8766 2.54027 0.598004
8.07 -19.902 2.54024 0.597788
8.08 -19.9274 2.54021 0.597573
8.09 -19.9528 2.54019 0.597357
8.1 -19.9782 2.54016 0.597141
8.11 -20.0036 2.54013 0.596925
8.12 -20.029 2.54011 0.596709
8.13 -20.0544 2.54008 0.596492
8.14 -20.0798 2.54005 0.596276
8.15 -20.1052 2.54003 0.596059
8.16 -20.1306 2.54 0.595842
8.17 -20.156 2.53997 0.595625
8.18 -20.1814 2.53995 0.595408
8.19 -20.2068 2.53992 0.595191
8.2 -20.2322 2.5399 0.594974
8.21 -20.2576 2.53987 0.594756
8.22 -20.283 2.53984 0.594539
8.23 -20.3084 2.53982 0.594321
8.24 -20.3338 2.53979 0.594103
8.25 -20.3592 2.53976 0.593885
8.26 -20.3846 2.53974 0.593667
8.27 -20.41 2.53971 0.593449
8.28 -20.4354 2.53968 0.59323
8.29 -20.4607 2.53966 0.593012
8.3 -20.4861 2.53963 0.592793
8.31 -20.5115 2.5396 0.592574
8.32 -20.5369 2.53958 0.592356
8.33 -20.5623 2.53955 0.592136
8.34 -20.5877 2.53953 0.591917
8.35 -20.6131 2.5395 0.591698
8.36 -20.6385 2.53947 0.591478
8.37 -20.6639 2.53945 0.591259
8.38 -20.6893 2.53942 0.591039
8.39 -20.7147 2.53939 0.590819
8.4 -20.7401 2.53937 0.590599
8.41 -20.7655 2.53934 0.590379
8.42 -20.7909 2.53932 0.590159
8.43 -20.8163 2.53929 0.589938
8.44 -20.8417 2.53926 0.589718
8.45 -20.8671 2.53924 0.589497
8.46 -20.8925 2.53921 0.589276
8.47 -20.9178 2.53919 0.589055
8.48 -20.9432 2.53916 0.588834
8.49 -20.9686 2.53913 0.588613
8.5 -20.994 2.53911 0.588392
8.51 -21.0194 2.53908 0.58817
8.52 -21.0448 2.53906 0.587949
8.53 -21.0702 2.53903 0.587727
8.54 -21.0956 2.539 0.587505
8.55 -21.121 2.53898 0.587283
8.56 -21.1464 2.53895 0.587061
8.57 -21.1717 2.53893 0.586839
8.58 -21.1971 2.5389 0.586616
8.59 -21.2225 2.53887 0.586394
8.6 -21.2479 2.53885 0.586171
8.61 -21.2733 2.53882 0.585949
8.62 -21.2987 2.5388 0.585726
8.63 -21.3241 2.53877 0.585503
8.64 -21.3495 2.53874 0.585279
8.65 -21.3749 2.53872 0.585056
8.66 -21.4002 2.53869 0.584833
8.67 -21.4256 2.53867 0.584609
8.68 -21.451 2.53864 0.584385
8.69 -21.4764 2.53861 0.584162
8.7 -21.5018 2.53859 0.583938
8.71 -21.5272 2.53856 0.583714
8.72 -21.5526 2.53854 0.583489
8.73 -21.5779 2.53851 0.583265
8.74 -21.6033 2.53849 0.583041
8.75 -21.6287 2.53846 0.582816
8.76 -21.6541 2.53843 0.582591
8.77 -21.6795 2.53841 0.582367
8.78 -21.7049 2.53838 0.582142
8.79 -21.7303 2.53836 0.581916
8.8 -21.7556 2.53833 0.581691
8.81 -21.781 2.53831 0.581466
8.82 -21.8064 2.53828 0.58124
8.83 -21.8318 2.53826 0.581015
8.84 -21.8572 2.53823 0.580789
8.85 -21.8825 2.5382 0.580563
8.86 -21.9079 2.53818 0.580337
8.87 -21.9333 2.53815 0.580111
8.88 -21.9587 2.53813 0.579885
8.89 -21.9841 2.5381 0.579659
8.9 -22.0095 2.53808 0.579432
8.91 -22.0348 2.53805 0.579206
8.92 -22.0602 2.53803 0.578979
8.93 -22.0856 2.538 0.578752
8.94 -22.111 2.53798 0.578525
8.95 -22.1364 2.53795 0.578298
8.96 -22.1617 2.53792 0.578071
8.97 -22.1871 2.5379 0.577843
8.98 -22.2125 2.53787 0.577616
8.99 -22.2379 2.53785 0.577388
9 -22.2632 2.53782 0.577161
9.01 -22.2886 2.5378 0.576933
9.02 -22.314 2.53777 0.576705
9.03 -22.3394 2.53775 0.576477
9.04 -22.3648 2.53772 0.576249
9.05 -22.3901 2.5377 0.57602
9.06 -22.4155 2.53767 0.575792
9.07 -22.4409 2.53765 0.575563
9.08 -22.4663 2.53762 0.575335
9.09 -22.4916 2.5376 0.575106
9.1 -22.517 2.53757 0.574877
9.11 -22.5424 2.53755 0.574648
9.12 -22.5678 2.53752 0.574419
9.13 -22.5931 2.5375 0.574189
9.14 -22.6185 2.53747 0.57396
9.15 -22.6439 2.53745 0.57373
9.16 -22.6693 2.53742 0.573501
9.17 -22.6946 2.5374 0.573271
9.18 -22.72 2.53737 0.573041
9.19 -22.7454 2.53735 0.572811
9.2 -22.7708 2.53732 0.572581
9.21 -22.7961 2.5373 0.572351
9.22 -22.8215 2.53727 0.572121
9.23 -22.8469 2.53725 0.57189
9.24 -22.8723 2.53722 0.57166
9.25 -22.8976 2.5372 0.571429
9.26 -22.923 2.53717 0.571198
9.27 -22.9484 2.53715 0.570967
9.28 -22.9737 2.53712 0.570736
9.29 -22.9991 2.5371 0.570505
9.3 -23.0245 2.53707 0.570274
9.31 -23.0499 2.53705 0.570042
9.32 -23.0752 2.53702 0.569811
9.33 -23.1006 2.537 0.569579
9.34 -23.126 2.53697 0.569347
9.35 -23.1513 2.53695 0.569116
9.36 -23.1767 2.53692 0.568884
9.37 -23.2021 2.5369 0.568652
9.38 -23.2274 2.53687 0.568419
9.39 -23.2528 2.53685 0.568187
9.4 -23.2782 2.53682 0.567955
9.41 -23.3035 2.5368 0.567722
9.42 -23.3289 2.53677 0.567489
9.43 -23.3543 2.53675 0.567257
9.44 -23.3796 2.53672 0.567024
9.45 -23.405 2.5367 0.566791
9.46 -23.4304 2.53667 0.566558
9.47 -23.4557 2.53665 0.566325
9.48 -23.4811 2.53663 0.566091
9.49 -23.5065 2.5366 0.565858
9.5 -23.5318 2.53658 0.565624
9.51 -23.5572 2.53655 0.565391
9.52 -23.5826 2.53653 0.565157
9.53 -23.6079 2.5365 0.564923
9.54 -23.6333 2.53648 0.564689
9.55 -23.6587 2.53645 0.564455
9.56 -23.684 2.53643 0.564221
9.57 -23.7094 2.5364 0.563987
9.58 -23.7348 2.53638 0.563752
9.59 -23.7601 2.53636 0.563518
9.6 -23.7855 2.53633 0.563283
9.61 -23.8109 2.53631 0.563049
9.62 -23.8362 2.53628 0.562814
9.63 -23.8616 2.53626 0.562579
9.64 -23.8869 2.53623 0.562344
9.65 -23.9123 2.53621 0.562109
9.66 -23.9377 2.53618 0.561873
9.67 -23.963 2.53616 0.561638
9.68 -23.9884 2.53614 0.561403
9.69 -24.0138 2.53611 0.561167
9.7 -24.0391 2.53609 0.560931
9.71 -24.0645 2.53606 0.560696
9.72 -24.0898 2.53604 0.56046
9.73 -24.1152 2.53601 0.560224
9.74 -24.1406 2.53599 0.559988
9.75 -24.1659 2.53597 0.559751
9.76 -24.1913 2.53594 0.559515
9.77 -24.2166 2.53592 0.559279
9.78 -24.242 2.53589 0.559042
9.79 -24.2674 2.53587 0.558806
9.8 -24.2927 2.53584 0.558569
9.81 -24.3181 2.53582 0.558332
9.82 -24.3434 2.5358 0.558095
9.83 -24.3688 2.53577 0.557858
9.84 -24.3941 2.53575 0.557621
9.85 -24.4195 2.53572 0.557384
9.86 -24.4449 2.5357 0.557147
9.87 -24.4702 2.53568 0.556909
9.88 -24.4956 2.53565 0.556672
9.89 -24.5209 2.53563 0.556434
9.9 -24.5463 2.5356 0.556196
9.91 -24.5716 2.53558 0.555959
9.92 -24.597 2.53556 0.555721
9.93 -24.6224 2.53553 0.555483
9.94 -24.6477 2.53551 0.555245
9.95 -24.6731 2.53548 0.555006
9.96 -24.6984 2.53546 0.554768
9.97 -24.7238 2.53544 0.55453
9.98 -24.7491 2.53541 0.554291
9.99 -24.7745 2.53539 0.554053
10 -24.7998 2.53536 0.553814
