0 5.86363 19.891 5.86363
0.01 5.66719 19.3981 5.86117
0.02 5.47565 18.9097 5.85385
0.03 5.28898 18.4262 5.84176
0.04 5.10711 17.948 5.82503
0.05 4.93 17.4757 5.80378
0.06 4.75758 17.0094 5.77815
0.07 4.58979 16.5497 5.74827
0.08 4.42656 16.0969 5.71432
0.09 4.26783 15.6514 5.67645
0.1 4.11351 15.2135 5.63486
0.11 3.96353 14.7837 5.58973
0.12 3.81781 14.3621 5.54127
0.13 3.67626 13.9493 5.48967
0.14 3.53879 13.5456 5.43517
0.15 3.40531 13.1512 5.37799
0.16 3.27574 12.7664 5.31836
0.17 3.14995 12.3916 5.25652
0.18 3.02787 12.0268 5.1927
0.19 2.90938 11.6725 5.12716
0.2 2.79439 11.3287 5.06012
0.21 2.68277 10.9955 4.99182
0.22 2.57444 10.673 4.9225
0.23 2.46928 10.3613 4.85238
0.24 2.36718 10.0604 4.78168
0.25 2.26803 9.77029 4.71061
0.26 2.17174 9.49082 4.63935
0.27 2.07818 9.22191 4.5681
0.28 1.98726 8.96341 4.49702
0.29 1.89888 8.71515 4.42627
0.3 1.81293 8.47693 4.356
0.31 1.72931 8.2485 4.28634
0.32 1.64793 8.02963 4.21741
0.33 1.56868 7.82003 4.14929
0.34 1.49149 7.61943 4.0821
0.35 1.41627 7.42752 4.0159
0.36 1.34292 7.244 3.95076
0.37 1.27136 7.06857 3.88673
0.38 1.20152 6.90091 3.82386
0.39 1.13332 6.7407 3.76219
0.4 1.06668 6.58763 3.70173
0.41 1.00154 6.4414 3.64252
0.42 0.937831 6.3017 3.58455
0.43 0.875487 6.16824 3.52783
0.44 0.814447 6.04072 3.47236
0.45 0.754653 5.91886 3.41814
0.46 0.696051 5.80239 3.36515
0.47 0.638588 5.69106 3.31339
0.48 0.582214 5.5846 3.26282
0.49 0.526881 5.48277 3.21344
0.5 0.472544 5.38535 3.16522
0.51 0.41916 5.2921 3.11813
0.52 0.366689 5.20283 3.07216
0.53 0.315091 5.11732 3.02727
0.54 0.26433 5.03539 2.98344
0.55 0.214372 4.95685 2.94064
0.56 0.165183 4.88153 2.89884
0.57 0.116731 4.80927 2.85802
0.58 0.0689874 4.73992 2.81814
0.59 0.0219235 4.67332 2.77918
0.6 -0.0244878 4.60935 2.74112
0.61 -0.0702717 4.54786 2.70392
0.62 -0.115453 4.48873 2.66756
0.63 -0.160054 4.43186 2.63201
0.64 -0.204097 4.37712 2.59726
0.65 -0.247603 4.32442 2.56327
0.66 -0.290592 4.27365 2.53002
0.67 -0.333082 4.22473 2.49749
0.68 -0.375092 4.17757 2.46565
0.69 -0.416639 4.13208 2.4345
0.7 -0.457739 4.08819 2.40399
0.71 -0.498408 4.04583 2.37413
0.72 -0.53866 4.00492 2.34488
0.73 -0.578511 3.9654 2.31623
0.74 -0.617973 3.92721 2.28816
0.75 -0.657059 3.8903 2.26066
0.76 -0.695783 3.8546 2.23371
0.77 -0.734155 3.82006 2.20729
0.78 -0.772188 3.78664 2.18139
0.79 -0.809892 3.75429 2.156
0.8 -0.847277 3.72297 2.1311
0.81 -0.884354 3.69263 2.10667
0.82 -0.921133 3.66323 2.08272
0.83 -0.957622 3.63474 2.05921
0.84 -0.993831 3.60712 2.03615
0.85 -1.02977 3.58034 2.01352
0.86 -1.06544 3.55437 1.99132
0.87 -1.10086 3.52917 1.96952
0.88 -1.13603 3.50472 1.94812
0.89 -1.17095 3.48098 1.92712
0.9 -1.20565 3.45794 1.9065
0.91 -1.24011 3.43557 1.88625
0.92 -1.27436 3.41384 1.86637
0.93 -1.30839 3.39274 1.84685
0.94 -1.34222 3.37223 1.82768
0.95 -1.37584 3.3523 1.80885
0.96 -1.40927 3.33294 1.79035
0.97 -1.4425 3.31411 1.77219
0.98 -1.47555 3.29581 1.75434
0.99 -1.50842 3.27801 1.73681
1 -1.54111 3.2607 1.71959
1.01 -1.57363 3.24387 1.70267
1.02 -1.60599 3.22749 1.68605
1.03 -1.63819 3.21156 1.66972
1.04 -1.67022 3.19606 1.65367
1.05 -1.70211 3.18097 1.63791
1.06 -1.73384 3.16628 1.62242
1.07 -1.76544 3.15199 1.60719
1.08 -1.79689 3.13807 1.59223
1.09 -1.8282 3.12452 1.57753
1.1 -1.85938 3.11133 1.56309
1.11 -1.89043 3.09848 1.54889
1.12 -1.92135 3.08597 1.53494
1.13 -1.95215 3.07378 1.52123
1.14 -1.98282 3.06191 1.50775
1.15 -2.01339 3.05034 1.49451
1.16 -2.04383 3.03908 1.4815
1.17 -2.07417 3.0281 1.46871
1.18 -2.1044 3.0174 1.45613
1.19 -2.13452 3.00697 1.44378
1.2 -2.16454 2.99681 1.43164
1.21 -2.19445 2.9869 1.4197
1.22 -2.22427 2.97725 1.40797
1.23 -2.254 2.96784 1.39644
1.24 -2.28363 2.95866 1.38511
1.25 -2.31317 2.94971 1.37397
1.26 -2.34263 2.94099 1.36302
1.27 -2.37199 2.93248 1.35226
1.28 -2.40128 2.92419 1.34168
1.29 -2.43048 2.9161 1.33129
1.3 -2.4596 2.9082 1.32107
1.31 -2.48864 2.90051 1.31102
1.32 -2.51761 2.893 1.30115
1.33 -2.5465 2.88567 1.29144
1.34 -2.57532 2.87853 1.2819
1.35 -2.60407 2.87155 1.27252
1.36 -2.63276 2.86475 1.26331
1.37 -2.66137 2.85811 1.25424
1.38 -2.68992 2.85164 1.24534
1.39 -2.7184 2.84531 1.23658
1.4 -2.74683 2.83914 1.22797
1.41 -2.77519 2.83312 1.21951
1.42 -2.80349 2.82724 1.21119
1.43 -2.83173 2.8215 1.20302
1.44 -2.85992 2.8159 1.19498
1.45 -2.88805 2.81043 1.18708
1.46 -2.91613 2.80509 1.17931
1.47 -2.94415 2.79988 1.17167
1.48 -2.97213 2.79479 1.16416
1.49 -3.00005 2.78982 1.15678
1.5 -3.02792 2.78496 1.14952
1.51 -3.05575 2.78022 1.14239
1.52 -3.08353 2.77559 1.13537
1.53 -3.11126 2.77107 1.12847
1.54 -3.13895 2.76665 1.12169
1.55 -3.16659 2.76233 1.11502
1.56 -3.1942 2.75812 1.10847
1.57 -3.22176 2.754 1.10202
1.58 -3.24928 2.74997 1.09568
1.59 -3.27676 2.74604 1.08945
1.6 -3.3042 2.7422 1.08332
1.61 -3.3316 2.73844 1.07729
1.62 -3.35897 2.73477 1.07137
1.63 -3.3863 2.73119 1.06554
1.64 -3.41359 2.72768 1.05981
1.65 -3.44085 2.72426 1.05417
1.66 -3.46808 2.72091 1.04863
1.67 -3.49527 2.71763 1.04318
1.68 -3.52243 2.71443 1.03782
1.69 -3.54956 2.7113 1.03255
1.7 -3.57666 2.70824 1.02736
1.71 -3.60372 2.70525 1.02226
1.72 -3.63076 2.70233 1.01724
1.73 -3.65777 2.69947 1.01231
1.74 -3.68475 2.69667 1.00746
1.75 -3.7117 2.69393 1.00268
1.76 -3.73863 2.69126 0.997986
1.77 -3.76553 2.68864 0.993367
1.78 -3.7924 2.68608 0.988823
1.79 -3.81925 2.68358 0.984353
1.8 -3.84607 2.68113 0.979955
1.81 -3.87287 2.67873 0.975628
1.82 -3.89965 2.67638 0.971371
1.83 -3.9264 2.67409 0.967183
1.84 -3.95313 2.67184 0.963063
1.85 -3.97984 2.66965 0.959009
1.86 -4.00652 2.6675 0.955019
1.87 -4.03319 2.66539 0.951094
1.88 -4.05983 2.66333 0.947232
1.89 -4.08646 2.66132 0.943431
1.9 -4.11306 2.65934 0.93969
1.91 -4.13964 2.65741 0.93601
1.92 -4.16621 2.65552 0.932387
1.93 -4.19275 2.65367 0.928822
1.94 -4.21928 2.65185 0.925313
1.95 -4.24579 2.65008 0.92186
1.96 -4.27228 2.64834 0.918461
1.97 -4.29876 2.64664 0.915115
1.98 -4.32521 2.64497 0.911822
1.99 -4.35166 2.64333 0.90858
2 -4.37808 2.64173 0.905388
2.01 -4.40449 2.64017 0.902247
2.02 -4.43088 2.63863 0.899154
2.03 -4.45726 2.63713 0.896109
2.04 -4.48363 2.63566 0.893111
2.05 -4.50998 2.63421 0.89016
2.06 -4.53631 2.6328 0.887253
2.07 -4.56263 2.63141 0.884392
2.08 -4.58894 2.63006 0.881574
2.09 -4.61523 2.62872 0.8788
2.1 -4.64151 2.62742 0.876067
2.11 -4.66778 2.62614 0.873376
2.12 -4.69404 2.62489 0.870726
2.13 -4.72028 2.62366 0.868116
2.14 -4.74651 2.62246 0.865546
2.15 -4.77273 2.62128 0.863014
2.16 -4.79894 2.62012 0.86052
2.17 -4.82513 2.61898 0.858063
2.18 -4.85132 2.61787 0.855644
2.19 -4.87749 2.61678 0.85326
2.2 -4.90365 2.61571 0.850911
2.21 -4.9298 2.61466 0.848598
2.22 -4.95595 2.61363 0.846318
2.23 -4.98208 2.61262 0.844073
2.24 -5.0082 2.61163 0.84186
2.25 -5.03431 2.61066 0.83968
2.26 -5.06041 2.60971 0.837531
2.27 -5.0865 2.60877 0.835414
2.28 -5.11259 2.60786 0.833327
2.29 -5.13866 2.60696 0.831271
2.3 -5.16473 2.60607 0.829245
2.31 -5.19078 2.60521 0.827248
2.32 -5.21683 2.60436 0.825279
2.33 -5.24287 2.60352 0.823339
2.34 -5.2689 2.6027 0.821426
2.35 -5.29492 2.6019 0.819541
2.36 -5.32094 2.60111 0.817682
2.37 -5.34695 2.60034 0.81585
2.38 -5.37295 2.59958 0.814043
2.39 -5.39894 2.59883 0.812262
2.4 -5.42492 2.5981 0.810506
2.41 -5.4509 2.59738 0.808774
2.42 -5.47687 2.59667 0.807067
2.43 -5.50283 2.59597 0.805383
2.44 -5.52879 2.59529 0.803723
2.45 -5.55474 2.59462 0.802086
2.46 -5.58068 2.59396 0.800471
2.47 -5.60662 2.59332 0.798878
2.48 -5.63255 2.59268 0.797307
2.49 -5.65847 2.59206 0.795758
2.5 -5.68439 2.59145 0.794229
2.51 -5.7103 2.59085 0.792722
2.52 -5.73621 2.59025 0.791234
2.53 -5.76211 2.58967 0.789767
2.54 -5.788 2.5891 0.788319
2.55 -5.81389 2.58854 0.786891
2.56 -5.83977 2.58799 0.785482
2.57 -5.86565 2.58745 0.784091
2.58 -5.89152 2.58691 0.782719
2.59 -5.91739 2.58639 0.781365
2.6 -5.94325 2.58588 0.780029
2.61 -5.9691 2.58537 0.77871
2.62 -5.99495 2.58487 0.777408
2.63 -6.0208 2.58438 0.776124
2.64 -6.04664 2.5839 0.774856
2.65 -6.07248 2.58343 0.773604
2.66 -6.09831 2.58296 0.772369
2.67 -6.12414 2.5825 0.771149
2.68 -6.14996 2.58205 0.769945
2.69 -6.17578 2.58161 0.768756
2.7 -6.20159 2.58118 0.767583
2.71 -6.2274 2.58075 0.766424
2.72 -6.25321 2.58033 0.76528
2.73 -6.27901 2.57991 0.76415
2.74 -6.30481 2.5795 0.763034
2.75 -6.3306 2.5791 0.761932
2.76 -6.35639 2.57871 0.760844
2.77 -6.38217 2.57832 0.759769
2.78 -6.40796 2.57794 0.758708
2.79 -6.43373 2.57756 0.75766
2.8 -6.45951 2.57719 0.756624
2.81 -6.48528 2.57682 0.755601
2.82 -6.51104 2.57647 0.75459
2.83 -6.53681 2.57611 0.753592
2.84 -6.56257 2.57576 0.752606
2.85 -6.58832 2.57542 0.751631
2.86 -6.61407 2.57508 0.750668
2.87 -6.63982 2.57475 0.749717
2.88 -6.66557 2.57443 0.748777
2.89 -6.69131 2.5741 0.747848
2.9 -6.71705 2.57379 0.746929
2.91 -6.74279 2.57347 0.746022
2.92 -6.76852 2.57317 0.745125
2.93 -6.79425 2.57286 0.744239
2.94 -6.81998 2.57256 0.743363
2.95 -6.8457 2.57227 0.742497
2.96 -6.87142 2.57198 0.741641
2.97 -6.89714 2.5717 0.740794
2.98 -6.92286 2.57141 0.739958
2.99 -6.94857 2.57114 0.739131
3 -6.97428 2.57086 0.738313
3.01 -6.99999 2.5706 0.737504
3.02 -7.02569 2.57033 0.736705
3.03 -7.05139 2.57007 0.735914
3.04 -7.07709 2.56981 0.735132
3.05 -7.10279 2.56956 0.734359
3.06 -7.12848 2.56931 0.733594
3.07 -7.15418 2.56906 0.732838
3.08 -7.17987 2.56882 0.73209
3.09 -7.20555 2.56858 0.73135
3.1 -7.23124 2.56834 0.730618
3.11 -7.25692 2.56811 0.729894
3.12 -7.2826 2.56788 0.729178
3.13 -7.30828 2.56765 0.728469
3.14 -7.33395 2.56743 0.727768
3.15 -7.35963 2.56721 0.727074
3.16 -7.3853 2.56699 0.726388
3.17 -7.41096 2.56677 0.725709
3.18 -7.43663 2.56656 0.725037
3.19 -7.4623 2.56635 0.724372
3.2 -7.48796 2.56615 0.723713
3.21 -7.51362 2.56594 0.723062
3.22 -7.53928 2.56574 0.722417
3.23 -7.56493 2.56555 0.721779
3.24 -7.59059 2.56535 0.721147
3.25 -7.61624 2.56516 0.720522
3.26 -7.64189 2.56497 0.719903
3.27 -7.66754 2.56478 0.71929
3.28 -7.69319 2.56459 0.718684
3.29 -7.71883 2.56441 0.718083
3.3 -7.74448 2.56423 0.717488
3.31 -7.77012 2.56405 0.716899
3.32 -7.79576 2.56388 0.716316
3.33 -7.82139 2.5637 0.715739
3.34 -7.84703 2.56353 0.715167
3.35 -7.87267 2.56336 0.714601
3.36 -7.8983 2.5632 0.71404
3.37 -7.92393 2.56303 0.713484
3.38 -7.94956 2.56287 0.712934
3.39 -7.97519 2.56271 0.712389
3.4 -8.00081 2.56255 0.711849
3.41 -8.02644 2.56239 0.711314
3.42 -8.05206 2.56224 0.710784
3.43 -8.07768 2.56208 0.710259
3.44 -8.1033 2.56193 0.709739
3.45 -8.12892 2.56178 0.709224
3.46 -8.15454 2.56163 0.708713
3.47 -8.18015 2.56149 0.708207
3.48 -8.20577 2.56134 0.707705
3.49 -8.23138 2.5612 0.707209
3.5 -8.25699 2.56106 0.706716
3.51 -8.2826 2.56092 0.706228
3.52 -8.30821 2.56078 0.705744
3.53 -8.33382 2.56065 0.705264
3.54 -8.35942 2.56051 0.704789
3.55 -8.38503 2.56038 0.704318
3.56 -8.41063 2.56025 0.703851
3.57 -8.43623 2.56012 0.703387
3.58 -8.46183 2.55999 0.702928
3.59 -8.48743 2.55986 0.702473
3.6 -8.51303 2.55974 0.702021
3.61 -8.53863 2.55961 0.701574
3.62 -8.56422 2.55949 0.70113
3.63 -8.58982 2.55937 0.70069
3.64 -8.61541 2.55925 0.700253
3.65 -8.641 2.55913 0.69982
3.66 -8.66659 2.55901 0.699391
3.67 -8.69218 2.5589 0.698965
3.68 -8.71777 2.55878 0.698542
3.69 -8.74336 2.55867 0.698123
3.7 -8.76894 2.55855 0.697707
3.71 -8.79453 2.55844 0.697295
3.72 -8.82011 2.55833 0.696885
3.73 -8.8457 2.55822 0.696479
3.74 -8.87128 2.55812 0.696077
3.75 -8.89686 2.55801 0.695677
3.76 -8.92244 2.5579 0.69528
3.77 -8.94802 2.5578 0.694887
3.78 -8.97359 2.5577 0.694496
3.79 -8.99917 2.55759 0.694108
3.8 -9.02474 2.55749 0.693723
3.81 -9.05032 2.55739 0.693342
3.82 -9.07589 2.55729 0.692962
3.83 -9.10147 2.55719 0.692586
3.84 -9.12704 2.5571 0.692213
3.85 -9.15261 2.557 0.691842
3.86 -9.17818 2.5569 0.691474
3.87 -9.20375 2.55681 0.691108
3.88 -9.22931 2.55672 0.690745
3.89 -9.25488 2.55662 0.690385
3.9 -9.28045 2.55653 0.690027
3.91 -9.30601 2.55644 0.689672
3.92 -9.33157 2.55635 0.689319
3.93 -9.35714 2.55626 0.688969
3.94 -9.3827 2.55617 0.688621
3.95 -9.40826 2.55609 0.688275
3.96 -9.43382 2.556 0.687932
3.97 -9.45938 2.55591 0.687591
3.98 -9.48494 2.55583 0.687253
3.99 -9.5105 2.55574 0.686916
4 -9.53605 2.55566 0.686582
4.01 -9.56161 2.55558 0.68625
4.02 -9.58717 2.55549 0.68592
4.03 -9.61272 2.55541 0.685592
4.04 -9.63827 2.55533 0.685266
4.05 -9.66383 2.55525 0.684943
4.06 -9.68938 2.55517 0.684621
4.07 -9.71493 2.55509 0.684302
4.08 -9.74048 2.55502 0.683984
4.09 -9.76603 2.55494 0.683668
4.1 -9.79158 2.55486 0.683355
4.11 -9.81713 2.55479 0.683043
4.12 -9.84268 2.55471 0.682733
4.13 -9.86822 2.55464 0.682425
4.14 -9.89377 2.55456 0.682119
4.15 -9.91931 2.55449 0.681814
4.16 -9.94486 2.55442 0.681511
4.17 -9.9704 2.55434 0.68121
4.18 -9.99594 2.55427 0.680911
4.19 -10.0215 2.5542 0.680614
4.2 -10.047 2.55413 0.680318
4.21 -10.0726 2.55406 0.680024
4.22 -10.0981 2.55399 0.679731
4.23 -10.1236 2.55392 0.67944
4.24 -10.1492 2.55385 0.679151
4.25 -10.1747 2.55379 0.678863
4.26 -10.2003 2.55372 0.678577
4.27 -10.2258 2.55365 0.678292
4.28 -10.2513 2.55359 0.678009
4.29 -10.2769 2.55352 0.677727
4.3 -10.3024 2.55345 0.677447
4.31 -10.3279 2.55339 0.677168
4.32 -10.3535 2.55333 0.676891
4.33 -10.379 2.55326 0.676615
4.34 -10.4045 2.5532 0.67634
4.35 -10.4301 2.55314 0.676067
4.36 -10.4556 2.55307 0.675795
4.37 -10.4811 2.55301 0.675524
4.38 -10.5067 2.55295 0.675255
4.39 -10.5322 2.55289 0.674987
4.4 -10.5577 2.55283 0.67472
4.41 -10.5832 2.55277 0.674455
4.42 -10.6088 2.55271 0.674191
4.43 -10.6343 2.55265 0.673928
4.44 -10.6598 2.55259 0.673666
4.45 -10.6854 2.55253 0.673405
4.46 -10.7109 2.55247 0.673146
4.47 -10.7364 2.55241 0.672888
4.48 -10.7619 2.55236 0.67263
4.49 -10.7875 2.5523 0.672374
4.5 -10.813 2.55224 0.672119
4.51 -10.8385 2.55219 0.671866
4.52 -10.864 2.55213 0.671613
4.53 -10.8895 2.55208 0.671361
4.54 -10.9151 2.55202 0.671111
4.55 -10.9406 2.55196 0.670861
4.56 -10.9661 2.55191 0.670612
4.57 -10.9916 2.55186 0.670365
4.58 -11.0171 2.5518 0.670118
4.59 -11.0427 2.55175 0.669872
4.6 -11.0682 2.5517 0.669628
4.61 -11.0937 2.55164 0.669384
4.62 -11.1192 2.55159 0.669141
4.63 -11.1447 2.55154 0.668899
4.64 -11.1702 2.55149 0.668658
4.65 -11.1957 2.55143 0.668418
4.66 -11.2213 2.55138 0.668179
4.67 -11.2468 2.55133 0.667941
4.68 -11.2723 2.55128 0.667703
4.69 -11.2978 2.55123 0.667466
4.7 -11.3233 2.55118 0.667231
4.71 -11.3488 2.55113 0.666996
4.72 -11.3743 2.55108 0.666761
4.73 -11.3998 2.55103 0.666528
4.74 -11.4254 2.55098 0.666295
4.75 -11.4509 2.55093 0.666063
4.76 -11.4764 2.55088 0.665832
4.77 -11.5019 2.55084 0.665602
4.78 -11.5274 2.55079 0.665372
4.79 -11.5529 2.55074 0.665143
4.8 -11.5784 2.55069 0.664915
4.81 -11.6039 2.55064 0.664688
4.82 -11.6294 2.5506 0.664461
4.83 -11.6549 2.55055 0.664235
4.84 -11.6804 2.5505 0.664009
4.85 -11.7059 2.55046 0.663785
4.86 -11.7314 2.55041 0.66356
4.87 -11.7569 2.55037 0.663337
4.88 -11.7824 2.55032 0.663114
4.89 -11.808 2.55027 0.662892
4.9 -11.8335 2.55023 0.66267
4.91 -11.859 2.55018 0.662449
4.92 -11.8845 2.55014 0.662229
4.93 -11.91 2.55009 0.662009
4.94 -11.9355 2.55005 0.66179
4.95 -11.961 2.55001 0.661571
4.96 -11.9865 2.54996 0.661353
4.97 -12.012 2.54992 0.661135
4.98 -12.0375 2.54987 0.660918
4.99 -12.063 2.54983 0.660701
5 -12.0885 2.54979 0.660485
5.01 -12.114 2.54974 0.66027
5.02 -12.1394 2.5497 0.660055
5.03 -12.1649 2.54966 0.65984
5.04 -12.1904 2.54962 0.659626
5.05 -12.2159 2.54957 0.659413
5.06 -12.2414 2.54953 0.6592
5.07 -12.2669 2.54949 0.658987
5.08 -12.2924 2.54945 0.658775
5.09 -12.3179 2.54941 0.658563
5.1 -12.3434 2.54937 0.658352
5.11 -12.3689 2.54932 0.658141
5.12 -12.3944 2.54928 0.657931
5.13 -12.4199 2.54924 0.657721
5.14 -12.4454 2.5492 0.657511
5.15 -12.4709 2.54916 0.657302
5.16 -12.4964 2.54912 0.657093
5.17 -12.5219 2.54908 0.656885
5.18 -12.5473 2.54904 0.656677
5.19 -12.5728 2.549 0.656469
5.2 -12.5983 2.54896 0.656262
5.21 -12.6238 2.54892 0.656055
5.22 -12.6493 2.54888 0.655849
5.23 -12.6748 2.54884 0.655643
5.24 -12.7003 2.5488 0.655437
5.25 -12.7258 2.54876 0.655231
5.26 -12.7513 2.54872 0.655026
5.27 -12.7767 2.54868 0.654821
5.28 -12.8022 2.54865 0.654617
5.29 -12.8277 2.54861 0.654413
5.3 -12.8532 2.54857 0.654209
5.31 -12.8787 2.54853 0.654005
5.32 -12.9042 2.54849 0.653802
5.33 -12.9297 2.54845 0.653599
5.34 -12.9551 2.54842 0.653396
5.35 -12.9806 2.54838 0.653194
5.36 -13.0061 2.54834 0.652992
5.37 -13.0316 2.5483 0.65279
5.38 -13.0571 2.54827 0.652588
5.39 -13.0826 2.54823 0.652387
5.4 -13.108 2.54819 0.652186
5.41 -13.1335 2.54815 0.651985
5.42 -13.159 2.54812 0.651784
5.43 -13.1845 2.54808 0.651584
5.44 -13.21 2.54804 0.651383
5.45 -13.2354 2.54801 0.651184
5.46 -13.2609 2.54797 0.650984
5.47 -13.2864 2.54793 0.650784
5.48 -13.3119 2.5479 0.650585
5.49 -13.3374 2.54786 0.650386
5.5 -13.3628 2.54782 0.650187
5.51 -13.3883 2.54779 0.649988
5.52 -13.4138 2.54775 0.64979
5.53 -13.4393 2.54772 0.649592
5.54 -13.4648 2.54768 0.649394
5.55 -13.4902 2.54764 0.649196
5.56 -13.5157 2.54761 0.648998
5.57 -13.5412 2.54757 0.6488
5.58 -13.5667 2.54754 0.648603
5.59 -13.5921 2.5475 0.648406
5.6 -13.6176 2.54747 0.648208
5.61 -13.6431 2.54743 0.648012
5.62 -13.6686 2.5474 0.647815
5.63 -13.694 2.54736 0.647618
5.64 -13.7195 2.54733 0.647422
5.65 -13.745 2.54729 0.647225
5.66 -13.7704 2.54726 0.647029
5.67 -13.7959 2.54722 0.646833
5.68 -13.8214 2.54719 0.646637
5.69 -13.8469 2.54715 0.646441
5.7 -13.8723 2.54712 0.646245
5.71 -13.8978 2.54709 0.64605
5.72 -13.9233 2.54705 0.645854
5.73 -13.9487 2.54702 0.645659
5.74 -13.9742 2.54698 0.645464
5.75 -13.9997 2.54695 0.645268
5.76 -14.0252 2.54692 0.645073
5.77 -14.0506 2.54688 0.644878
5.78 -14.0761 2.54685 0.644683
5.79 -14.1016 2.54681 0.644489
5.8 -14.127 2.54678 0.644294
5.81 -14.1525 2.54675 0.644099
5.82 -14.178 2.54671 0.643905
5.83 -14.2034 2.54668 0.64371
5.84 -14.2289 2.54665 0.643516
5.85 -14.2544 2.54661 0.643321
5.86 -14.2798 2.54658 0.643127
5.87 -14.3053 2.54655 0.642933
5.88 -14.3308 2.54651 0.642739
5.89 -14.3562 2.54648 0.642545
5.9 -14.3817 2.54645 0.642351
5.91 -14.4072 2.54642 0.642157
5.92 -14.4326 2.54638 0.641963
5.93 -14.4581 2.54635 0.641769
5.94 -14.4835 2.54632 0.641575
5.95 -14.509 2.54628 0.641381
5.96 -14.5345 2.54625 0.641187
5.97 -14.5599 2.54622 0.640993
5.98 -14.5854 2.54619 0.6408
5.99 -14.6109 2.54615 0.640606
6 -14.6363 2.54612 0.640412
6.01 -14.6618 2.54609 0.640219
6.02 -14.6872 2.54606 0.640025
6.03 -14.7127 2.54603 0.639832
6.04 -14.7382 2.54599 0.639638
6.05 -14.7636 2.54596 0.639444
6.06 -14.7891 2.54593 0.639251
6.07 -14.8145 2.5459 0.639057
6.08 -14.84 2.54587 0.638864
6.09 -14.8655 2.54583 0.63867
6.1 -14.8909 2.5458 0.638477
6.11 -14.9164 2.54577 0.638283
6.12 -14.9418 2.54574 0.63809
6.13 -14.9673 2.54571 0.637896
6.14 -14.9927 2.54568 0.637703
6.15 -15.0182 2.54564 0.637509
6.16 -15.0437 2.54561 0.637316
6.17 -15.0691 2.54558 0.637122
6.18 -15.0946 2.54555 0.636929
6.19 -15.12 2.54552 0.636735
6.2 -15.1455 2.54549 0.636541
6.21 -15.1709 2.54546 0.636348
6.22 -15.1964 2.54543 0.636154
6.23 -15.2218 2.54539 0.635961
6.24 -15.2473 2.54536 0.635767
6.25 -15.2728 2.54533 0.635573
6.26 -15.2982 2.5453 0.635379
6.27 -15.3237 2.54527 0.635186
6.28 -15.3491 2.54524 0.634992
6.29 -15.3746 2.54521 0.634798
6.3 -15.4 2.54518 0.634604
6.31 -15.4255 2.54515 0.63441
6.32 -15.4509 2.54512 0.634216
6.33 -15.4764 2.54509 0.634022
6.34 -15.5018 2.54505 0.633828
6.35 -15.5273 2.54502 0.633634
6.36 -15.5527 2.54499 0.63344
6.37 -15.5782 2.54496 0.633246
6.38 -15.6036 2.54493 0.633052
6.39 -15.6291 2.5449 0.632857
6.4 -15.6545 2.54487 0.632663
6.41 -15.68 2.54484 0.632469
6.42 -15.7054 2.54481 0.632274
6.43 -15.7309 2.54478 0.63208
6.44 -15.7563 2.54475 0.631885
6.45 -15.7818 2.54472 0.631691
6.46 -15.8072 2.54469 0.631496
6.47 -15.8327 2.54466 0.631301
6.48 -15.8581 2.54463 0.631106
6.49 -15.8835 2.5446 0.630912
6.5 -15.909 2.54457 0.630717
6.51 -15.9344 2.54454 0.630522
6.52 -15.9599 2.54451 0.630327
6.53 -15.9853 2.54448 0.630132
6.54 -16.0108 2.54445 0.629936
6.55 -16.0362 2.54442 0.629741
6.56 -16.0617 2.54439 0.629546
6.57 -16.0871 2.54436 0.62935
6.58 -16.1125 2.54433 0.629155
6.59 -16.138 2.5443 0.628959
6.6 -16.1634 2.54427 0.628764
6.61 -16.1889 2.54424 0.628568
6.62 -16.2143 2.54421 0.628372
6.63 -16.2398 2.54418 0.628176
6.64 -16.2652 2.54415 0.62798
6.65 -16.2906 2.54412 0.627784
6.66 -16.3161 2.54409 0.627588
6.67 -16.3415 2.54407 0.627392
6.68 -16.367 2.54404 0.627195
6.69 -16.3924 2.54401 0.626999
6.7 -16.4178 2.54398 0.626803
6.71 -16.4433 2.54395 0.626606
6.72 -16.4687 2.54392 0.626409
6.73 -16.4942 2.54389 0.626213
6.74 -16.5196 2.54386 0.626016
6.75 -16.545 2.54383 0.625819
6.76 -16.5705 2.5438 0.625622
6.77 -16.5959 2.54377 0.625425
6.78 -16.6214 2.54374 0.625227
6.79 -16.6468 2.54371 0.62503
6.8 -16.6722 2.54369 0.624833
6.81 -16.6977 2.54366 0.624635
6.82 -16.7231 2.54363 0.624437
6.83 -16.7485 2.5436 0.62424
6.84 -16.774 2.54357 0.624042
6.85 -16.7994 2.54354 0.623844
6.86 -16.8248 2.54351 0.623646
6.87 -16.8503 2.54348 0.623448
6.88 -16.8757 2.54345 0.623249
6.89 -16.9011 2.54343 0.623051
6.9 -16.9266 2.5434 0.622853
6.91 -16.952 2.54337 0.622654
6.92 -16.9774 2.54334 0.622455
6.93 -17.0029 2.54331 0.622257
6.94 -17.0283 2.54328 0.622058
6.95 -17.0537 2.54325 0.621859
6.96 -17.0792 2.54322 0.62166
6.97 -17.1046 2.5432 0.62146
6.98 -17.13 2.54317 0.621261
6.99 -17.1555 2.54314 0.621062
7 -17.1809 2.54311 0.620862
7.01 -17.2063 2.54308 0.620662
7.02 -17.2318 2.54305 0.620463
7.03 -17.2572 2.54302 0.620263
7.04 -17.2826 2.543 0.620063
7.05 -17.3081 2.54297 0.619863
7.06 -17.3335 2.54294 0.619662
7.07 -17.3589 2.54291 0.619462
7.08 -17.3843 2.54288 0.619262
7.09 -17.4098 2.54285 0.619061
7.1 -17.4352 2.54283 0.61886
7.11 -17.4606 2.5428 0.618659
7.12 -17.4861 2.54277 0.618458
7.13 -17.5115 2.54274 0.618257
7.14 -17.5369 2.54271 0.618056
7.15 -17.5623 2.54268 0.617855
7.16 -17.5878 2.54266 0.617653
7.17 -17.6132 2.54263 0.617452
7.18 -17.6386 2.5426 0.61725
7.19 -17.664 2.54257 0.617048
7.2 -17.6895 2.54254 0.616846
7.21 -17.7149 2.54252 0.616644
7.22 -17.7403 2.54249 0.616442
7.23 -17.7657 2.54246 0.61624
7.24 -17.7912 2.54243 0.616037
7.25 -17.8166 2.5424 0.615835
7.26 -17.842 2.54238 0.615632
7.27 -17.8674 2.54235 0.615429
7.28 -17.8929 2.54232 0.615227
7.29 -17.9183 2.54229 0.615023
7.3 -17.9437 2.54226 0.61482
7.31 -17.9691 2.54224 0.614617
7.32 -17.9946 2.54221 0.614414
7.33 -18.02 2.54218 0.61421
7.34 -18.0454 2.54215 0.614006
7.35 -18.0708 2.54213 0.613802
7.36 -18.0962 2.5421 0.613599
7.37 -18.1217 2.54207 0.613394
7.38 -18.1471 2.54204 0.61319
7.39 -18.1725 2.54202 0.612986
7.4 -18.1979 2.54199 0.612781
7.41 -18.2233 2.54196 0.612577
7.42 -18.2488 2.54193 0.612372
7.43 -18.2742 2.5419 0.612167
7.44 -18.2996 2.54188 0.611962
7.45 -18.325 2.54185 0.611757
7.46 -18.3504 2.54182 0.611552
7.47 -18.3759 2.54179 0.611346
7.48 -18.4013 2.54177 0.611141
7.49 -18.4267 2.54174 0.610935
7.5 -18.4521 2.54171 0.61073
7.51 -18.4775 2.54168 0.610524
7.52 -18.5029 2.54166 0.610318
7.53 -18.5284 2.54163 0.610111
7.54 -18.5538 2.5416 0.609905
7.55 -18.5792 2.54157 0.609699
7.56 -18.6046 2.54155 0.609492
7.57 -18.63 2.54152 0.609285
7.58 -18.6554 2.54149 0.609078
7.59 -18.6809 2.54147 0.608871
7.6 -18.7063 2.54144 0.608664
7.61 -18.7317 2.54141 0.608457
7.62 -18.7571 2.54138 0.60825
7.63 -18.7825 2.54136 0.608042
7.64 -18.8079 2.54133 0.607835
7.65 -18.8333 2.5413 0.607627
7.66 -18.8587 2.54128 0.607419
7.67 -18.8842 2.54125 0.607211
7.68 -18.9096 2.54122 0.607003
7.69 -18.935 2.54119 0.606794
7.7 -18.9604 2.54117 0.606586
7.71 -18.9858 2.54114 0.606377
7.72 -19.0112 2.54111 0.606168
7.73 -19.0366 2.54109 0.60596
7.74 -19.062 2.54106 0.605751
7.75 -19.0875 2.54103 0.605541
7.76 -19.1129 2.541 0.605332
7.77 -19.1383 2.54098 0.605123
7.78 -19.1637 2.54095 0.604913
7.79 -19.1891 2.54092 0.604703
7.8 -19.2145 2.5409 0.604494
7.81 -19.2399 2.54087 0.604284
7.82 -19.2653 2.54084 0.604073
7.83 -19.2907 2.54082 0.603863
7.84 -19.3161 2.54079 0.603653
7.85 -19.3415 2.54076 0.603442
7.86 -19.3669 2.54074 0.603232
7.87 -19.3924 2.54071 0.603021
7.88 -19.4178 2.54068 0.60281
7.89 -19.4432 2.54066 0.602599
7.9 -19.4686 2.54063 0.602388
7.91 -19.494 2.5406 0.602176
7.92 -19.5194 2.54058 0.601965
7.93 -19.5448 2.54055 0.601753
7.94 -19.5702 2.54052 0.601542
7.95 -19.5956 2.54049 0.60133
7.96 -19.621 2.54047 0.601118
7.97 -19.6464 2.54044 0.600906
7.98 -19.6718 2.54042 0.600693
7.99 -19.6972 2.54039 0.600481
8 -19.7226 2.54036 0.600268
8.01 -19.748 2.54034 0.600056
8.02 -19.7734 2.54031 0.599843
8.03 -19.7988 2.54028 0.59963
8.04 -19.8242 2.54026 0.599417
8.05 -19.8496 2.54023 0.599203
8.06 -19.875 2.5402 0.59899
8.07 -19.9004 2.54018 0.598776
8.08 -19.9258 2.54015 0.598563
8.09 -19.9512 2.54012 0.598349
8.1 -19.9766 2.5401 0.598135
8.11 -20.0021 2.54007 0.597921
8.12 -20.0275 2.54004 0.597707
8.13 -20.0529 2.54002 0.597492
8.14 -20.0783 2.53999 0.597278
8.15 -20.1037 2.53996 0.597063
8.16 -20.1291 2.53994 0.596849
8.17 -20.1544 2.53991 0.596634
8.18 -20.1798 2.53989 0.596419
8.19 -20.2052 2.53986 0.596203
8.2 -20.2306 2.53983 0.595988
8.21 -20.256 2.53981 0.595773
8.22 -20.2814 2.53978 0.595557
8.23 -20.3068 2.53975 0.595341
8.24 -20.3322 2.53973 0.595126
8.25 -20.3576 2.5397 0.59491
8.26 -20.383 2.53968 0.594694
8.27 -20.4084 2.53965 0.594477
8.28 -20.4338 2.53962 0.594261
8.29 -20.4592 2.5396 0.594044
8.3 -20.4846 2.53957 0.593828
8.31 -20.51 2.53955 0.593611
8.32 -20.5354 2.53952 0.593394
8.33 -20.5608 2.53949 0.593177
8.34 -20.5862 2.53947 0.59296
8.35 -20.6116 2.53944 0.592743
8.36 -20.637 2.53942 0.592525
8.37 -20.6624 2.53939 0.592307
8.38 -20.6878 2.53936 0.59209
8.39 -20.7132 2.53934 0.591872
8.4 -20.7386 2.53931 0.591654
8.41 -20.764 2.53929 0.591436
8.42 -20.7893 2.53926 0.591218
8.43 -20.8147 2.53923 0.590999
8.44 -20.8401 2.53921 0.590781
8.45 -20.8655 2.53918 0.590562
8.46 -20.8909 2.53916 0.590343
8.47 -20.9163 2.53913 0.590124
8.48 -20.9417 2.5391 0.589905
8.49 -20.9671 2.53908 0.589686
8.5 -20.9925 2.53905 0.589467
8.51 -21.0179 2.53903 0.589247
8.52 -21.0433 2.539 0.589028
8.53 -21.0686 2.53898 0.588808
8.54 -21.094 2.53895 0.588588
8.55 -21.1194 2.53892 0.588368
8.56 -21.1448 2.5389 0.588148
8.57 -21.1702 2.53887 0.587928
8.58 -21.1956 2.53885 0.587707
8.59 -21.221 2.53882 0.587487
8.6 -21.2464 2.5388 0.587266
8.61 -21.2718 2.53877 0.587045
8.62 -21.2971 2.53874 0.586825
8.63 -21.3225 2.53872 0.586604
8.64 -21.3479 2.53869 0.586382
8.65 -21.3733 2.53867 0.586161
8.66 -21.3987 2.53864 0.58594
8.67 -21.4241 2.53862 0.585718
8.68 -21.4495 2.53859 0.585497
8.69 -21.4749 2.53856 0.585275
8.7 -21.5002 2.53854 0.585053
8.71 -21.5256 2.53851 0.584831
8.72 -21.551 2.53849 0.584609
8.73 -21.5764 2.53846 0.584386
8.74 -21.6018 2.53844 0.584164
8.75 -21.6272 2.53841 0.583941
8.76 -21.6525 2.53839 0.583719
8.77 -21.6779 2.53836 0.583496
8.78 -21.7033 2.53834 0.583273
8.79 -21.7287 2.53831 0.58305
8.8 -21.7541 2.53828 0.582826
8.81 -21.7795 2.53826 0.582603
8.82 -21.8048 2.53823 0.58238
8.83 -21.8302 2.53821 0.582156
8.84 -21.8556 2.53818 0.581932
8.85 -21.881 2.53816 0.581708
8.86 -21.9064 2.53813 0.581485
8.87 -21.9318 2.53811 0.58126
8.88 -21.9571 2.53808 0.581036
8.89 -21.9825 2.53806 0.580812
8.9 -22.0079 2.53803 0.580587
8.91 -22.0333 2.53801 0.580363
8.92 -22.0587 2.53798 0.580138
8.93 -22.084 2.53796 0.579913
8.94 -22.1094 2.53793 0.579688
8.95 -22.1348 2.53791 0.579463
8.96 -22.1602 2.53788 0.579238
8.97 -22.1856 2.53786 0.579013
8.98 -22.2109 2.53783 0.578787
8.99 -22.2363 2.53781 0.578562
9 -22.2617 2.53778 0.578336
9.01 -22.2871 2.53776 0.57811
9.02 -22.3124 2.53773 0.577884
9.03 -22.3378 2.5377 0.577658
9.04 -22.3632 2.53768 0.577432
9.05 -22.3886 2.53765 0.577206
9.06 -22.4139 2.53763 0.576979
9.07 -22.4393 2.5376 0.576753
9.08 -22.4647 2.53758 0.576526
9.09 -22.4901 2.53755 0.576299
9.1 -22.5155 2.53753 0.576072
9.11 -22.5408 2.53751 0.575845
9.12 -22.5662 2.53748 0.575618
9.13 -22.5916 2.53746 0.575391
9.14 -22.6169 2.53743 0.575163
9.15 -22.6423 2.53741 0.574936
9.16 -22.6677 2.53738 0.574708
9.17 -22.6931 2.53736 0.57448
9.18 -22.7184 2.53733 0.574252
9.19 -22.7438 2.53731 0.574024
9.2 -22.7692 2.53728 0.573796
9.21 -22.7946 2.53726 0.573568
9.22 -22.8199 2.53723 0.57334
9.23 -22.8453 2.53721 0.573111
9.24 -22.8707 2.53718 0.572883
9.25 -22.8961 2.53716 0.572654
9.26 -22.9214 2.53713 0.572425
9.27 -22.9468 2.53711 0.572196
9.28 -22.9722 2.53708 0.571967
9.29 -22.9975 2.53706 0.571738
9.3 -23.0229 2.53703 0.571509
9.31 -23.0483 2.53701 0.571279
9.32 -23.0736 2.53698 0.57105
9.33 -23.099 2.53696 0.57082
9.34 -23.1244 2.53694 0.570591
9.35 -23.1498 2.53691 0.570361
9.36 -23.1751 2.53689 0.570131
9.37 -23.2005 2.53686 0.569901
9.38 -23.2259 2.53684 0.56967
9.39 -23.2512 2.53681 0.56944
9.4 -23.2766 2.53679 0.56921
9.41 -23.302 2.53676 0.568979
9.42 -23.3273 2.53674 0.568749
9.43 -23.3527 2.53671 0.568518
9.44 -23.3781 2.53669 0.568287
9.45 -23.4034 2.53667 0.568056
9.46 -23.4288 2.53664 0.567825
9.47 -23.4542 2.53662 0.567594
9.48 -23.4795 2.53659 0.567362
9.49 -23.5049 2.53657 0.567131
9.5 -23.5303 2.53654 0.566899
9.51 -23.5556 2.53652 0.566668
9.52 -23.581 2.53649 0.566436
9.53 -23.6064 2.53647 0.566204
9.54 -23.6317 2.53645 0.565972
9.55 -23.6571 2.53642 0.56574
9.56 -23.6825 2.5364 0.565508
9.57 -23.7078 2.53637 0.565275
9.58 -23.7332 2.53635 0.565043
9.59 -23.7585 2.53632 0.564811
9.6 -23.7839 2.5363 0.564578
9.61 -23.8093 2.53628 0.564345
9.62 -23.8346 2.53625 0.564112
9.63 -23.86 2.53623 0.563879
9.64 -23.8854 2.5362 0.563646
9.65 -23.9107 2.53618 0.563413
9.66 -23.9361 2.53616 0.56318
9.67 -23.9614 2.53613 0.562946
9.68 -23.9868 2.53611 0.562713
9.69 -24.0122 2.53608 0.562479
9.7 -24.0375 2.53606 0.562246
9.71 -24.0629 2.53603 0.562012
9.72 -24.0882 2.53601 0.561778
9.73 -24.1136 2.53599 0.561544
9.74 -24.139 2.53596 0.56131
9.75 -24.1643 2.53594 0.561076
9.76 -24.1897 2.53591 0.560841
9.77 -24.215 2.53589 0.560607
9.78 -24.2404 2.53587 0.560372
9.79 -24.2658 2.53584 0.560138
9.8 -24.2911 2.53582 0.559903
9.81 -24.3165 2.53579 0.559668
9.82 -24.3418 2.53577 0.559433
9.83 -24.3672 2.53575 0.559198
9.84 -24.3925 2.53572 0.558963
9.85 -24.4179 2.5357 0.558728
9.86 -24.4433 2.53568 0.558492
9.87 -24.4686 2.53565 0.558257
9.88 -24.494 2.53563 0.558021
9.89 -24.5193 2.5356 0.557786
9.9 -24.5447 2.53558 0.55755
9.91 -24.57 2.53556 0.557314
9.92 -24.5954 2.53553 0.557078
9.93 -24.6208 2.53551 0.556842
9.94 -24.6461 2.53548 0.556606
9.95 -24.6715 2.53546 0.55637
9.96 -24.6968 2.53544 0.556134
9.97 -24.7222 2.53541 0.555897
9.98 -24.7475 2.53539 0.555661
9.99 -24.7729 2.53537 0.555424
10 -24.7982 2.53534 0.555187
