0 7.28139 25.0096 7.28139
0.01 7.03438 24.3923 7.2783
0.02 6.79352 23.7817 7.26915
0.03 6.55873 23.1776 7.25405
0.04 6.32994 22.5801 7.23315
0.05 6.1071 21.9893 7.20657
0.06 5.89013 21.4052 7.17444
0.07 5.67898 20.8279 7.13693
0.08 5.47355 20.2577 7.09417
0.09 5.2738 19.6948 7.04633
0.1 5.07963 19.1396 6.99359
0.11 4.89098 18.5923 6.93614
0.12 4.70776 18.0535 6.87418
0.13 4.52988 17.5236 6.80795
0.14 4.35725 17.0031 6.73769
0.15 4.18978 16.4924 6.66365
0.16 4.02737 15.9921 6.58611
0.17 3.86991 15.5027 6.50536
0.18 3.71728 15.0246 6.4217
0.19 3.56938 14.5582 6.33544
0.2 3.42607 14.1041 6.2469
0.21 3.28725 13.6626 6.15639
0.22 3.15278 13.2339 6.06424
0.23 3.02253 12.8184 5.97076
0.24 2.89637 12.4162 5.87625
0.25 2.77416 12.0274 5.78102
0.26 2.65577 11.6522 5.68535
0.27 2.54107 11.2905 5.58951
0.28 2.42992 10.9423 5.49376
0.29 2.32218 10.6074 5.39833
0.3 2.21773 10.2857 5.30345
0.31 2.11642 9.97702 5.2093
0.32 2.01814 9.68103 5.11608
0.33 1.92276 9.39746 5.02393
0.34 1.83015 9.12599 4.93299
0.35 1.7402 8.86626 4.84339
0.36 1.65279 8.61789 4.75523
0.37 1.56781 8.3805 4.66859
0.38 1.48515 8.15369 4.58355
0.39 1.4047 7.93705 4.50015
0.4 1.32637 7.73017 4.41844
0.41 1.25007 7.53263 4.33845
0.42 1.17569 7.34404 4.26019
0.43 1.10316 7.164 4.18368
0.44 1.03238 6.9921 4.10891
0.45 0.96329 6.82797 4.03588
0.46 0.8958 6.67124 3.96457
0.47 0.829841 6.52154 3.89496
0.48 0.765347 6.37853 3.82704
0.49 0.70225 6.24187 3.76077
0.5 0.640489 6.11125 3.69612
0.51 0.580006 5.98637 3.63305
0.52 0.520744 5.86692 3.57154
0.53 0.46265 5.75265 3.51155
0.54 0.405674 5.64327 3.45304
0.55 0.349769 5.53854 3.39597
0.56 0.294889 5.43823 3.3403
0.57 0.24099 5.34211 3.28599
0.58 0.188033 5.24997 3.23301
0.59 0.135978 5.1616 3.18132
0.6 0.0847893 5.07683 3.13089
0.61 0.0344306 4.99546 3.08166
0.62 -0.0151307 4.91734 3.03362
0.63 -0.0639264 4.84229 2.98672
0.64 -0.111986 4.77018 2.94093
0.65 -0.159339 4.70086 2.89622
0.66 -0.206012 4.63419 2.85255
0.67 -0.252032 4.57006 2.80991
0.68 -0.297422 4.50833 2.76824
0.69 -0.342206 4.44891 2.72754
0.7 -0.386407 4.39167 2.68777
0.71 -0.430046 4.33653 2.64889
0.72 -0.473144 4.28339 2.6109
0.73 -0.515721 4.23216 2.57376
0.74 -0.557794 4.18275 2.53744
0.75 -0.599381 4.13509 2.50194
0.76 -0.640501 4.0891 2.46721
0.77 -0.681169 4.0447 2.43325
0.78 -0.7214 4.00184 2.40003
0.79 -0.76121 3.96044 2.36754
0.8 -0.800614 3.92044 2.33574
0.81 -0.839624 3.8818 2.30463
0.82 -0.878254 3.84445 2.27419
0.83 -0.916517 3.80833 2.2444
0.84 -0.954424 3.77341 2.21524
0.85 -0.991989 3.73964 2.1867
0.86 -1.02922 3.70696 2.15877
0.87 -1.06613 3.67534 2.13142
0.88 -1.10273 3.64474 2.10464
0.89 -1.13903 3.61512 2.07842
0.9 -1.17504 3.58643 2.05275
0.91 -1.21076 3.55866 2.02762
0.92 -1.24621 3.53175 2.003
0.93 -1.2814 3.50569 1.97889
0.94 -1.31633 3.48043 1.95528
0.95 -1.35101 3.45596 1.93215
0.96 -1.38545 3.43224 1.9095
0.97 -1.41966 3.40924 1.88731
0.98 -1.45364 3.38694 1.86557
0.99 -1.4874 3.36532 1.84427
1 -1.52095 3.34435 1.82341
1.01 -1.55429 3.32401 1.80297
1.02 -1.58743 3.30428 1.78294
1.03 -1.62038 3.28513 1.76331
1.04 -1.65313 3.26655 1.74408
1.05 -1.68571 3.24852 1.72524
1.06 -1.71811 3.23102 1.70677
1.07 -1.75033 3.21402 1.68868
1.08 -1.78239 3.19753 1.67094
1.09 -1.81428 3.1815 1.65356
1.1 -1.84602 3.16595 1.63652
1.11 -1.8776 3.15083 1.61982
1.12 -1.90904 3.13615 1.60345
1.13 -1.94033 3.12189 1.58741
1.14 -1.97148 3.10803 1.57168
1.15 -2.00249 3.09457 1.55626
1.16 -2.03337 3.08148 1.54115
1.17 -2.06412 3.06876 1.52633
1.18 -2.09475 3.0564 1.5118
1.19 -2.12525 3.04438 1.49756
1.2 -2.15563 3.03269 1.48359
1.21 -2.1859 3.02132 1.4699
1.22 -2.21606 3.01027 1.45647
1.23 -2.24611 2.99952 1.4433
1.24 -2.27605 2.98907 1.43039
1.25 -2.30589 2.9789 1.41773
1.26 -2.33563 2.969 1.40531
1.27 -2.36527 2.95937 1.39313
1.28 -2.39482 2.95 1.38118
1.29 -2.42427 2.94088 1.36947
1.3 -2.45364 2.93201 1.35797
1.31 -2.48292 2.92337 1.3467
1.32 -2.51211 2.91496 1.33564
1.33 -2.54122 2.90678 1.3248
1.34 -2.57024 2.8988 1.31415
1.35 -2.59919 2.89104 1.30371
1.36 -2.62806 2.88348 1.29347
1.37 -2.65686 2.87612 1.28342
1.38 -2.68559 2.86895 1.27356
1.39 -2.71424 2.86196 1.26389
1.4 -2.74283 2.85516 1.25439
1.41 -2.77135 2.84853 1.24508
1.42 -2.7998 2.84207 1.23593
1.43 -2.82819 2.83577 1.22696
1.44 -2.85651 2.82963 1.21816
1.45 -2.88478 2.82365 1.20951
1.46 -2.91299 2.81782 1.20103
1.47 -2.94114 2.81214 1.19271
1.48 -2.96923 2.8066 1.18453
1.49 -2.99727 2.8012 1.17651
1.5 -3.02526 2.79593 1.16864
1.51 -3.05319 2.79079 1.16091
1.52 -3.08107 2.78578 1.15332
1.53 -3.10891 2.7809 1.14587
1.54 -3.13669 2.77613 1.13855
1.55 -3.16443 2.77148 1.13137
1.56 -3.19212 2.76694 1.12431
1.57 -3.21977 2.76252 1.11738
1.58 -3.24737 2.7582 1.11058
1.59 -3.27493 2.75398 1.1039
1.6 -3.30245 2.74987 1.09734
1.61 -3.32993 2.74586 1.0909
1.62 -3.35737 2.74194 1.08457
1.63 -3.38477 2.73811 1.07836
1.64 -3.41213 2.73438 1.07225
1.65 -3.43946 2.73073 1.06625
1.66 -3.46675 2.72717 1.06036
1.67 -3.494 2.7237 1.05457
1.68 -3.52122 2.7203 1.04889
1.69 -3.54841 2.71699 1.0433
1.7 -3.57556 2.71375 1.03781
1.71 -3.60268 2.71058 1.03242
1.72 -3.62977 2.70749 1.02712
1.73 -3.65683 2.70447 1.02191
1.74 -3.68386 2.70152 1.01679
1.75 -3.71086 2.69864 1.01176
1.76 -3.73783 2.69583 1.00682
1.77 -3.76478 2.69307 1.00196
1.78 -3.7917 2.69038 0.997186
1.79 -3.81859 2.68775 0.992492
1.8 -3.84545 2.68518 0.987878
1.81 -3.87229 2.68267 0.983343
1.82 -3.89911 2.68021 0.978884
1.83 -3.9259 2.67781 0.974501
1.84 -3.95266 2.67546 0.970192
1.85 -3.9794 2.67317 0.965955
1.86 -4.00613 2.67092 0.961789
1.87 -4.03282 2.66872 0.957692
1.88 -4.0595 2.66658 0.953664
1.89 -4.08616 2.66448 0.949703
1.9 -4.11279 2.66242 0.945807
1.91 -4.1394 2.66041 0.941976
1.92 -4.166 2.65844 0.938208
1.93 -4.19257 2.65652 0.934501
1.94 -4.21913 2.65463 0.930856
1.95 -4.24567 2.65279 0.92727
1.96 -4.27218 2.65098 0.923742
1.97 -4.29869 2.64922 0.920272
1.98 -4.32517 2.64749 0.916858
1.99 -4.35164 2.6458 0.913499
2 -4.37808 2.64414 0.910195
2.01 -4.40452 2.64252 0.906943
2.02 -4.43094 2.64093 0.903744
2.03 -4.45734 2.63938 0.900595
2.04 -4.48372 2.63785 0.897497
2.05 -4.51009 2.63636 0.894448
2.06 -4.53645 2.6349 0.891447
2.07 -4.56279 2.63347 0.888493
2.08 -4.58912 2.63207 0.885586
2.09 -4.61543 2.6307 0.882725
2.1 -4.64173 2.62935 0.879908
2.11 -4.66802 2.62804 0.877136
2.12 -4.69429 2.62675 0.874406
2.13 -4.72056 2.62548 0.871719
2.14 -4.7468 2.62424 0.869073
2.15 -4.77304 2.62303 0.866468
2.16 -4.79926 2.62184 0.863903
2.17 -4.82548 2.62067 0.861377
2.18 -4.85168 2.61953 0.85889
2.19 -4.87787 2.61841 0.856441
2.2 -4.90405 2.61731 0.854029
2.21 -4.93021 2.61623 0.851653
2.22 -4.95637 2.61517 0.849314
2.23 -4.98252 2.61414 0.847009
2.24 -5.00865 2.61312 0.844739
2.25 -5.03478 2.61213 0.842503
2.26 -5.0609 2.61115 0.8403
2.27 -5.087 2.61019 0.83813
2.28 -5.1131 2.60925 0.835991
2.29 -5.13919 2.60833 0.833885
2.3 -5.16527 2.60742 0.831809
2.31 -5.19134 2.60654 0.829764
2.32 -5.2174 2.60567 0.827749
2.33 -5.24345 2.60481 0.825763
2.34 -5.26949 2.60397 0.823805
2.35 -5.29553 2.60315 0.821877
2.36 -5.32156 2.60234 0.819975
2.37 -5.34758 2.60155 0.818102
2.38 -5.37359 2.60077 0.816255
2.39 -5.39959 2.60001 0.814434
2.4 -5.42559 2.59926 0.812639
2.41 -5.45158 2.59853 0.81087
2.42 -5.47756 2.5978 0.809126
2.43 -5.50353 2.59709 0.807406
2.44 -5.5295 2.5964 0.80571
2.45 -5.55546 2.59571 0.804038
2.46 -5.58142 2.59504 0.802389
2.47 -5.60736 2.59438 0.800764
2.48 -5.6333 2.59374 0.79916
2.49 -5.65924 2.5931 0.797579
2.5 -5.68517 2.59247 0.79602
2.51 -5.71109 2.59186 0.794482
2.52 -5.737 2.59126 0.792964
2.53 -5.76291 2.59066 0.791468
2.54 -5.78882 2.59008 0.789992
2.55 -5.81471 2.58951 0.788535
2.56 -5.84061 2.58895 0.787098
2.57 -5.86649 2.58839 0.785681
2.58 -5.89237 2.58785 0.784282
2.59 -5.91825 2.58732 0.782902
2.6 -5.94412 2.58679 0.781541
2.61 -5.96999 2.58628 0.780197
2.62 -5.99585 2.58577 0.778871
2.63 -6.0217 2.58527 0.777562
2.64 -6.04755 2.58478 0.776271
2.65 -6.0734 2.5843 0.774996
2.66 -6.09924 2.58383 0.773738
2.67 -6.12507 2.58336 0.772496
2.68 -6.1509 2.5829 0.77127
2.69 -6.17673 2.58245 0.770059
2.7 -6.20255 2.58201 0.768864
2.71 -6.22837 2.58157 0.767685
2.72 -6.25419 2.58114 0.76652
2.73 -6.27999 2.58072 0.76537
2.74 -6.3058 2.5803 0.764234
2.75 -6.3316 2.5799 0.763113
2.76 -6.3574 2.57949 0.762006
2.77 -6.38319 2.5791 0.760912
2.78 -6.40898 2.57871 0.759832
2.79 -6.43476 2.57833 0.758765
2.8 -6.46055 2.57795 0.757712
2.81 -6.48632 2.57758 0.756671
2.82 -6.5121 2.57721 0.755643
2.83 -6.53787 2.57685 0.754627
2.84 -6.56363 2.5765 0.753624
2.85 -6.5894 2.57615 0.752633
2.86 -6.61516 2.57581 0.751654
2.87 -6.64091 2.57547 0.750686
2.88 -6.66667 2.57514 0.74973
2.89 -6.69242 2.57481 0.748785
2.9 -6.71816 2.57449 0.747851
2.91 -6.74391 2.57417 0.746929
2.92 -6.76965 2.57386 0.746017
2.93 -6.79538 2.57355 0.745116
2.94 -6.82112 2.57325 0.744225
2.95 -6.84685 2.57295 0.743344
2.96 -6.87258 2.57265 0.742474
2.97 -6.8983 2.57236 0.741613
2.98 -6.92402 2.57208 0.740763
2.99 -6.94974 2.57179 0.739922
3 -6.97546 2.57152 0.739091
3.01 -7.00117 2.57124 0.738268
3.02 -7.02688 2.57097 0.737456
3.03 -7.05259 2.57071 0.736652
3.04 -7.0783 2.57045 0.735857
3.05 -7.104 2.57019 0.735071
3.06 -7.1297 2.56993 0.734294
3.07 -7.1554 2.56968 0.733525
3.08 -7.1811 2.56944 0.732765
3.09 -7.20679 2.56919 0.732012
3.1 -7.23248 2.56895 0.731269
3.11 -7.25817 2.56871 0.730533
3.12 -7.28385 2.56848 0.729805
3.13 -7.30954 2.56825 0.729084
3.14 -7.33522 2.56802 0.728372
3.15 -7.3609 2.5678 0.727667
3.16 -7.38658 2.56758 0.726969
3.17 -7.41225 2.56736 0.726279
3.18 -7.43792 2.56714 0.725596
3.19 -7.46359 2.56693 0.72492
3.2 -7.48926 2.56672 0.724251
3.21 -7.51493 2.56652 0.723588
3.22 -7.54059 2.56631 0.722933
3.23 -7.56625 2.56611 0.722285
3.24 -7.59191 2.56591 0.721643
3.25 -7.61757 2.56572 0.721007
3.26 -7.64323 2.56552 0.720378
3.27 -7.66888 2.56533 0.719755
3.28 -7.69453 2.56514 0.719138
3.29 -7.72019 2.56496 0.718528
3.3 -7.74583 2.56477 0.717923
3.31 -7.77148 2.56459 0.717325
3.32 -7.79713 2.56442 0.716732
3.33 -7.82277 2.56424 0.716145
3.34 -7.84841 2.56406 0.715564
3.35 -7.87405 2.56389 0.714988
3.36 -7.89969 2.56372 0.714418
3.37 -7.92532 2.56355 0.713853
3.38 -7.95096 2.56339 0.713294
3.39 -7.97659 2.56322 0.71274
3.4 -8.00222 2.56306 0.712191
3.41 -8.02785 2.5629 0.711647
3.42 -8.05348 2.56275 0.711109
3.43 -8.07911 2.56259 0.710575
3.44 -8.10473 2.56244 0.710046
3.45 -8.13036 2.56228 0.709522
3.46 -8.15598 2.56213 0.709003
3.47 -8.1816 2.56199 0.708489
3.48 -8.20722 2.56184 0.707979
3.49 -8.23284 2.56169 0.707473
3.5 -8.25845 2.56155 0.706973
3.51 -8.28407 2.56141 0.706476
3.52 -8.30968 2.56127 0.705984
3.53 -8.33529 2.56113 0.705497
3.54 -8.3609 2.56099 0.705013
3.55 -8.38651 2.56086 0.704534
3.56 -8.41212 2.56072 0.704059
3.57 -8.43773 2.56059 0.703588
3.58 -8.46333 2.56046 0.703121
3.59 -8.48894 2.56033 0.702658
3.6 -8.51454 2.56021 0.702199
3.61 -8.54014 2.56008 0.701744
3.62 -8.56574 2.55995 0.701292
3.63 -8.59134 2.55983 0.700845
3.64 -8.61694 2.55971 0.700401
3.65 -8.64253 2.55959 0.69996
3.66 -8.66813 2.55947 0.699524
3.67 -8.69372 2.55935 0.69909
3.68 -8.71932 2.55923 0.698661
3.69 -8.74491 2.55912 0.698234
3.7 -8.7705 2.559 0.697811
3.71 -8.79609 2.55889 0.697392
3.72 -8.82168 2.55878 0.696975
3.73 -8.84726 2.55867 0.696562
3.74 -8.87285 2.55856 0.696153
3.75 -8.89844 2.55845 0.695746
3.76 -8.92402 2.55834 0.695342
3.77 -8.9496 2.55823 0.694942
3.78 -8.97518 2.55813 0.694545
3.79 -9.00076 2.55803 0.69415
3.8 -9.02634 2.55792 0.693759
3.81 -9.05192 2.55782 0.69337
3.82 -9.0775 2.55772 0.692985
3.83 -9.10308 2.55762 0.692602
3.84 -9.12865 2.55752 0.692222
3.85 -9.15423 2.55742 0.691844
3.86 -9.1798 2.55732 0.69147
3.87 -9.20537 2.55723 0.691098
3.88 -9.23095 2.55713 0.690729
3.89 -9.25652 2.55704 0.690362
3.9 -9.28209 2.55694 0.689998
3.91 -9.30766 2.55685 0.689636
3.92 -9.33322 2.55676 0.689277
3.93 -9.35879 2.55667 0.688921
3.94 -9.38436 2.55658 0.688567
3.95 -9.40992 2.55649 0.688215
3.96 -9.43549 2.5564 0.687865
3.97 -9.46105 2.55631 0.687518
3.98 -9.48661 2.55623 0.687174
3.99 -9.51218 2.55614 0.686831
4 -9.53774 2.55606 0.686491
4.01 -9.5633 2.55597 0.686153
4.02 -9.58886 2.55589 0.685817
4.03 -9.61441 2.55581 0.685483
4.04 -9.63997 2.55572 0.685152
4.05 -9.66553 2.55564 0.684822
4.06 -9.69108 2.55556 0.684495
4.07 -9.71664 2.55548 0.68417
4.08 -9.74219 2.5554 0.683846
4.09 -9.76775 2.55532 0.683525
4.1 -9.7933 2.55525 0.683205
4.11 -9.81885 2.55517 0.682888
4.12 -9.8444 2.55509 0.682572
4.13 -9.86995 2.55502 0.682259
4.14 -9.8955 2.55494 0.681947
4.15 -9.92105 2.55487 0.681637
4.16 -9.9466 2.55479 0.681328
4.17 -9.97215 2.55472 0.681022
4.18 -9.9977 2.55464 0.680717
4.19 -10.0232 2.55457 0.680414
4.2 -10.0488 2.5545 0.680113
4.21 -10.0743 2.55443 0.679813
4.22 -10.0999 2.55436 0.679515
4.23 -10.1254 2.55429 0.679219
4.24 -10.151 2.55422 0.678924
4.25 -10.1765 2.55415 0.678631
4.26 -10.202 2.55408 0.67834
4.27 -10.2276 2.55401 0.67805
4.28 -10.2531 2.55395 0.677761
4.29 -10.2787 2.55388 0.677474
4.3 -10.3042 2.55381 0.677189
4.31 -10.3297 2.55375 0.676905
4.32 -10.3553 2.55368 0.676622
4.33 -10.3808 2.55362 0.676341
4.34 -10.4063 2.55355 0.676061
4.35 -10.4319 2.55349 0.675783
4.36 -10.4574 2.55342 0.675506
4.37 -10.483 2.55336 0.67523
4.38 -10.5085 2.5533 0.674956
4.39 -10.534 2.55324 0.674683
4.4 -10.5596 2.55317 0.674411
4.41 -10.5851 2.55311 0.67414
4.42 -10.6106 2.55305 0.673871
4.43 -10.6361 2.55299 0.673603
4.44 -10.6617 2.55293 0.673336
4.45 -10.6872 2.55287 0.673071
4.46 -10.7127 2.55281 0.672807
4.47 -10.7383 2.55275 0.672543
4.48 -10.7638 2.55269 0.672281
4.49 -10.7893 2.55264 0.67202
4.5 -10.8148 2.55258 0.671761
4.51 -10.8404 2.55252 0.671502
4.52 -10.8659 2.55246 0.671244
4.53 -10.8914 2.55241 0.670988
4.54 -10.9169 2.55235 0.670732
4.55 -10.9425 2.55229 0.670478
4.56 -10.968 2.55224 0.670225
4.57 -10.9935 2.55218 0.669972
4.58 -11.019 2.55213 0.669721
4.59 -11.0445 2.55207 0.669471
4.6 -11.0701 2.55202 0.669221
4.61 -11.0956 2.55197 0.668973
4.62 -11.1211 2.55191 0.668725
4.63 -11.1466 2.55186 0.668479
4.64 -11.1721 2.55181 0.668233
4.65 -11.1977 2.55175 0.667988
4.66 -11.2232 2.5517 0.667744
4.67 -11.2487 2.55165 0.667502
4.68 -11.2742 2.5516 0.667259
4.69 -11.2997 2.55155 0.667018
4.7 -11.3252 2.55149 0.666778
4.71 -11.3508 2.55144 0.666538
4.72 -11.3763 2.55139 0.666299
4.73 -11.4018 2.55134 0.666062
4.74 -11.4273 2.55129 0.665824
4.75 -11.4528 2.55124 0.665588
4.76 -11.4783 2.55119 0.665352
4.77 -11.5038 2.55114 0.665118
4.78 -11.5293 2.55109 0.664883
4.79 -11.5549 2.55105 0.66465
4.8 -11.5804 2.551 0.664417
4.81 -11.6059 2.55095 0.664186
4.82 -11.6314 2.5509 0.663954
4.83 -11.6569 2.55085 0.663724
4.84 -11.6824 2.55081 0.663494
4.85 -11.7079 2.55076 0.663265
4.86 -11.7334 2.55071 0.663036
4.87 -11.7589 2.55066 0.662808
4.88 -11.7844 2.55062 0.662581
4.89 -11.8099 2.55057 0.662355
4.9 -11.8354 2.55053 0.662129
4.91 -11.8609 2.55048 0.661903
4.92 -11.8865 2.55043 0.661679
4.93 -11.912 2.55039 0.661454
4.94 -11.9375 2.55034 0.661231
4.95 -11.963 2.5503 0.661008
4.96 -11.9885 2.55025 0.660785
4.97 -12.014 2.55021 0.660564
4.98 -12.0395 2.55016 0.660342
4.99 -12.065 2.55012 0.660121
5 -12.0905 2.55008 0.659901
5.01 -12.116 2.55003 0.659682
5.02 -12.1415 2.54999 0.659462
5.03 -12.167 2.54994 0.659244
5.04 -12.1925 2.5499 0.659025
5.05 -12.218 2.54986 0.658808
5.06 -12.2435 2.54981 0.65859
5.07 -12.269 2.54977 0.658374
5.08 -12.2945 2.54973 0.658157
5.09 -12.32 2.54969 0.657942
5.1 -12.3455 2.54964 0.657726
5.11 -12.371 2.5496 0.657511
5.12 -12.3965 2.54956 0.657297
5.13 -12.4219 2.54952 0.657083
5.14 -12.4474 2.54948 0.656869
5.15 -12.4729 2.54944 0.656656
5.16 -12.4984 2.54939 0.656443
5.17 -12.5239 2.54935 0.65623
5.18 -12.5494 2.54931 0.656018
5.19 -12.5749 2.54927 0.655807
5.2 -12.6004 2.54923 0.655595
5.21 -12.6259 2.54919 0.655384
5.22 -12.6514 2.54915 0.655174
5.23 -12.6769 2.54911 0.654964
5.24 -12.7024 2.54907 0.654754
5.25 -12.7279 2.54903 0.654544
5.26 -12.7533 2.54899 0.654335
5.27 -12.7788 2.54895 0.654126
5.28 -12.8043 2.54891 0.653918
5.29 -12.8298 2.54887 0.65371
5.3 -12.8553 2.54883 0.653502
5.31 -12.8808 2.54879 0.653294
5.32 -12.9063 2.54875 0.653087
5.33 -12.9318 2.54871 0.65288
5.34 -12.9573 2.54868 0.652673
5.35 -12.9827 2.54864 0.652467
5.36 -13.0082 2.5486 0.652261
5.37 -13.0337 2.54856 0.652055
5.38 -13.0592 2.54852 0.65185
5.39 -13.0847 2.54848 0.651644
5.4 -13.1102 2.54845 0.651439
5.41 -13.1357 2.54841 0.651234
5.42 -13.1611 2.54837 0.65103
5.43 -13.1866 2.54833 0.650826
5.44 -13.2121 2.5483 0.650622
5.45 -13.2376 2.54826 0.650418
5.46 -13.2631 2.54822 0.650214
5.47 -13.2886 2.54818 0.650011
5.48 -13.314 2.54815 0.649808
5.49 -13.3395 2.54811 0.649605
5.5 -13.365 2.54807 0.649402
5.51 -13.3905 2.54804 0.649199
5.52 -13.416 2.548 0.648997
5.53 -13.4414 2.54796 0.648795
5.54 -13.4669 2.54793 0.648593
5.55 -13.4924 2.54789 0.648391
5.56 -13.5179 2.54785 0.64819
5.57 -13.5434 2.54782 0.647988
5.58 -13.5688 2.54778 0.647787
5.59 -13.5943 2.54774 0.647586
5.6 -13.6198 2.54771 0.647385
5.61 -13.6453 2.54767 0.647184
5.62 -13.6707 2.54764 0.646984
5.63 -13.6962 2.5476 0.646783
5.64 -13.7217 2.54757 0.646583
5.65 -13.7472 2.54753 0.646383
5.66 -13.7726 2.5475 0.646183
5.67 -13.7981 2.54746 0.645983
5.68 -13.8236 2.54742 0.645783
5.69 -13.8491 2.54739 0.645584
5.7 -13.8745 2.54735 0.645384
5.71 -13.9 2.54732 0.645185
5.72 -13.9255 2.54728 0.644985
5.73 -13.951 2.54725 0.644786
5.74 -13.9764 2.54722 0.644587
5.75 -14.0019 2.54718 0.644388
5.76 -14.0274 2.54715 0.644189
5.77 -14.0528 2.54711 0.643991
5.78 -14.0783 2.54708 0.643792
5.79 -14.1038 2.54704 0.643594
5.8 -14.1293 2.54701 0.643395
5.81 -14.1547 2.54697 0.643197
5.82 -14.1802 2.54694 0.642998
5.83 -14.2057 2.54691 0.6428
5.84 -14.2311 2.54687 0.642602
5.85 -14.2566 2.54684 0.642404
5.86 -14.2821 2.5468 0.642206
5.87 -14.3075 2.54677 0.642008
5.88 -14.333 2.54674 0.64181
5.89 -14.3585 2.5467 0.641612
5.9 -14.3839 2.54667 0.641415
5.91 -14.4094 2.54664 0.641217
5.92 -14.4349 2.5466 0.641019
5.93 -14.4603 2.54657 0.640822
5.94 -14.4858 2.54654 0.640624
5.95 -14.5113 2.5465 0.640427
5.96 -14.5367 2.54647 0.640229
5.97 -14.5622 2.54644 0.640032
5.98 -14.5877 2.5464 0.639835
5.99 -14.6131 2.54637 0.639637
6 -14.6386 2.54634 0.63944
6.01 -14.6641 2.54631 0.639243
6.02 -14.6895 2.54627 0.639045
6.03 -14.715 2.54624 0.638848
6.04 -14.7404 2.54621 0.638651
6.05 -14.7659 2.54617 0.638454
6.06 -14.7914 2.54614 0.638257
6.07 -14.8168 2.54611 0.638059
6.08 -14.8423 2.54608 0.637862
6.09 -14.8677 2.54604 0.637665
6.1 -14.8932 2.54601 0.637468
6.11 -14.9187 2.54598 0.637271
6.12 -14.9441 2.54595 0.637074
6.13 -14.9696 2.54592 0.636876
6.14 -14.995 2.54588 0.636679
6.15 -15.0205 2.54585 0.636482
6.16 -15.046 2.54582 0.636285
6.17 -15.0714 2.54579 0.636088
6.18 -15.0969 2.54576 0.635891
6.19 -15.1223 2.54572 0.635694
6.2 -15.1478 2.54569 0.635496
6.21 -15.1732 2.54566 0.635299
6.22 -15.1987 2.54563 0.635102
6.23 -15.2242 2.5456 0.634905
6.24 -15.2496 2.54556 0.634707
6.25 -15.2751 2.54553 0.63451
6.26 -15.3005 2.5455 0.634313
6.27 -15.326 2.54547 0.634115
6.28 -15.3514 2.54544 0.633918
6.29 -15.3769 2.54541 0.63372
6.3 -15.4023 2.54538 0.633523
6.31 -15.4278 2.54534 0.633326
6.32 -15.4533 2.54531 0.633128
6.33 -15.4787 2.54528 0.63293
6.34 -15.5042 2.54525 0.632733
6.35 -15.5296 2.54522 0.632535
6.36 -15.5551 2.54519 0.632337
6.37 -15.5805 2.54516 0.63214
6.38 -15.606 2.54513 0.631942
6.39 -15.6314 2.5451 0.631744
6.4 -15.6569 2.54506 0.631546
6.41 -15.6823 2.54503 0.631348
6.42 -15.7078 2.545 0.63115
6.43 -15.7332 2.54497 0.630952
6.44 -15.7587 2.54494 0.630754
6.45 -15.7841 2.54491 0.630556
6.46 -15.8096 2.54488 0.630358
6.47 -15.835 2.54485 0.630159
6.48 -15.8605 2.54482 0.629961
6.49 -15.8859 2.54479 0.629763
6.5 -15.9114 2.54476 0.629564
6.51 -15.9368 2.54473 0.629366
6.52 -15.9623 2.5447 0.629167
6.53 -15.9877 2.54467 0.628968
6.54 -16.0131 2.54464 0.62877
6.55 -16.0386 2.54461 0.628571
6.56 -16.064 2.54457 0.628372
6.57 -16.0895 2.54454 0.628173
6.58 -16.1149 2.54451 0.627974
6.59 -16.1404 2.54448 0.627775
6.6 -16.1658 2.54445 0.627576
6.61 -16.1913 2.54442 0.627376
6.62 -16.2167 2.54439 0.627177
6.63 -16.2422 2.54436 0.626978
6.64 -16.2676 2.54433 0.626778
6.65 -16.293 2.5443 0.626579
6.66 -16.3185 2.54427 0.626379
6.67 -16.3439 2.54424 0.626179
6.68 -16.3694 2.54421 0.625979
6.69 -16.3948 2.54418 0.625779
6.7 -16.4203 2.54415 0.625579
6.71 -16.4457 2.54412 0.625379
6.72 -16.4711 2.54409 0.625179
6.73 -16.4966 2.54406 0.624979
6.74 -16.522 2.54403 0.624778
6.75 -16.5475 2.544 0.624578
6.76 -16.5729 2.54398 0.624377
6.77 -16.5983 2.54395 0.624177
6.78 -16.6238 2.54392 0.623976
6.79 -16.6492 2.54389 0.623775
6.8 -16.6747 2.54386 0.623574
6.81 -16.7001 2.54383 0.623373
6.82 -16.7255 2.5438 0.623172
6.83 -16.751 2.54377 0.622971
6.84 -16.7764 2.54374 0.622769
6.85 -16.8018 2.54371 0.622568
6.86 -16.8273 2.54368 0.622366
6.87 -16.8527 2.54365 0.622165
6.88 -16.8781 2.54362 0.621963
6.89 -16.9036 2.54359 0.621761
6.9 -16.929 2.54356 0.621559
6.91 -16.9545 2.54353 0.621357
6.92 -16.9799 2.5435 0.621155
6.93 -17.0053 2.54347 0.620952
6.94 -17.0308 2.54345 0.62075
6.95 -17.0562 2.54342 0.620547
6.96 -17.0816 2.54339 0.620345
6.97 -17.1071 2.54336 0.620142
6.98 -17.1325 2.54333 0.619939
6.99 -17.1579 2.5433 0.619736
7 -17.1834 2.54327 0.619533
7.01 -17.2088 2.54324 0.61933
7.02 -17.2342 2.54321 0.619127
7.03 -17.2597 2.54318 0.618923
7.04 -17.2851 2.54316 0.61872
7.05 -17.3105 2.54313 0.618516
7.06 -17.336 2.5431 0.618312
7.07 -17.3614 2.54307 0.618109
7.08 -17.3868 2.54304 0.617905
7.09 -17.4122 2.54301 0.617701
7.1 -17.4377 2.54298 0.617496
7.11 -17.4631 2.54295 0.617292
7.12 -17.4885 2.54292 0.617087
7.13 -17.514 2.5429 0.616883
7.14 -17.5394 2.54287 0.616678
7.15 -17.5648 2.54284 0.616473
7.16 -17.5902 2.54281 0.616268
7.17 -17.6157 2.54278 0.616063
7.18 -17.6411 2.54275 0.615858
7.19 -17.6665 2.54272 0.615653
7.2 -17.692 2.5427 0.615448
7.21 -17.7174 2.54267 0.615242
7.22 -17.7428 2.54264 0.615036
7.23 -17.7682 2.54261 0.61483
7.24 -17.7937 2.54258 0.614625
7.25 -17.8191 2.54255 0.614419
7.26 -17.8445 2.54252 0.614212
7.27 -17.8699 2.5425 0.614006
7.28 -17.8954 2.54247 0.6138
7.29 -17.9208 2.54244 0.613593
7.3 -17.9462 2.54241 0.613386
7.31 -17.9716 2.54238 0.61318
7.32 -17.9971 2.54235 0.612973
7.33 -18.0225 2.54233 0.612766
7.34 -18.0479 2.5423 0.612558
7.35 -18.0733 2.54227 0.612351
7.36 -18.0988 2.54224 0.612144
7.37 -18.1242 2.54221 0.611936
7.38 -18.1496 2.54219 0.611728
7.39 -18.175 2.54216 0.611521
7.4 -18.2004 2.54213 0.611313
7.41 -18.2259 2.5421 0.611105
7.42 -18.2513 2.54207 0.610896
7.43 -18.2767 2.54204 0.610688
7.44 -18.3021 2.54202 0.610479
7.45 -18.3275 2.54199 0.610271
7.46 -18.353 2.54196 0.610062
7.47 -18.3784 2.54193 0.609853
7.48 -18.4038 2.5419 0.609644
7.49 -18.4292 2.54188 0.609435
7.5 -18.4546 2.54185 0.609226
7.51 -18.4801 2.54182 0.609016
7.52 -18.5055 2.54179 0.608807
7.53 -18.5309 2.54177 0.608597
7.54 -18.5563 2.54174 0.608387
7.55 -18.5817 2.54171 0.608177
7.56 -18.6071 2.54168 0.607967
7.57 -18.6326 2.54165 0.607757
7.58 -18.658 2.54163 0.607547
7.59 -18.6834 2.5416 0.607336
7.6 -18.7088 2.54157 0.607126
7.61 -18.7342 2.54154 0.606915
7.62 -18.7596 2.54152 0.606704
7.63 -18.7851 2.54149 0.606493
7.64 -18.8105 2.54146 0.606282
7.65 -18.8359 2.54143 0.606071
7.66 -18.8613 2.5414 0.605859
7.67 -18.8867 2.54138 0.605648
7.68 -18.9121 2.54135 0.605436
7.69 -18.9375 2.54132 0.605224
7.7 -18.963 2.54129 0.605012
7.71 -18.9884 2.54127 0.6048
7.72 -19.0138 2.54124 0.604588
7.73 -19.0392 2.54121 0.604376
7.74 -19.0646 2.54118 0.604163
7.75 -19.09 2.54116 0.60395
7.76 -19.1154 2.54113 0.603738
7.77 -19.1408 2.5411 0.603525
7.78 -19.1663 2.54107 0.603312
7.79 -19.1917 2.54105 0.603099
7.8 -19.2171 2.54102 0.602885
7.81 -19.2425 2.54099 0.602672
7.82 -19.2679 2.54097 0.602458
7.83 -19.2933 2.54094 0.602244
7.84 -19.3187 2.54091 0.602031
7.85 -19.3441 2.54088 0.601817
7.86 -19.3695 2.54086 0.601602
7.87 -19.3949 2.54083 0.601388
7.88 -19.4203 2.5408 0.601174
7.89 -19.4458 2.54077 0.600959
7.9 -19.4712 2.54075 0.600745
7.91 -19.4966 2.54072 0.60053
7.92 -19.522 2.54069 0.600315
7.93 -19.5474 2.54067 0.6001
7.94 -19.5728 2.54064 0.599884
7.95 -19.5982 2.54061 0.599669
7.96 -19.6236 2.54058 0.599454
7.97 -19.649 2.54056 0.599238
7.98 -19.6744 2.54053 0.599022
7.99 -19.6998 2.5405 0.598806
8 -19.7252 2.54048 0.59859
8.01 -19.7506 2.54045 0.598374
8.02 -19.776 2.54042 0.598158
8.03 -19.8014 2.5404 0.597941
8.04 -19.8268 2.54037 0.597725
8.05 -19.8522 2.54034 0.597508
8.06 -19.8776 2.54031 0.597291
8.07 -19.903 2.54029 0.597074
8.08 -19.9284 2.54026 0.596857
8.09 -19.9539 2.54023 0.59664
8.1 -19.9793 2.54021 0.596422
8.11 -20.0047 2.54018 0.596205
8.12 -20.0301 2.54015 0.595987
8.13 -20.0555 2.54013 0.595769
8.14 -20.0809 2.5401 0.595551
8.15 -20.1063 2.54007 0.595333
8.16 -20.1317 2.54005 0.595115
8.17 -20.1571 2.54002 0.594897
8.18 -20.1825 2.53999 0.594678
8.19 -20.2079 2.53997 0.594459
8.2 -20.2333 2.53994 0.594241
8.21 -20.2587 2.53991 0.594022
8.22 -20.2841 2.53989 0.593803
8.23 -20.3095 2.53986 0.593584
8.24 -20.3349 2.53983 0.593364
8.25 -20.3603 2.53981 0.593145
8.26 -20.3857 2.53978 0.592925
8.27 -20.4111 2.53975 0.592705
8.28 -20.4364 2.53973 0.592486
8.29 -20.4618 2.5397 0.592266
8.3 -20.4872 2.53967 0.592046
8.31 -20.5126 2.53965 0.591825
8.32 -20.538 2.53962 0.591605
8.33 -20.5634 2.53959 0.591384
8.34 -20.5888 2.53957 0.591164
8.35 -20.6142 2.53954 0.590943
8.36 -20.6396 2.53951 0.590722
8.37 -20.665 2.53949 0.590501
8.38 -20.6904 2.53946 0.59028
8.39 -20.7158 2.53944 0.590058
8.4 -20.7412 2.53941 0.589837
8.41 -20.7666 2.53938 0.589615
8.42 -20.792 2.53936 0.589394
8.43 -20.8174 2.53933 0.589172
8.44 -20.8428 2.5393 0.58895
8.45 -20.8682 2.53928 0.588728
8.46 -20.8936 2.53925 0.588505
8.47 -20.9189 2.53922 0.588283
8.48 -20.9443 2.5392 0.58806
8.49 -20.9697 2.53917 0.587838
8.5 -20.9951 2.53915 0.587615
8.51 -21.0205 2.53912 0.587392
8.52 -21.0459 2.53909 0.587169
8.53 -21.0713 2.53907 0.586946
8.54 -21.0967 2.53904 0.586723
8.55 -21.1221 2.53901 0.586499
8.56 -21.1475 2.53899 0.586276
8.57 -21.1729 2.53896 0.586052
8.58 -21.1982 2.53894 0.585828
8.59 -21.2236 2.53891 0.585604
8.6 -21.249 2.53888 0.58538
8.61 -21.2744 2.53886 0.585156
8.62 -21.2998 2.53883 0.584931
8.63 -21.3252 2.53881 0.584707
8.64 -21.3506 2.53878 0.584482
8.65 -21.376 2.53875 0.584257
8.66 -21.4014 2.53873 0.584033
8.67 -21.4267 2.5387 0.583808
8.68 -21.4521 2.53868 0.583582
8.69 -21.4775 2.53865 0.583357
8.7 -21.5029 2.53862 0.583132
8.71 -21.5283 2.5386 0.582906
8.72 -21.5537 2.53857 0.582681
8.73 -21.5791 2.53855 0.582455
8.74 -21.6044 2.53852 0.582229
8.75 -21.6298 2.5385 0.582003
8.76 -21.6552 2.53847 0.581777
8.77 -21.6806 2.53844 0.58155
8.78 -21.706 2.53842 0.581324
8.79 -21.7314 2.53839 0.581098
8.8 -21.7568 2.53837 0.580871
8.81 -21.7821 2.53834 0.580644
8.82 -21.8075 2.53831 0.580417
8.83 -21.8329 2.53829 0.58019
8.84 -21.8583 2.53826 0.579963
8.85 -21.8837 2.53824 0.579736
8.86 -21.909 2.53821 0.579508
8.87 -21.9344 2.53819 0.579281
8.88 -21.9598 2.53816 0.579053
8.89 -21.9852 2.53813 0.578825
8.9 -22.0106 2.53811 0.578597
8.91 -22.036 2.53808 0.578369
8.92 -22.0613 2.53806 0.578141
8.93 -22.0867 2.53803 0.577913
8.94 -22.1121 2.53801 0.577684
8.95 -22.1375 2.53798 0.577456
8.96 -22.1629 2.53796 0.577227
8.97 -22.1882 2.53793 0.576998
8.98 -22.2136 2.5379 0.57677
8.99 -22.239 2.53788 0.57654
9 -22.2644 2.53785 0.576311
9.01 -22.2898 2.53783 0.576082
9.02 -22.3151 2.5378 0.575853
9.03 -22.3405 2.53778 0.575623
9.04 -22.3659 2.53775 0.575394
9.05 -22.3913 2.53773 0.575164
9.06 -22.4166 2.5377 0.574934
9.07 -22.442 2.53768 0.574704
9.08 -22.4674 2.53765 0.574474
9.09 -22.4928 2.53763 0.574244
9.1 -22.5181 2.5376 0.574013
9.11 -22.5435 2.53757 0.573783
9.12 -22.5689 2.53755 0.573552
9.13 -22.5943 2.53752 0.573321
9.14 -22.6196 2.5375 0.573091
9.15 -22.645 2.53747 0.57286
9.16 -22.6704 2.53745 0.572629
9.17 -22.6958 2.53742 0.572397
9.18 -22.7211 2.5374 0.572166
9.19 -22.7465 2.53737 0.571935
9.2 -22.7719 2.53735 0.571703
9.21 -22.7973 2.53732 0.571471
9.22 -22.8226 2.5373 0.57124
9.23 -22.848 2.53727 0.571008
9.24 -22.8734 2.53725 0.570776
9.25 -22.8988 2.53722 0.570544
9.26 -22.9241 2.5372 0.570311
9.27 -22.9495 2.53717 0.570079
9.28 -22.9749 2.53715 0.569846
9.29 -23.0002 2.53712 0.569614
9.3 -23.0256 2.5371 0.569381
9.31 -23.051 2.53707 0.569148
9.32 -23.0764 2.53705 0.568915
9.33 -23.1017 2.53702 0.568682
9.34 -23.1271 2.537 0.568449
9.35 -23.1525 2.53697 0.568216
9.36 -23.1778 2.53695 0.567983
9.37 -23.2032 2.53692 0.567749
9.38 -23.2286 2.5369 0.567515
9.39 -23.2539 2.53687 0.567282
9.4 -23.2793 2.53685 0.567048
9.41 -23.3047 2.53682 0.566814
9.42 -23.33 2.5368 0.56658
9.43 -23.3554 2.53677 0.566346
9.44 -23.3808 2.53675 0.566111
9.45 -23.4062 2.53672 0.565877
9.46 -23.4315 2.5367 0.565643
9.47 -23.4569 2.53667 0.565408
9.48 -23.4823 2.53665 0.565173
9.49 -23.5076 2.53662 0.564938
9.5 -23.533 2.5366 0.564703
9.51 -23.5584 2.53657 0.564468
9.52 -23.5837 2.53655 0.564233
9.53 -23.6091 2.53652 0.563998
9.54 -23.6344 2.5365 0.563762
9.55 -23.6598 2.53648 0.563527
9.56 -23.6852 2.53645 0.563291
9.57 -23.7105 2.53643 0.563056
9.58 -23.7359 2.5364 0.56282
9.59 -23.7613 2.53638 0.562584
9.6 -23.7866 2.53635 0.562348
9.61 -23.812 2.53633 0.562112
9.62 -23.8374 2.5363 0.561876
9.63 -23.8627 2.53628 0.561639
9.64 -23.8881 2.53625 0.561403
9.65 -23.9134 2.53623 0.561166
9.66 -23.9388 2.5362 0.560929
9.67 -23.9642 2.53618 0.560693
9.68 -23.9895 2.53616 0.560456
9.69 -24.0149 2.53613 0.560219
9.7 -24.0403 2.53611 0.559982
9.71 -24.0656 2.53608 0.559745
9.72 -24.091 2.53606 0.559507
9.73 -24.1163 2.53603 0.55927
9.74 -24.1417 2.53601 0.559032
9.75 -24.1671 2.53598 0.558795
9.76 -24.1924 2.53596 0.558557
9.77 -24.2178 2.53594 0.558319
9.78 -24.2431 2.53591 0.558081
9.79 -24.2685 2.53589 0.557843
9.8 -24.2939 2.53586 0.557605
9.81 -24.3192 2.53584 0.557367
9.82 -24.3446 2.53581 0.557129
9.83 -24.3699 2.53579 0.55689
9.84 -24.3953 2.53577 0.556652
9.85 -24.4206 2.53574 0.556413
9.86 -24.446 2.53572 0.556174
9.87 -24.4714 2.53569 0.555936
9.88 -24.4967 2.53567 0.555697
9.89 -24.5221 2.53564 0.555458
9.9 -24.5474 2.53562 0.555219
9.91 -24.5728 2.5356 0.554979
9.92 -24.5981 2.53557 0.55474
9.93 -24.6235 2.53555 0.554501
9.94 -24.6489 2.53552 0.554261
9.95 -24.6742 2.5355 0.554022
9.96 -24.6996 2.53548 0.553782
9.97 -24.7249 2.53545 0.553542
9.98 -24.7503 2.53543 0.553302
9.99 -24.7756 2.5354 0.553062
10 -24.801 2.53538 0.552822
