0 5.14749 17.3442 5.14749
0.01 4.97619 16.9165 5.14536
0.02 4.80915 16.4926 5.139
0.03 4.64633 16.0733 5.12853
0.04 4.48767 15.659 5.11403
0.05 4.33313 15.2501 5.09563
0.06 4.18265 14.8471 5.07347
0.07 4.03617 14.4503 5.04769
0.08 3.89362 14.0603 5.01844
0.09 3.75494 13.6773 4.9859
0.1 3.62005 13.3017 4.95022
0.11 3.48888 12.9338 4.9116
0.12 3.36134 12.5739 4.87021
0.13 3.23737 12.2222 4.82626
0.14 3.11687 11.879 4.77994
0.15 2.99976 11.5445 4.73144
0.16 2.88595 11.2188 4.68096
0.17 2.77536 10.9022 4.62872
0.18 2.66788 10.5946 4.57491
0.19 2.56343 10.2963 4.51972
0.2 2.46192 10.0072 4.46336
0.21 2.36326 9.72742 4.40602
0.22 2.26734 9.45694 4.34787
0.23 2.17409 9.19571 4.2891
0.24 2.0834 8.94368 4.22988
0.25 1.99518 8.70075 4.17037
0.26 1.90935 8.46682 4.11073
0.27 1.82582 8.24174 4.05109
0.28 1.74449 8.02536 3.99159
0.29 1.66528 7.8175 3.93236
0.3 1.58811 7.61796 3.8735
0.31 1.5129 7.42653 3.81512
0.32 1.43955 7.24298 3.75731
0.33 1.36801 7.06709 3.70015
0.34 1.29819 6.89861 3.64371
0.35 1.23001 6.73729 3.58807
0.36 1.16342 6.58288 3.53326
0.37 1.09833 6.43513 3.47933
0.38 1.0347 6.29378 3.42633
0.39 0.972439 6.15858 3.37428
0.4 0.911504 6.02927 3.32321
0.41 0.851835 5.90562 3.27314
0.42 0.793374 5.78737 3.22407
0.43 0.73607 5.67429 3.17601
0.44 0.679872 5.56614 3.12897
0.45 0.624731 5.4627 3.08295
0.46 0.570603 5.36376 3.03793
0.47 0.517442 5.26909 2.99391
0.48 0.465207 5.1785 2.95089
0.49 0.413859 5.09179 2.90884
0.5 0.363359 5.00878 2.86775
0.51 0.313672 4.92928 2.8276
0.52 0.264763 4.85312 2.78838
0.53 0.216599 4.78013 2.75007
0.54 0.16915 4.71017 2.71264
0.55 0.122386 4.64309 2.67608
0.56 0.076279 4.57873 2.64037
0.57 0.0308026 4.51697 2.60547
0.58 -0.0140686 4.45767 2.57138
0.59 -0.0583587 4.40073 2.53807
0.6 -0.102091 4.34601 2.50552
0.61 -0.145286 4.29342 2.4737
0.62 -0.187966 4.24284 2.4426
0.63 -0.230149 4.19419 2.41219
0.64 -0.271856 4.14737 2.38246
0.65 -0.313102 4.10229 2.35338
0.66 -0.353907 4.05886 2.32494
0.67 -0.394285 4.01702 2.29712
0.68 -0.434252 3.97668 2.26989
0.69 -0.473823 3.93777 2.24324
0.7 -0.513012 3.90024 2.21716
0.71 -0.551832 3.86401 2.19162
0.72 -0.590297 3.82904 2.16661
0.73 -0.628417 3.79525 2.14211
0.74 -0.666205 3.7626 2.11812
0.75 -0.703673 3.73104 2.09461
0.76 -0.74083 3.70052 2.07156
0.77 -0.777686 3.67099 2.04898
0.78 -0.814253 3.64242 2.02684
0.79 -0.850538 3.61477 2.00513
0.8 -0.886551 3.58798 1.98384
0.81 -0.9223 3.56204 1.96295
0.82 -0.957794 3.5369 1.94247
0.83 -0.993041 3.51254 1.92236
0.84 -1.02805 3.48891 1.90264
0.85 -1.06282 3.466 1.88328
0.86 -1.09737 3.44377 1.86427
0.87 -1.1317 3.4222 1.84561
0.88 -1.16582 3.40126 1.82729
0.89 -1.19973 3.38093 1.8093
0.9 -1.23344 3.36119 1.79163
0.91 -1.26695 3.34201 1.77427
0.92 -1.30028 3.32337 1.75722
0.93 -1.33342 3.30526 1.74047
0.94 -1.36639 3.28766 1.72401
0.95 -1.39918 3.27054 1.70784
0.96 -1.4318 3.25389 1.69194
0.97 -1.46426 3.2377 1.67632
0.98 -1.49655 3.22195 1.66096
0.99 -1.5287 3.20662 1.64586
1 -1.56069 3.19171 1.63102
1.01 -1.59253 3.17719 1.61643
1.02 -1.62423 3.16305 1.60208
1.03 -1.65579 3.14928 1.58797
1.04 -1.68722 3.13588 1.5741
1.05 -1.71851 3.12282 1.56045
1.06 -1.74968 3.1101 1.54703
1.07 -1.78072 3.09771 1.53383
1.08 -1.81163 3.08563 1.52085
1.09 -1.84243 3.07386 1.50808
1.1 -1.87311 3.06239 1.49552
1.11 -1.90368 3.05121 1.48316
1.12 -1.93413 3.0403 1.471
1.13 -1.96448 3.02967 1.45904
1.14 -1.99473 3.0193 1.44728
1.15 -2.02487 3.00919 1.4357
1.16 -2.05491 2.99933 1.42431
1.17 -2.08486 2.98971 1.4131
1.18 -2.11471 2.98032 1.40207
1.19 -2.14447 2.97116 1.39122
1.2 -2.17413 2.96223 1.38054
1.21 -2.20371 2.95351 1.37003
1.22 -2.2332 2.945 1.35969
1.23 -2.26261 2.93669 1.34952
1.24 -2.29194 2.92858 1.3395
1.25 -2.32118 2.92067 1.32965
1.26 -2.35035 2.91294 1.31995
1.27 -2.37944 2.90539 1.31041
1.28 -2.40846 2.89803 1.30102
1.29 -2.4374 2.89083 1.29177
1.3 -2.46628 2.88381 1.28267
1.31 -2.49508 2.87695 1.27372
1.32 -2.52382 2.87025 1.26491
1.33 -2.55249 2.8637 1.25623
1.34 -2.58109 2.85731 1.2477
1.35 -2.60963 2.85106 1.2393
1.36 -2.63811 2.84496 1.23103
1.37 -2.66653 2.83899 1.22289
1.38 -2.69489 2.83317 1.21488
1.39 -2.7232 2.82747 1.20699
1.4 -2.75144 2.82191 1.19923
1.41 -2.77964 2.81648 1.19159
1.42 -2.80777 2.81116 1.18408
1.43 -2.83586 2.80597 1.17668
1.44 -2.86389 2.80089 1.16939
1.45 -2.89188 2.79593 1.16222
1.46 -2.91981 2.79108 1.15517
1.47 -2.9477 2.78634 1.14822
1.48 -2.97554 2.7817 1.14138
1.49 -3.00333 2.77717 1.13465
1.5 -3.03108 2.77274 1.12803
1.51 -3.05879 2.76841 1.12151
1.52 -3.08645 2.76417 1.11509
1.53 -3.11407 2.76003 1.10877
1.54 -3.14165 2.75598 1.10255
1.55 -3.16919 2.75202 1.09643
1.56 -3.19669 2.74814 1.0904
1.57 -3.22416 2.74435 1.08447
1.58 -3.25158 2.74064 1.07863
1.59 -3.27897 2.73701 1.07288
1.6 -3.30632 2.73347 1.06723
1.61 -3.33364 2.73 1.06166
1.62 -3.36092 2.7266 1.05617
1.63 -3.38817 2.72328 1.05077
1.64 -3.41539 2.72003 1.04546
1.65 -3.44257 2.71685 1.04023
1.66 -3.46972 2.71374 1.03508
1.67 -3.49685 2.71069 1.03001
1.68 -3.52394 2.70771 1.02502
1.69 -3.551 2.70479 1.0201
1.7 -3.57803 2.70194 1.01526
1.71 -3.60504 2.69915 1.0105
1.72 -3.63202 2.69641 1.00581
1.73 -3.65897 2.69374 1.00119
1.74 -3.68589 2.69112 0.996648
1.75 -3.71279 2.68855 0.992173
1.76 -3.73966 2.68604 0.987766
1.77 -3.76651 2.68358 0.983428
1.78 -3.79334 2.68117 0.979156
1.79 -3.82014 2.67882 0.97495
1.8 -3.84691 2.67651 0.970808
1.81 -3.87367 2.67425 0.96673
1.82 -3.9004 2.67204 0.962714
1.83 -3.92711 2.66987 0.95876
1.84 -3.95379 2.66775 0.954866
1.85 -3.98046 2.66567 0.951032
1.86 -4.00711 2.66364 0.947256
1.87 -4.03373 2.66164 0.943538
1.88 -4.06034 2.65969 0.939876
1.89 -4.08693 2.65778 0.93627
1.9 -4.1135 2.6559 0.932719
1.91 -4.14005 2.65407 0.929222
1.92 -4.16658 2.65227 0.925777
1.93 -4.19309 2.65051 0.922384
1.94 -4.21959 2.64878 0.919043
1.95 -4.24607 2.64709 0.915752
1.96 -4.27253 2.64543 0.912511
1.97 -4.29898 2.6438 0.909318
1.98 -4.32541 2.64221 0.906173
1.99 -4.35182 2.64065 0.903075
2 -4.37822 2.63912 0.900024
2.01 -4.4046 2.63762 0.897018
2.02 -4.43097 2.63615 0.894057
2.03 -4.45733 2.63471 0.89114
2.04 -4.48367 2.6333 0.888266
2.05 -4.50999 2.63192 0.885435
2.06 -4.53631 2.63056 0.882646
2.07 -4.5626 2.62923 0.879898
2.08 -4.58889 2.62792 0.877191
2.09 -4.61516 2.62664 0.874523
2.1 -4.64142 2.62539 0.871895
2.11 -4.66767 2.62416 0.869305
2.12 -4.69391 2.62295 0.866753
2.13 -4.72013 2.62177 0.864238
2.14 -4.74634 2.62061 0.86176
2.15 -4.77254 2.61947 0.859318
2.16 -4.79873 2.61835 0.856912
2.17 -4.82491 2.61726 0.85454
2.18 -4.85108 2.61618 0.852203
2.19 -4.87723 2.61513 0.849899
2.2 -4.90338 2.61409 0.847628
2.21 -4.92951 2.61308 0.845391
2.22 -4.95564 2.61208 0.843185
2.23 -4.98176 2.61111 0.841011
2.24 -5.00786 2.61015 0.838867
2.25 -5.03396 2.60921 0.836755
2.26 -5.06005 2.60828 0.834672
2.27 -5.08613 2.60738 0.832619
2.28 -5.11219 2.60649 0.830595
2.29 -5.13826 2.60561 0.828599
2.3 -5.16431 2.60476 0.826631
2.31 -5.19035 2.60391 0.824691
2.32 -5.21639 2.60309 0.822779
2.33 -5.24241 2.60228 0.820893
2.34 -5.26843 2.60148 0.819033
2.35 -5.29444 2.6007 0.817199
2.36 -5.32044 2.59993 0.81539
2.37 -5.34644 2.59918 0.813607
2.38 -5.37243 2.59844 0.811848
2.39 -5.39841 2.59771 0.810113
2.4 -5.42438 2.59699 0.808402
2.41 -5.45035 2.59629 0.806714
2.42 -5.47631 2.5956 0.80505
2.43 -5.50226 2.59493 0.803408
2.44 -5.52821 2.59426 0.801788
2.45 -5.55415 2.59361 0.80019
2.46 -5.58008 2.59296 0.798614
2.47 -5.60601 2.59233 0.797059
2.48 -5.63193 2.59171 0.795525
2.49 -5.65784 2.59111 0.794011
2.5 -5.68375 2.59051 0.792518
2.51 -5.70965 2.58992 0.791044
2.52 -5.73555 2.58934 0.78959
2.53 -5.76144 2.58877 0.788155
2.54 -5.78732 2.58821 0.78674
2.55 -5.8132 2.58766 0.785342
2.56 -5.83908 2.58712 0.783963
2.57 -5.86494 2.58659 0.782602
2.58 -5.89081 2.58607 0.781259
2.59 -5.91667 2.58556 0.779933
2.6 -5.94252 2.58505 0.778624
2.61 -5.96837 2.58456 0.777332
2.62 -5.99421 2.58407 0.776057
2.63 -6.02005 2.58359 0.774798
2.64 -6.04588 2.58312 0.773556
2.65 -6.07171 2.58266 0.772329
2.66 -6.09753 2.5822 0.771117
2.67 -6.12335 2.58175 0.769921
2.68 -6.14917 2.58131 0.76874
2.69 -6.17498 2.58088 0.767574
2.7 -6.20079 2.58045 0.766422
2.71 -6.22659 2.58003 0.765285
2.72 -6.25239 2.57961 0.764162
2.73 -6.27818 2.57921 0.763053
2.74 -6.30397 2.57881 0.761958
2.75 -6.32976 2.57841 0.760876
2.76 -6.35554 2.57802 0.759807
2.77 -6.38132 2.57764 0.758751
2.78 -6.40709 2.57727 0.757709
2.79 -6.43286 2.5769 0.756679
2.8 -6.45863 2.57653 0.755661
2.81 -6.48439 2.57617 0.754656
2.82 -6.51015 2.57582 0.753662
2.83 -6.53591 2.57547 0.752681
2.84 -6.56166 2.57513 0.751711
2.85 -6.58741 2.5748 0.750753
2.86 -6.61316 2.57446 0.749807
2.87 -6.6389 2.57414 0.748871
2.88 -6.66464 2.57382 0.747946
2.89 -6.69038 2.5735 0.747032
2.9 -6.71611 2.57319 0.746129
2.91 -6.74184 2.57288 0.745237
2.92 -6.76757 2.57258 0.744354
2.93 -6.79329 2.57228 0.743482
2.94 -6.81902 2.57199 0.74262
2.95 -6.84473 2.5717 0.741768
2.96 -6.87045 2.57141 0.740925
2.97 -6.89616 2.57113 0.740092
2.98 -6.92187 2.57085 0.739269
2.99 -6.94758 2.57058 0.738454
3 -6.97328 2.57031 0.737649
3.01 -6.99899 2.57005 0.736853
3.02 -7.02469 2.56979 0.736066
3.03 -7.05038 2.56953 0.735287
3.04 -7.07608 2.56927 0.734517
3.05 -7.10177 2.56902 0.733756
3.06 -7.12746 2.56878 0.733003
3.07 -7.15314 2.56853 0.732258
3.08 -7.17883 2.56829 0.731521
3.09 -7.20451 2.56806 0.730792
3.1 -7.23019 2.56783 0.730071
3.11 -7.25587 2.5676 0.729358
3.12 -7.28154 2.56737 0.728652
3.13 -7.30721 2.56715 0.727954
3.14 -7.33288 2.56693 0.727263
3.15 -7.35855 2.56671 0.72658
3.16 -7.38422 2.56649 0.725903
3.17 -7.40988 2.56628 0.725234
3.18 -7.43554 2.56607 0.724572
3.19 -7.4612 2.56587 0.723916
3.2 -7.48686 2.56566 0.723268
3.21 -7.51252 2.56546 0.722626
3.22 -7.53817 2.56527 0.72199
3.23 -7.56382 2.56507 0.721361
3.24 -7.58947 2.56488 0.720739
3.25 -7.61512 2.56469 0.720122
3.26 -7.64076 2.5645 0.719512
3.27 -7.66641 2.56432 0.718908
3.28 -7.69205 2.56413 0.71831
3.29 -7.71769 2.56395 0.717718
3.3 -7.74333 2.56378 0.717132
3.31 -7.76897 2.5636 0.716551
3.32 -7.7946 2.56343 0.715977
3.33 -7.82024 2.56326 0.715407
3.34 -7.84587 2.56309 0.714844
3.35 -7.8715 2.56292 0.714285
3.36 -7.89713 2.56276 0.713732
3.37 -7.92275 2.56259 0.713185
3.38 -7.94838 2.56243 0.712642
3.39 -7.974 2.56227 0.712105
3.4 -7.99962 2.56212 0.711573
3.41 -8.02524 2.56196 0.711045
3.42 -8.05086 2.56181 0.710523
3.43 -8.07648 2.56166 0.710005
3.44 -8.1021 2.56151 0.709492
3.45 -8.12771 2.56136 0.708984
3.46 -8.15332 2.56121 0.708481
3.47 -8.17893 2.56107 0.707982
3.48 -8.20454 2.56093 0.707487
3.49 -8.23015 2.56079 0.706997
3.5 -8.25576 2.56065 0.706512
3.51 -8.28137 2.56051 0.706031
3.52 -8.30697 2.56038 0.705554
3.53 -8.33257 2.56024 0.705081
3.54 -8.35817 2.56011 0.704612
3.55 -8.38378 2.55998 0.704147
3.56 -8.40937 2.55985 0.703687
3.57 -8.43497 2.55972 0.70323
3.58 -8.46057 2.55959 0.702777
3.59 -8.48616 2.55947 0.702329
3.6 -8.51176 2.55934 0.701883
3.61 -8.53735 2.55922 0.701442
3.62 -8.56294 2.5591 0.701004
3.63 -8.58853 2.55898 0.70057
3.64 -8.61412 2.55886 0.70014
3.65 -8.63971 2.55875 0.699713
3.66 -8.6653 2.55863 0.69929
3.67 -8.69088 2.55852 0.69887
3.68 -8.71647 2.5584 0.698453
3.69 -8.74205 2.55829 0.69804
3.7 -8.76763 2.55818 0.69763
3.71 -8.79321 2.55807 0.697224
3.72 -8.81879 2.55796 0.69682
3.73 -8.84437 2.55785 0.69642
3.74 -8.86995 2.55775 0.696023
3.75 -8.89553 2.55764 0.695629
3.76 -8.9211 2.55754 0.695238
3.77 -8.94668 2.55743 0.69485
3.78 -8.97225 2.55733 0.694465
3.79 -8.99783 2.55723 0.694083
3.8 -9.0234 2.55713 0.693704
3.81 -9.04897 2.55703 0.693327
3.82 -9.07454 2.55694 0.692954
3.83 -9.10011 2.55684 0.692583
3.84 -9.12568 2.55674 0.692215
3.85 -9.15124 2.55665 0.691849
3.86 -9.17681 2.55655 0.691487
3.87 -9.20237 2.55646 0.691126
3.88 -9.22794 2.55637 0.690769
3.89 -9.2535 2.55628 0.690414
3.9 -9.27906 2.55619 0.690061
3.91 -9.30462 2.5561 0.689711
3.92 -9.33019 2.55601 0.689364
3.93 -9.35574 2.55592 0.689018
3.94 -9.3813 2.55583 0.688675
3.95 -9.40686 2.55575 0.688335
3.96 -9.43242 2.55566 0.687997
3.97 -9.45797 2.55558 0.687661
3.98 -9.48353 2.55549 0.687327
3.99 -9.50908 2.55541 0.686996
4 -9.53464 2.55533 0.686666
4.01 -9.56019 2.55524 0.686339
4.02 -9.58574 2.55516 0.686014
4.03 -9.61129 2.55508 0.685691
4.04 -9.63684 2.555 0.68537
4.05 -9.66239 2.55492 0.685051
4.06 -9.68794 2.55485 0.684735
4.07 -9.71349 2.55477 0.68442
4.08 -9.73904 2.55469 0.684107
4.09 -9.76459 2.55462 0.683796
4.1 -9.79013 2.55454 0.683487
4.11 -9.81568 2.55447 0.68318
4.12 -9.84122 2.55439 0.682875
4.13 -9.86676 2.55432 0.682571
4.14 -9.89231 2.55425 0.682269
4.15 -9.91785 2.55417 0.68197
4.16 -9.94339 2.5541 0.681671
4.17 -9.96893 2.55403 0.681375
4.18 -9.99447 2.55396 0.68108
4.19 -10.02 2.55389 0.680787
4.2 -10.0455 2.55382 0.680496
4.21 -10.0711 2.55375 0.680206
4.22 -10.0966 2.55368 0.679918
4.23 -10.1222 2.55361 0.679632
4.24 -10.1477 2.55355 0.679347
4.25 -10.1732 2.55348 0.679063
4.26 -10.1988 2.55341 0.678781
4.27 -10.2243 2.55335 0.678501
4.28 -10.2498 2.55328 0.678222
4.29 -10.2754 2.55322 0.677945
4.3 -10.3009 2.55315 0.677669
4.31 -10.3264 2.55309 0.677394
4.32 -10.352 2.55303 0.677121
4.33 -10.3775 2.55296 0.676849
4.34 -10.403 2.5529 0.676579
4.35 -10.4285 2.55284 0.67631
4.36 -10.4541 2.55278 0.676042
4.37 -10.4796 2.55272 0.675776
4.38 -10.5051 2.55266 0.675511
4.39 -10.5307 2.5526 0.675247
4.4 -10.5562 2.55254 0.674984
4.41 -10.5817 2.55248 0.674723
4.42 -10.6072 2.55242 0.674463
4.43 -10.6328 2.55236 0.674204
4.44 -10.6583 2.5523 0.673946
4.45 -10.6838 2.55224 0.67369
4.46 -10.7093 2.55219 0.673434
4.47 -10.7348 2.55213 0.67318
4.48 -10.7604 2.55207 0.672927
4.49 -10.7859 2.55202 0.672675
4.5 -10.8114 2.55196 0.672424
4.51 -10.8369 2.55191 0.672174
4.52 -10.8624 2.55185 0.671925
4.53 -10.888 2.5518 0.671678
4.54 -10.9135 2.55174 0.671431
4.55 -10.939 2.55169 0.671185
4.56 -10.9645 2.55163 0.67094
4.57 -10.99 2.55158 0.670697
4.58 -11.0155 2.55153 0.670454
4.59 -11.0411 2.55148 0.670212
4.6 -11.0666 2.55142 0.669971
4.61 -11.0921 2.55137 0.669732
4.62 -11.1176 2.55132 0.669493
4.63 -11.1431 2.55127 0.669255
4.64 -11.1686 2.55122 0.669017
4.65 -11.1941 2.55117 0.668781
4.66 -11.2197 2.55112 0.668546
4.67 -11.2452 2.55106 0.668311
4.68 -11.2707 2.55101 0.668077
4.69 -11.2962 2.55097 0.667844
4.7 -11.3217 2.55092 0.667612
4.71 -11.3472 2.55087 0.667381
4.72 -11.3727 2.55082 0.667151
4.73 -11.3982 2.55077 0.666921
4.74 -11.4237 2.55072 0.666692
4.75 -11.4492 2.55067 0.666464
4.76 -11.4747 2.55062 0.666236
4.77 -11.5002 2.55058 0.66601
4.78 -11.5257 2.55053 0.665784
4.79 -11.5513 2.55048 0.665558
4.8 -11.5768 2.55044 0.665334
4.81 -11.6023 2.55039 0.66511
4.82 -11.6278 2.55034 0.664887
4.83 -11.6533 2.5503 0.664664
4.84 -11.6788 2.55025 0.664443
4.85 -11.7043 2.55021 0.664221
4.86 -11.7298 2.55016 0.664001
4.87 -11.7553 2.55011 0.663781
4.88 -11.7808 2.55007 0.663562
4.89 -11.8063 2.55002 0.663343
4.9 -11.8318 2.54998 0.663125
4.91 -11.8573 2.54994 0.662907
4.92 -11.8828 2.54989 0.66269
4.93 -11.9083 2.54985 0.662474
4.94 -11.9338 2.5498 0.662258
4.95 -11.9593 2.54976 0.662043
4.96 -11.9848 2.54972 0.661829
4.97 -12.0103 2.54967 0.661614
4.98 -12.0358 2.54963 0.661401
4.99 -12.0613 2.54959 0.661188
5 -12.0868 2.54955 0.660975
5.01 -12.1123 2.5495 0.660763
5.02 -12.1377 2.54946 0.660552
5.03 -12.1632 2.54942 0.660341
5.04 -12.1887 2.54938 0.66013
5.05 -12.2142 2.54934 0.65992
5.06 -12.2397 2.54929 0.65971
5.07 -12.2652 2.54925 0.659501
5.08 -12.2907 2.54921 0.659292
5.09 -12.3162 2.54917 0.659084
5.1 -12.3417 2.54913 0.658876
5.11 -12.3672 2.54909 0.658669
5.12 -12.3927 2.54905 0.658462
5.13 -12.4182 2.54901 0.658255
5.14 -12.4437 2.54897 0.658049
5.15 -12.4691 2.54893 0.657843
5.16 -12.4946 2.54889 0.657638
5.17 -12.5201 2.54885 0.657433
5.18 -12.5456 2.54881 0.657228
5.19 -12.5711 2.54877 0.657024
5.2 -12.5966 2.54873 0.65682
5.21 -12.6221 2.54869 0.656617
5.22 -12.6476 2.54865 0.656413
5.23 -12.673 2.54861 0.656211
5.24 -12.6985 2.54858 0.656008
5.25 -12.724 2.54854 0.655806
5.26 -12.7495 2.5485 0.655604
5.27 -12.775 2.54846 0.655403
5.28 -12.8005 2.54842 0.655201
5.29 -12.826 2.54838 0.655001
5.3 -12.8514 2.54835 0.6548
5.31 -12.8769 2.54831 0.6546
5.32 -12.9024 2.54827 0.6544
5.33 -12.9279 2.54823 0.6542
5.34 -12.9534 2.5482 0.654
5.35 -12.9788 2.54816 0.653801
5.36 -13.0043 2.54812 0.653602
5.37 -13.0298 2.54808 0.653404
5.38 -13.0553 2.54805 0.653205
5.39 -13.0808 2.54801 0.653007
5.4 -13.1063 2.54797 0.652809
5.41 -13.1317 2.54794 0.652612
5.42 -13.1572 2.5479 0.652414
5.43 -13.1827 2.54786 0.652217
5.44 -13.2082 2.54783 0.65202
5.45 -13.2336 2.54779 0.651823
5.46 -13.2591 2.54776 0.651627
5.47 -13.2846 2.54772 0.651431
5.48 -13.3101 2.54768 0.651235
5.49 -13.3356 2.54765 0.651039
5.5 -13.361 2.54761 0.650843
5.51 -13.3865 2.54758 0.650648
5.52 -13.412 2.54754 0.650452
5.53 -13.4375 2.54751 0.650257
5.54 -13.4629 2.54747 0.650062
5.55 -13.4884 2.54744 0.649867
5.56 -13.5139 2.5474 0.649673
5.57 -13.5394 2.54737 0.649478
5.58 -13.5648 2.54733 0.649284
5.59 -13.5903 2.5473 0.64909
5.6 -13.6158 2.54726 0.648896
5.61 -13.6412 2.54723 0.648702
5.62 -13.6667 2.54719 0.648509
5.63 -13.6922 2.54716 0.648315
5.64 -13.7177 2.54712 0.648122
5.65 -13.7431 2.54709 0.647929
5.66 -13.7686 2.54706 0.647735
5.67 -13.7941 2.54702 0.647543
5.68 -13.8195 2.54699 0.64735
5.69 -13.845 2.54695 0.647157
5.7 -13.8705 2.54692 0.646964
5.71 -13.896 2.54689 0.646772
5.72 -13.9214 2.54685 0.646579
5.73 -13.9469 2.54682 0.646387
5.74 -13.9724 2.54679 0.646195
5.75 -13.9978 2.54675 0.646003
5.76 -14.0233 2.54672 0.645811
5.77 -14.0488 2.54669 0.645619
5.78 -14.0742 2.54665 0.645427
5.79 -14.0997 2.54662 0.645235
5.8 -14.1252 2.54659 0.645044
5.81 -14.1506 2.54655 0.644852
5.82 -14.1761 2.54652 0.644661
5.83 -14.2016 2.54649 0.644469
5.84 -14.227 2.54646 0.644278
5.85 -14.2525 2.54642 0.644087
5.86 -14.2779 2.54639 0.643896
5.87 -14.3034 2.54636 0.643704
5.88 -14.3289 2.54632 0.643513
5.89 -14.3543 2.54629 0.643322
5.9 -14.3798 2.54626 0.643131
5.91 -14.4053 2.54623 0.64294
5.92 -14.4307 2.5462 0.642749
5.93 -14.4562 2.54616 0.642559
5.94 -14.4816 2.54613 0.642368
5.95 -14.5071 2.5461 0.642177
5.96 -14.5326 2.54607 0.641986
5.97 -14.558 2.54603 0.641796
5.98 -14.5835 2.546 0.641605
5.99 -14.609 2.54597 0.641414
6 -14.6344 2.54594 0.641224
6.01 -14.6599 2.54591 0.641033
6.02 -14.6853 2.54588 0.640842
6.03 -14.7108 2.54584 0.640652
6.04 -14.7362 2.54581 0.640461
6.05 -14.7617 2.54578 0.640271
6.06 -14.7872 2.54575 0.64008
6.07 -14.8126 2.54572 0.63989
6.08 -14.8381 2.54569 0.639699
6.09 -14.8635 2.54566 0.639509
6.1 -14.889 2.54562 0.639318
6.11 -14.9144 2.54559 0.639128
6.12 -14.9399 2.54556 0.638937
6.13 -14.9654 2.54553 0.638747
6.14 -14.9908 2.5455 0.638556
6.15 -15.0163 2.54547 0.638366
6.16 -15.0417 2.54544 0.638175
6.17 -15.0672 2.54541 0.637985
6.18 -15.0926 2.54538 0.637794
6.19 -15.1181 2.54535 0.637603
6.2 -15.1435 2.54531 0.637413
6.21 -15.169 2.54528 0.637222
6.22 -15.1944 2.54525 0.637032
6.23 -15.2199 2.54522 0.636841
6.24 -15.2453 2.54519 0.63665
6.25 -15.2708 2.54516 0.63646
6.26 -15.2962 2.54513 0.636269
6.27 -15.3217 2.5451 0.636078
6.28 -15.3472 2.54507 0.635887
6.29 -15.3726 2.54504 0.635696
6.3 -15.3981 2.54501 0.635505
6.31 -15.4235 2.54498 0.635315
6.32 -15.449 2.54495 0.635124
6.33 -15.4744 2.54492 0.634933
6.34 -15.4999 2.54489 0.634741
6.35 -15.5253 2.54486 0.63455
6.36 -15.5507 2.54483 0.634359
6.37 -15.5762 2.5448 0.634168
6.38 -15.6016 2.54477 0.633977
6.39 -15.6271 2.54474 0.633785
6.4 -15.6525 2.54471 0.633594
6.41 -15.678 2.54468 0.633403
6.42 -15.7034 2.54465 0.633211
6.43 -15.7289 2.54462 0.63302
6.44 -15.7543 2.54459 0.632828
6.45 -15.7798 2.54456 0.632637
6.46 -15.8052 2.54453 0.632445
6.47 -15.8307 2.5445 0.632253
6.48 -15.8561 2.54447 0.632061
6.49 -15.8815 2.54444 0.631869
6.5 -15.907 2.54441 0.631677
6.51 -15.9324 2.54438 0.631485
6.52 -15.9579 2.54435 0.631293
6.53 -15.9833 2.54432 0.631101
6.54 -16.0088 2.54429 0.630909
6.55 -16.0342 2.54426 0.630717
6.56 -16.0597 2.54423 0.630524
6.57 -16.0851 2.54421 0.630332
6.58 -16.1105 2.54418 0.630139
6.59 -16.136 2.54415 0.629946
6.6 -16.1614 2.54412 0.629754
6.61 -16.1869 2.54409 0.629561
6.62 -16.2123 2.54406 0.629368
6.63 -16.2377 2.54403 0.629175
6.64 -16.2632 2.544 0.628982
6.65 -16.2886 2.54397 0.628789
6.66 -16.3141 2.54394 0.628596
6.67 -16.3395 2.54391 0.628403
6.68 -16.3649 2.54388 0.628209
6.69 -16.3904 2.54386 0.628016
6.7 -16.4158 2.54383 0.627822
6.71 -16.4413 2.5438 0.627629
6.72 -16.4667 2.54377 0.627435
6.73 -16.4921 2.54374 0.627241
6.74 -16.5176 2.54371 0.627047
6.75 -16.543 2.54368 0.626853
6.76 -16.5684 2.54365 0.626659
6.77 -16.5939 2.54363 0.626465
6.78 -16.6193 2.5436 0.62627
6.79 -16.6448 2.54357 0.626076
6.8 -16.6702 2.54354 0.625882
6.81 -16.6956 2.54351 0.625687
6.82 -16.7211 2.54348 0.625492
6.83 -16.7465 2.54345 0.625297
6.84 -16.7719 2.54343 0.625103
6.85 -16.7974 2.5434 0.624908
6.86 -16.8228 2.54337 0.624712
6.87 -16.8482 2.54334 0.624517
6.88 -16.8737 2.54331 0.624322
6.89 -16.8991 2.54328 0.624126
6.9 -16.9245 2.54325 0.623931
6.91 -16.95 2.54323 0.623735
6.92 -16.9754 2.5432 0.62354
6.93 -17.0008 2.54317 0.623344
6.94 -17.0263 2.54314 0.623148
6.95 -17.0517 2.54311 0.622952
6.96 -17.0771 2.54308 0.622756
6.97 -17.1025 2.54306 0.622559
6.98 -17.128 2.54303 0.622363
6.99 -17.1534 2.543 0.622166
7 -17.1788 2.54297 0.62197
7.01 -17.2043 2.54294 0.621773
7.02 -17.2297 2.54292 0.621576
7.03 -17.2551 2.54289 0.621379
7.04 -17.2806 2.54286 0.621182
7.05 -17.306 2.54283 0.620985
7.06 -17.3314 2.5428 0.620787
7.07 -17.3568 2.54278 0.62059
7.08 -17.3823 2.54275 0.620392
7.09 -17.4077 2.54272 0.620195
7.1 -17.4331 2.54269 0.619997
7.11 -17.4585 2.54266 0.619799
7.12 -17.484 2.54264 0.619601
7.13 -17.5094 2.54261 0.619403
7.14 -17.5348 2.54258 0.619205
7.15 -17.5603 2.54255 0.619006
7.16 -17.5857 2.54253 0.618808
7.17 -17.6111 2.5425 0.618609
7.18 -17.6365 2.54247 0.61841
7.19 -17.662 2.54244 0.618211
7.2 -17.6874 2.54242 0.618012
7.21 -17.7128 2.54239 0.617813
7.22 -17.7382 2.54236 0.617614
7.23 -17.7636 2.54233 0.617415
7.24 -17.7891 2.5423 0.617215
7.25 -17.8145 2.54228 0.617015
7.26 -17.8399 2.54225 0.616816
7.27 -17.8653 2.54222 0.616616
7.28 -17.8908 2.54219 0.616416
7.29 -17.9162 2.54217 0.616216
7.3 -17.9416 2.54214 0.616015
7.31 -17.967 2.54211 0.615815
7.32 -17.9924 2.54208 0.615614
7.33 -18.0179 2.54206 0.615414
7.34 -18.0433 2.54203 0.615213
7.35 -18.0687 2.542 0.615012
7.36 -18.0941 2.54198 0.614811
7.37 -18.1195 2.54195 0.61461
7.38 -18.145 2.54192 0.614409
7.39 -18.1704 2.54189 0.614207
7.4 -18.1958 2.54187 0.614006
7.41 -18.2212 2.54184 0.613804
7.42 -18.2466 2.54181 0.613602
7.43 -18.2721 2.54178 0.6134
7.44 -18.2975 2.54176 0.613198
7.45 -18.3229 2.54173 0.612996
7.46 -18.3483 2.5417 0.612794
7.47 -18.3737 2.54168 0.612591
7.48 -18.3991 2.54165 0.612389
7.49 -18.4246 2.54162 0.612186
7.5 -18.45 2.54159 0.611983
7.51 -18.4754 2.54157 0.61178
7.52 -18.5008 2.54154 0.611577
7.53 -18.5262 2.54151 0.611374
7.54 -18.5516 2.54149 0.61117
7.55 -18.5771 2.54146 0.610967
7.56 -18.6025 2.54143 0.610763
7.57 -18.6279 2.54141 0.610559
7.58 -18.6533 2.54138 0.610355
7.59 -18.6787 2.54135 0.610151
7.6 -18.7041 2.54132 0.609947
7.61 -18.7295 2.5413 0.609743
7.62 -18.7549 2.54127 0.609538
7.63 -18.7804 2.54124 0.609333
7.64 -18.8058 2.54122 0.609129
7.65 -18.8312 2.54119 0.608924
7.66 -18.8566 2.54116 0.608719
7.67 -18.882 2.54114 0.608514
7.68 -18.9074 2.54111 0.608308
7.69 -18.9328 2.54108 0.608103
7.7 -18.9582 2.54106 0.607897
7.71 -18.9837 2.54103 0.607692
7.72 -19.0091 2.541 0.607486
7.73 -19.0345 2.54098 0.60728
7.74 -19.0599 2.54095 0.607074
7.75 -19.0853 2.54092 0.606868
7.76 -19.1107 2.5409 0.606661
7.77 -19.1361 2.54087 0.606455
7.78 -19.1615 2.54084 0.606248
7.79 -19.1869 2.54082 0.606041
7.8 -19.2123 2.54079 0.605834
7.81 -19.2377 2.54076 0.605627
7.82 -19.2631 2.54074 0.60542
7.83 -19.2886 2.54071 0.605213
7.84 -19.314 2.54068 0.605005
7.85 -19.3394 2.54066 0.604798
7.86 -19.3648 2.54063 0.60459
7.87 -19.3902 2.54061 0.604382
7.88 -19.4156 2.54058 0.604174
7.89 -19.441 2.54055 0.603966
7.9 -19.4664 2.54053 0.603758
7.91 -19.4918 2.5405 0.603549
7.92 -19.5172 2.54047 0.603341
7.93 -19.5426 2.54045 0.603132
7.94 -19.568 2.54042 0.602923
7.95 -19.5934 2.54039 0.602714
7.96 -19.6188 2.54037 0.602505
7.97 -19.6442 2.54034 0.602296
7.98 -19.6696 2.54032 0.602086
7.99 -19.695 2.54029 0.601877
8 -19.7204 2.54026 0.601667
8.01 -19.7458 2.54024 0.601457
8.02 -19.7712 2.54021 0.601247
8.03 -19.7966 2.54018 0.601037
8.04 -19.822 2.54016 0.600827
8.05 -19.8474 2.54013 0.600617
8.06 -19.8729 2.54011 0.600406
8.07 -19.8983 2.54008 0.600196
8.08 -19.9237 2.54005 0.599985
8.09 -19.9491 2.54003 0.599774
8.1 -19.9745 2.54 0.599563
8.11 -19.9999 2.53998 0.599352
8.12 -20.0253 2.53995 0.599141
8.13 -20.0507 2.53992 0.598929
8.14 -20.0761 2.5399 0.598718
8.15 -20.1014 2.53987 0.598506
8.16 -20.1268 2.53985 0.598294
8.17 -20.1522 2.53982 0.598082
8.18 -20.1776 2.53979 0.59787
8.19 -20.203 2.53977 0.597658
8.2 -20.2284 2.53974 0.597445
8.21 -20.2538 2.53972 0.597233
8.22 -20.2792 2.53969 0.59702
8.23 -20.3046 2.53966 0.596807
8.24 -20.33 2.53964 0.596594
8.25 -20.3554 2.53961 0.596381
8.26 -20.3808 2.53959 0.596168
8.27 -20.4062 2.53956 0.595955
8.28 -20.4316 2.53954 0.595741
8.29 -20.457 2.53951 0.595528
8.3 -20.4824 2.53948 0.595314
8.31 -20.5078 2.53946 0.5951
8.32 -20.5332 2.53943 0.594886
8.33 -20.5586 2.53941 0.594672
8.34 -20.584 2.53938 0.594458
8.35 -20.6094 2.53936 0.594243
8.36 -20.6348 2.53933 0.594029
8.37 -20.6602 2.5393 0.593814
8.38 -20.6856 2.53928 0.593599
8.39 -20.7109 2.53925 0.593384
8.4 -20.7363 2.53923 0.593169
8.41 -20.7617 2.5392 0.592954
8.42 -20.7871 2.53918 0.592739
8.43 -20.8125 2.53915 0.592523
8.44 -20.8379 2.53912 0.592307
8.45 -20.8633 2.5391 0.592092
8.46 -20.8887 2.53907 0.591876
8.47 -20.9141 2.53905 0.59166
8.48 -20.9395 2.53902 0.591444
8.49 -20.9649 2.539 0.591227
8.5 -20.9902 2.53897 0.591011
8.51 -21.0156 2.53895 0.590794
8.52 -21.041 2.53892 0.590578
8.53 -21.0664 2.5389 0.590361
8.54 -21.0918 2.53887 0.590144
8.55 -21.1172 2.53884 0.589927
8.56 -21.1426 2.53882 0.58971
8.57 -21.168 2.53879 0.589492
8.58 -21.1934 2.53877 0.589275
8.59 -21.2187 2.53874 0.589057
8.6 -21.2441 2.53872 0.58884
8.61 -21.2695 2.53869 0.588622
8.62 -21.2949 2.53867 0.588404
8.63 -21.3203 2.53864 0.588186
8.64 -21.3457 2.53862 0.587967
8.65 -21.3711 2.53859 0.587749
8.66 -21.3964 2.53857 0.58753
8.67 -21.4218 2.53854 0.587312
8.68 -21.4472 2.53852 0.587093
8.69 -21.4726 2.53849 0.586874
8.7 -21.498 2.53846 0.586655
8.71 -21.5234 2.53844 0.586436
8.72 -21.5488 2.53841 0.586217
8.73 -21.5741 2.53839 0.585997
8.74 -21.5995 2.53836 0.585778
8.75 -21.6249 2.53834 0.585558
8.76 -21.6503 2.53831 0.585338
8.77 -21.6757 2.53829 0.585118
8.78 -21.7011 2.53826 0.584898
8.79 -21.7264 2.53824 0.584678
8.8 -21.7518 2.53821 0.584458
8.81 -21.7772 2.53819 0.584237
8.82 -21.8026 2.53816 0.584017
8.83 -21.828 2.53814 0.583796
8.84 -21.8534 2.53811 0.583575
8.85 -21.8787 2.53809 0.583354
8.86 -21.9041 2.53806 0.583133
8.87 -21.9295 2.53804 0.582912
8.88 -21.9549 2.53801 0.582691
8.89 -21.9803 2.53799 0.582469
8.9 -22.0056 2.53796 0.582248
8.91 -22.031 2.53794 0.582026
8.92 -22.0564 2.53791 0.581804
8.93 -22.0818 2.53789 0.581582
8.94 -22.1071 2.53786 0.58136
8.95 -22.1325 2.53784 0.581138
8.96 -22.1579 2.53781 0.580916
8.97 -22.1833 2.53779 0.580693
8.98 -22.2087 2.53777 0.580471
8.99 -22.234 2.53774 0.580248
9 -22.2594 2.53772 0.580025
9.01 -22.2848 2.53769 0.579802
9.02 -22.3102 2.53767 0.579579
9.03 -22.3355 2.53764 0.579356
9.04 -22.3609 2.53762 0.579133
9.05 -22.3863 2.53759 0.578909
9.06 -22.4117 2.53757 0.578686
9.07 -22.4371 2.53754 0.578462
9.08 -22.4624 2.53752 0.578238
9.09 -22.4878 2.53749 0.578014
9.1 -22.5132 2.53747 0.57779
9.11 -22.5386 2.53744 0.577566
9.12 -22.5639 2.53742 0.577342
9.13 -22.5893 2.5374 0.577117
9.14 -22.6147 2.53737 0.576893
9.15 -22.64 2.53735 0.576668
9.16 -22.6654 2.53732 0.576443
9.17 -22.6908 2.5373 0.576219
9.18 -22.7162 2.53727 0.575994
9.19 -22.7415 2.53725 0.575768
9.2 -22.7669 2.53722 0.575543
9.21 -22.7923 2.5372 0.575318
9.22 -22.8177 2.53717 0.575092
9.23 -22.843 2.53715 0.574867
9.24 -22.8684 2.53713 0.574641
9.25 -22.8938 2.5371 0.574415
9.26 -22.9191 2.53708 0.574189
9.27 -22.9445 2.53705 0.573963
9.28 -22.9699 2.53703 0.573737
9.29 -22.9953 2.537 0.573511
9.3 -23.0206 2.53698 0.573284
9.31 -23.046 2.53695 0.573058
9.32 -23.0714 2.53693 0.572831
9.33 -23.0967 2.53691 0.572604
9.34 -23.1221 2.53688 0.572378
9.35 -23.1475 2.53686 0.572151
9.36 -23.1728 2.53683 0.571924
9.37 -23.1982 2.53681 0.571696
9.38 -23.2236 2.53678 0.571469
9.39 -23.2489 2.53676 0.571242
9.4 -23.2743 2.53674 0.571014
9.41 -23.2997 2.53671 0.570786
9.42 -23.325 2.53669 0.570559
9.43 -23.3504 2.53666 0.570331
9.44 -23.3758 2.53664 0.570103
9.45 -23.4011 2.53662 0.569875
9.46 -23.4265 2.53659 0.569646
9.47 -23.4519 2.53657 0.569418
9.48 -23.4772 2.53654 0.569189
9.49 -23.5026 2.53652 0.568961
9.5 -23.528 2.53649 0.568732
9.51 -23.5533 2.53647 0.568503
9.52 -23.5787 2.53645 0.568275
9.53 -23.6041 2.53642 0.568046
9.54 -23.6294 2.5364 0.567816
9.55 -23.6548 2.53637 0.567587
9.56 -23.6802 2.53635 0.567358
9.57 -23.7055 2.53633 0.567128
9.58 -23.7309 2.5363 0.566899
9.59 -23.7562 2.53628 0.566669
9.6 -23.7816 2.53625 0.566439
9.61 -23.807 2.53623 0.56621
9.62 -23.8323 2.53621 0.56598
9.63 -23.8577 2.53618 0.565749
9.64 -23.8831 2.53616 0.565519
9.65 -23.9084 2.53614 0.565289
9.66 -23.9338 2.53611 0.565058
9.67 -23.9591 2.53609 0.564828
9.68 -23.9845 2.53606 0.564597
9.69 -24.0099 2.53604 0.564367
9.7 -24.0352 2.53602 0.564136
9.71 -24.0606 2.53599 0.563905
9.72 -24.0859 2.53597 0.563674
9.73 -24.1113 2.53594 0.563443
9.74 -24.1367 2.53592 0.563211
9.75 -24.162 2.5359 0.56298
9.76 -24.1874 2.53587 0.562748
9.77 -24.2127 2.53585 0.562517
9.78 -24.2381 2.53583 0.562285
9.79 -24.2635 2.5358 0.562053
9.8 -24.2888 2.53578 0.561821
9.81 -24.3142 2.53575 0.561589
9.82 -24.3395 2.53573 0.561357
9.83 -24.3649 2.53571 0.561125
9.84 -24.3902 2.53568 0.560893
9.85 -24.4156 2.53566 0.56066
9.86 -24.441 2.53564 0.560428
9.87 -24.4663 2.53561 0.560195
9.88 -24.4917 2.53559 0.559963
9.89 -24.517 2.53557 0.55973
9.9 -24.5424 2.53554 0.559497
9.91 -24.5677 2.53552 0.559264
9.92 -24.5931 2.5355 0.559031
9.93 -24.6184 2.53547 0.558798
9.94 -24.6438 2.53545 0.558564
9.95 -24.6691 2.53543 0.558331
9.96 -24.6945 2.5354 0.558097
9.97 -24.7199 2.53538 0.557864
9.98 -24.7452 2.53535 0.55763
9.99 -24.7706 2.53533 0.557396
10 -24.7959 2.53531 0.557162
