0 3.66356 12.2777 3.66356
0.01 3.5422 11.9954 3.66215
0.02 3.42365 11.7154 3.65795
0.03 3.30788 11.4381 3.65102
0.04 3.19487 11.164 3.64143
0.05 3.08459 10.8934 3.62926
0.06 2.97699 10.6267 3.61459
0.07 2.87204 10.3643 3.59754
0.08 2.76969 10.1066 3.57822
0.09 2.66989 9.85374 3.55673
0.1 2.5726 9.60612 3.53321
0.11 2.47775 9.36393 3.50779
0.12 2.3853 9.12739 3.48059
0.13 2.29519 8.89667 3.45175
0.14 2.20735 8.67191 3.42142
0.15 2.12173 8.45324 3.38971
0.16 2.03826 8.24074 3.35678
0.17 1.95689 8.03448 3.32275
0.18 1.87755 7.83448 3.28776
0.19 1.80018 7.64076 3.25193
0.2 1.72472 7.45331 3.21538
0.21 1.65109 7.27209 3.17823
0.22 1.57925 7.09705 3.1406
0.23 1.50913 6.92812 3.1026
0.24 1.44067 6.76522 3.06432
0.25 1.37381 6.60824 3.02587
0.26 1.30849 6.45707 2.98733
0.27 1.24465 6.3116 2.94878
0.28 1.18224 6.17168 2.91031
0.29 1.1212 6.03719 2.87198
0.3 1.06148 5.90797 2.83387
0.31 1.00302 5.78388 2.79602
0.32 0.945781 5.66476 2.7585
0.33 0.889709 5.55045 2.72136
0.34 0.834756 5.4408 2.68463
0.35 0.780878 5.33565 2.64836
0.36 0.728029 5.23484 2.61257
0.37 0.676167 5.13821 2.57731
0.38 0.625251 5.04561 2.54258
0.39 0.575242 4.95688 2.50842
0.4 0.526101 4.87186 2.47485
0.41 0.477793 4.79042 2.44187
0.42 0.430281 4.7124 2.40949
0.43 0.383534 4.63767 2.37773
0.44 0.337518 4.56608 2.34659
0.45 0.292202 4.4975 2.31608
0.46 0.247558 4.4318 2.28619
0.47 0.203557 4.36886 2.25692
0.48 0.160172 4.30854 2.22827
0.49 0.117378 4.25075 2.20025
0.5 0.0751491 4.19536 2.17283
0.51 0.0334629 4.14226 2.14602
0.52 -0.00770339 4.09136 2.1198
0.53 -0.0483712 4.04254 2.09417
0.54 -0.0885608 3.99572 2.06913
0.55 -0.128292 3.9508 2.04465
0.56 -0.167583 3.9077 2.02073
0.57 -0.206452 3.86633 1.99736
0.58 -0.244915 3.82661 1.97452
0.59 -0.282989 3.78846 1.9522
0.6 -0.320689 3.75182 1.9304
0.61 -0.35803 3.71661 1.9091
0.62 -0.395026 3.68276 1.88829
0.63 -0.43169 3.65022 1.86795
0.64 -0.468035 3.61892 1.84808
0.65 -0.504072 3.58881 1.82865
0.66 -0.539814 3.55982 1.80967
0.67 -0.575272 3.53192 1.79111
0.68 -0.610456 3.50504 1.77297
0.69 -0.645376 3.47915 1.75524
0.7 -0.680042 3.4542 1.73789
0.71 -0.714463 3.43014 1.72093
0.72 -0.748648 3.40693 1.70434
0.73 -0.782605 3.38455 1.68812
0.74 -0.816342 3.36294 1.67224
0.75 -0.849866 3.34209 1.6567
0.76 -0.883186 3.32194 1.64149
0.77 -0.916307 3.30248 1.6266
0.78 -0.949238 3.28367 1.61203
0.79 -0.981983 3.26549 1.59776
0.8 -1.01455 3.24791 1.58378
0.81 -1.04694 3.2309 1.57008
0.82 -1.07917 3.21443 1.55667
0.83 -1.11123 3.19849 1.54352
0.84 -1.14314 3.18306 1.53063
0.85 -1.1749 3.16811 1.518
0.86 -1.2065 3.15362 1.50561
0.87 -1.23797 3.13958 1.49346
0.88 -1.2693 3.12596 1.48155
0.89 -1.30049 3.11276 1.46986
0.9 -1.33155 3.09995 1.4584
0.91 -1.36249 3.08751 1.44714
0.92 -1.39331 3.07544 1.4361
0.93 -1.424 3.06372 1.42526
0.94 -1.45458 3.05234 1.41461
0.95 -1.48505 3.04127 1.40416
0.96 -1.51541 3.03052 1.3939
0.97 -1.54566 3.02008 1.38381
0.98 -1.57581 3.00992 1.37391
0.99 -1.60586 3.00003 1.36417
1 -1.63581 2.99042 1.35461
1.01 -1.66567 2.98107 1.34521
1.02 -1.69543 2.97196 1.33597
1.03 -1.72511 2.9631 1.32688
1.04 -1.7547 2.95447 1.31795
1.05 -1.7842 2.94606 1.30917
1.06 -1.81362 2.93788 1.30053
1.07 -1.84296 2.9299 1.29203
1.08 -1.87222 2.92212 1.28368
1.09 -1.9014 2.91454 1.27545
1.1 -1.93051 2.90716 1.26736
1.11 -1.95954 2.89995 1.2594
1.12 -1.98851 2.89293 1.25157
1.13 -2.0174 2.88607 1.24386
1.14 -2.04623 2.87938 1.23627
1.15 -2.07499 2.87286 1.2288
1.16 -2.10369 2.86649 1.22144
1.17 -2.13232 2.86027 1.2142
1.18 -2.16089 2.8542 1.20707
1.19 -2.18941 2.84828 1.20004
1.2 -2.21786 2.84249 1.19313
1.21 -2.24626 2.83684 1.18632
1.22 -2.2746 2.83132 1.17961
1.23 -2.30288 2.82592 1.173
1.24 -2.33112 2.82065 1.16649
1.25 -2.3593 2.8155 1.16008
1.26 -2.38743 2.81046 1.15376
1.27 -2.41551 2.80554 1.14753
1.28 -2.44354 2.80073 1.1414
1.29 -2.47152 2.79603 1.13535
1.3 -2.49946 2.79143 1.1294
1.31 -2.52735 2.78693 1.12353
1.32 -2.5552 2.78253 1.11774
1.33 -2.583 2.77822 1.11204
1.34 -2.61076 2.77401 1.10642
1.35 -2.63848 2.76989 1.10088
1.36 -2.66616 2.76586 1.09542
1.37 -2.6938 2.76192 1.09003
1.38 -2.7214 2.75806 1.08472
1.39 -2.74896 2.75428 1.07949
1.4 -2.77648 2.75059 1.07433
1.41 -2.80397 2.74697 1.06925
1.42 -2.83142 2.74342 1.06423
1.43 -2.85884 2.73995 1.05929
1.44 -2.88622 2.73655 1.05441
1.45 -2.91357 2.73323 1.04961
1.46 -2.94089 2.72997 1.04487
1.47 -2.96817 2.72678 1.04019
1.48 -2.99542 2.72365 1.03558
1.49 -3.02265 2.72059 1.03104
1.5 -3.04984 2.71759 1.02655
1.51 -3.077 2.71466 1.02213
1.52 -3.10413 2.71178 1.01777
1.53 -3.13123 2.70896 1.01347
1.54 -3.15831 2.70619 1.00923
1.55 -3.18536 2.70348 1.00504
1.56 -3.21238 2.70083 1.00092
1.57 -3.23937 2.69823 0.996846
1.58 -3.26634 2.69568 0.992831
1.59 -3.29329 2.69318 0.98887
1.6 -3.32021 2.69073 0.984963
1.61 -3.3471 2.68833 0.981109
1.62 -3.37397 2.68598 0.977306
1.63 -3.40082 2.68367 0.973556
1.64 -3.42765 2.6814 0.969856
1.65 -3.45445 2.67919 0.966205
1.66 -3.48123 2.67701 0.962604
1.67 -3.50799 2.67488 0.959051
1.68 -3.53473 2.67278 0.955546
1.69 -3.56145 2.67073 0.952088
1.7 -3.58814 2.66872 0.948676
1.71 -3.61482 2.66674 0.945309
1.72 -3.64148 2.66481 0.941988
1.73 -3.66812 2.66291 0.938711
1.74 -3.69474 2.66104 0.935477
1.75 -3.72134 2.65921 0.932286
1.76 -3.74792 2.65742 0.929138
1.77 -3.77449 2.65566 0.926032
1.78 -3.80103 2.65393 0.922966
1.79 -3.82757 2.65224 0.919941
1.8 -3.85408 2.65058 0.916956
1.81 -3.88058 2.64894 0.914011
1.82 -3.90706 2.64734 0.911104
1.83 -3.93352 2.64577 0.908235
1.84 -3.95997 2.64423 0.905405
1.85 -3.98641 2.64271 0.902611
1.86 -4.01283 2.64123 0.899854
1.87 -4.03923 2.63977 0.897133
1.88 -4.06562 2.63834 0.894448
1.89 -4.092 2.63693 0.891797
1.9 -4.11836 2.63555 0.889181
1.91 -4.14471 2.63419 0.8866
1.92 -4.17105 2.63286 0.884051
1.93 -4.19737 2.63156 0.881536
1.94 -4.22368 2.63027 0.879054
1.95 -4.24997 2.62901 0.876604
1.96 -4.27626 2.62778 0.874185
1.97 -4.30253 2.62656 0.871798
1.98 -4.32879 2.62537 0.869441
1.99 -4.35504 2.6242 0.867115
2 -4.38127 2.62305 0.864818
2.01 -4.4075 2.62192 0.862552
2.02 -4.43371 2.6208 0.860314
2.03 -4.45991 2.61971 0.858105
2.04 -4.48611 2.61864 0.855924
2.05 -4.51229 2.61759 0.853771
2.06 -4.53846 2.61655 0.851645
2.07 -4.56462 2.61554 0.849547
2.08 -4.59077 2.61454 0.847475
2.09 -4.61691 2.61356 0.845429
2.1 -4.64304 2.61259 0.843409
2.11 -4.66916 2.61165 0.841415
2.12 -4.69527 2.61072 0.839446
2.13 -4.72138 2.6098 0.837502
2.14 -4.74747 2.6089 0.835582
2.15 -4.77355 2.60802 0.833687
2.16 -4.79963 2.60715 0.831815
2.17 -4.8257 2.6063 0.829967
2.18 -4.85176 2.60546 0.828141
2.19 -4.87781 2.60463 0.826339
2.2 -4.90385 2.60382 0.824559
2.21 -4.92988 2.60302 0.822801
2.22 -4.95591 2.60224 0.821065
2.23 -4.98193 2.60147 0.81935
2.24 -5.00794 2.60071 0.817657
2.25 -5.03394 2.59997 0.815985
2.26 -5.05994 2.59923 0.814333
2.27 -5.08593 2.59851 0.812701
2.28 -5.11191 2.59781 0.81109
2.29 -5.13788 2.59711 0.809498
2.3 -5.16385 2.59642 0.807926
2.31 -5.18981 2.59575 0.806373
2.32 -5.21577 2.59509 0.804838
2.33 -5.24171 2.59444 0.803323
2.34 -5.26765 2.59379 0.801826
2.35 -5.29359 2.59316 0.800347
2.36 -5.31952 2.59254 0.798886
2.37 -5.34544 2.59193 0.797442
2.38 -5.37136 2.59133 0.796016
2.39 -5.39727 2.59074 0.794607
2.4 -5.42317 2.59016 0.793215
2.41 -5.44907 2.58959 0.79184
2.42 -5.47496 2.58903 0.79048
2.43 -5.50085 2.58847 0.789138
2.44 -5.52673 2.58793 0.787811
2.45 -5.55261 2.58739 0.7865
2.46 -5.57848 2.58686 0.785204
2.47 -5.60435 2.58634 0.783924
2.48 -5.63021 2.58583 0.782658
2.49 -5.65606 2.58533 0.781408
2.5 -5.68191 2.58483 0.780172
2.51 -5.70776 2.58435 0.778951
2.52 -5.7336 2.58387 0.777744
2.53 -5.75944 2.58339 0.776551
2.54 -5.78527 2.58293 0.775372
2.55 -5.8111 2.58247 0.774206
2.56 -5.83692 2.58202 0.773054
2.57 -5.86274 2.58158 0.771916
2.58 -5.88855 2.58114 0.77079
2.59 -5.91436 2.58071 0.769677
2.6 -5.94016 2.58028 0.768578
2.61 -5.96596 2.57987 0.76749
2.62 -5.99176 2.57946 0.766415
2.63 -6.01755 2.57905 0.765353
2.64 -6.04334 2.57865 0.764302
2.65 -6.06913 2.57826 0.763263
2.66 -6.09491 2.57787 0.762236
2.67 -6.12068 2.57749 0.76122
2.68 -6.14646 2.57712 0.760216
2.69 -6.17223 2.57675 0.759223
2.7 -6.19799 2.57638 0.758242
2.71 -6.22375 2.57602 0.757271
2.72 -6.24951 2.57567 0.756311
2.73 -6.27527 2.57532 0.755361
2.74 -6.30102 2.57498 0.754422
2.75 -6.32677 2.57464 0.753494
2.76 -6.35251 2.57431 0.752575
2.77 -6.37825 2.57398 0.751667
2.78 -6.40399 2.57365 0.750768
2.79 -6.42973 2.57334 0.74988
2.8 -6.45546 2.57302 0.749001
2.81 -6.48119 2.57271 0.748131
2.82 -6.50691 2.57241 0.747271
2.83 -6.53263 2.5721 0.74642
2.84 -6.55835 2.57181 0.745579
2.85 -6.58407 2.57151 0.744746
2.86 -6.60978 2.57123 0.743922
2.87 -6.6355 2.57094 0.743107
2.88 -6.6612 2.57066 0.742301
2.89 -6.68691 2.57038 0.741503
2.9 -6.71261 2.57011 0.740713
2.91 -6.73831 2.56984 0.739932
2.92 -6.76401 2.56958 0.739159
2.93 -6.7897 2.56932 0.738395
2.94 -6.81539 2.56906 0.737638
2.95 -6.84108 2.5688 0.736889
2.96 -6.86677 2.56855 0.736148
2.97 -6.89245 2.56831 0.735414
2.98 -6.91814 2.56806 0.734688
2.99 -6.94382 2.56782 0.733969
3 -6.96949 2.56758 0.733258
3.01 -6.99517 2.56735 0.732554
3.02 -7.02084 2.56712 0.731857
3.03 -7.04651 2.56689 0.731168
3.04 -7.07218 2.56667 0.730485
3.05 -7.09784 2.56644 0.729809
3.06 -7.12351 2.56622 0.72914
3.07 -7.14917 2.56601 0.728477
3.08 -7.17483 2.56579 0.727822
3.09 -7.20048 2.56558 0.727172
3.1 -7.22614 2.56538 0.726529
3.11 -7.25179 2.56517 0.725893
3.12 -7.27744 2.56497 0.725263
3.13 -7.30309 2.56477 0.724638
3.14 -7.32874 2.56457 0.72402
3.15 -7.35438 2.56438 0.723408
3.16 -7.38002 2.56419 0.722802
3.17 -7.40567 2.564 0.722202
3.18 -7.4313 2.56381 0.721608
3.19 -7.45694 2.56362 0.721019
3.2 -7.48258 2.56344 0.720436
3.21 -7.50821 2.56326 0.719858
3.22 -7.53384 2.56308 0.719286
3.23 -7.55947 2.56291 0.718719
3.24 -7.5851 2.56273 0.718158
3.25 -7.61073 2.56256 0.717602
3.26 -7.63635 2.56239 0.717051
3.27 -7.66198 2.56223 0.716505
3.28 -7.6876 2.56206 0.715964
3.29 -7.71322 2.5619 0.715428
3.3 -7.73883 2.56174 0.714898
3.31 -7.76445 2.56158 0.714372
3.32 -7.79007 2.56142 0.713851
3.33 -7.81568 2.56127 0.713334
3.34 -7.84129 2.56111 0.712822
3.35 -7.8669 2.56096 0.712315
3.36 -7.89251 2.56081 0.711813
3.37 -7.91812 2.56066 0.711315
3.38 -7.94372 2.56052 0.710821
3.39 -7.96933 2.56037 0.710332
3.4 -7.99493 2.56023 0.709847
3.41 -8.02053 2.56009 0.709366
3.42 -8.04613 2.55995 0.708889
3.43 -8.07173 2.55981 0.708417
3.44 -8.09733 2.55967 0.707949
3.45 -8.12293 2.55954 0.707485
3.46 -8.14852 2.55941 0.707025
3.47 -8.17411 2.55927 0.706568
3.48 -8.19971 2.55914 0.706116
3.49 -8.2253 2.55902 0.705667
3.5 -8.25089 2.55889 0.705223
3.51 -8.27647 2.55876 0.704782
3.52 -8.30206 2.55864 0.704344
3.53 -8.32765 2.55851 0.703911
3.54 -8.35323 2.55839 0.703481
3.55 -8.37881 2.55827 0.703054
3.56 -8.4044 2.55815 0.702631
3.57 -8.42998 2.55804 0.702212
3.58 -8.45556 2.55792 0.701796
3.59 -8.48114 2.5578 0.701383
3.6 -8.50671 2.55769 0.700973
3.61 -8.53229 2.55758 0.700567
3.62 -8.55787 2.55747 0.700164
3.63 -8.58344 2.55736 0.699765
3.64 -8.60901 2.55725 0.699368
3.65 -8.63458 2.55714 0.698975
3.66 -8.66016 2.55703 0.698584
3.67 -8.68573 2.55693 0.698197
3.68 -8.71129 2.55682 0.697813
3.69 -8.73686 2.55672 0.697431
3.7 -8.76243 2.55662 0.697053
3.71 -8.78799 2.55652 0.696678
3.72 -8.81356 2.55641 0.696305
3.73 -8.83912 2.55632 0.695935
3.74 -8.86468 2.55622 0.695568
3.75 -8.89025 2.55612 0.695204
3.76 -8.91581 2.55602 0.694842
3.77 -8.94137 2.55593 0.694483
3.78 -8.96693 2.55583 0.694127
3.79 -8.99248 2.55574 0.693773
3.8 -9.01804 2.55565 0.693422
3.81 -9.0436 2.55556 0.693073
3.82 -9.06915 2.55547 0.692727
3.83 -9.09471 2.55538 0.692383
3.84 -9.12026 2.55529 0.692042
3.85 -9.14581 2.5552 0.691703
3.86 -9.17136 2.55511 0.691367
3.87 -9.19691 2.55502 0.691033
3.88 -9.22246 2.55494 0.690701
3.89 -9.24801 2.55485 0.690371
3.9 -9.27356 2.55477 0.690044
3.91 -9.29911 2.55469 0.689719
3.92 -9.32465 2.5546 0.689396
3.93 -9.3502 2.55452 0.689075
3.94 -9.37575 2.55444 0.688757
3.95 -9.40129 2.55436 0.68844
3.96 -9.42683 2.55428 0.688126
3.97 -9.45237 2.5542 0.687814
3.98 -9.47792 2.55413 0.687503
3.99 -9.50346 2.55405 0.687195
4 -9.529 2.55397 0.686889
4.01 -9.55454 2.5539 0.686585
4.02 -9.58008 2.55382 0.686282
4.03 -9.60561 2.55375 0.685982
4.04 -9.63115 2.55367 0.685683
4.05 -9.65669 2.5536 0.685386
4.06 -9.68222 2.55353 0.685091
4.07 -9.70776 2.55345 0.684798
4.08 -9.73329 2.55338 0.684507
4.09 -9.75882 2.55331 0.684217
4.1 -9.78436 2.55324 0.683929
4.11 -9.80989 2.55317 0.683643
4.12 -9.83542 2.5531 0.683359
4.13 -9.86095 2.55303 0.683076
4.14 -9.88648 2.55297 0.682795
4.15 -9.91201 2.5529 0.682515
4.16 -9.93754 2.55283 0.682237
4.17 -9.96307 2.55276 0.681961
4.18 -9.98859 2.5527 0.681686
4.19 -10.0141 2.55263 0.681413
4.2 -10.0396 2.55257 0.681141
4.21 -10.0652 2.5525 0.680871
4.22 -10.0907 2.55244 0.680602
4.23 -10.1162 2.55238 0.680335
4.24 -10.1417 2.55231 0.680069
4.25 -10.1673 2.55225 0.679805
4.26 -10.1928 2.55219 0.679542
4.27 -10.2183 2.55213 0.67928
4.28 -10.2438 2.55207 0.67902
4.29 -10.2694 2.55201 0.678761
4.3 -10.2949 2.55195 0.678503
4.31 -10.3204 2.55189 0.678247
4.32 -10.3459 2.55183 0.677992
4.33 -10.3714 2.55177 0.677738
4.34 -10.3969 2.55171 0.677486
4.35 -10.4225 2.55165 0.677235
4.36 -10.448 2.5516 0.676985
4.37 -10.4735 2.55154 0.676736
4.38 -10.499 2.55148 0.676488
4.39 -10.5245 2.55143 0.676242
4.4 -10.55 2.55137 0.675997
4.41 -10.5756 2.55132 0.675753
4.42 -10.6011 2.55126 0.67551
4.43 -10.6266 2.55121 0.675268
4.44 -10.6521 2.55115 0.675027
4.45 -10.6776 2.5511 0.674787
4.46 -10.7031 2.55104 0.674549
4.47 -10.7286 2.55099 0.674311
4.48 -10.7541 2.55094 0.674075
4.49 -10.7796 2.55089 0.673839
4.5 -10.8051 2.55083 0.673605
4.51 -10.8307 2.55078 0.673371
4.52 -10.8562 2.55073 0.673139
4.53 -10.8817 2.55068 0.672907
4.54 -10.9072 2.55063 0.672676
4.55 -10.9327 2.55058 0.672447
4.56 -10.9582 2.55053 0.672218
4.57 -10.9837 2.55048 0.67199
4.58 -11.0092 2.55043 0.671763
4.59 -11.0347 2.55038 0.671537
4.6 -11.0602 2.55033 0.671312
4.61 -11.0857 2.55028 0.671088
4.62 -11.1112 2.55023 0.670864
4.63 -11.1367 2.55018 0.670642
4.64 -11.1622 2.55014 0.67042
4.65 -11.1877 2.55009 0.670199
4.66 -11.2132 2.55004 0.669979
4.67 -11.2387 2.55 0.66976
4.68 -11.2642 2.54995 0.669541
4.69 -11.2897 2.5499 0.669323
4.7 -11.3152 2.54986 0.669106
4.71 -11.3407 2.54981 0.66889
4.72 -11.3662 2.54976 0.668674
4.73 -11.3917 2.54972 0.66846
4.74 -11.4172 2.54967 0.668246
4.75 -11.4427 2.54963 0.668032
4.76 -11.4682 2.54958 0.667819
4.77 -11.4937 2.54954 0.667607
4.78 -11.5192 2.54949 0.667396
4.79 -11.5447 2.54945 0.667185
4.8 -11.5702 2.54941 0.666975
4.81 -11.5957 2.54936 0.666766
4.82 -11.6212 2.54932 0.666557
4.83 -11.6467 2.54928 0.666349
4.84 -11.6722 2.54923 0.666142
4.85 -11.6976 2.54919 0.665935
4.86 -11.7231 2.54915 0.665728
4.87 -11.7486 2.54911 0.665523
4.88 -11.7741 2.54906 0.665318
4.89 -11.7996 2.54902 0.665113
4.9 -11.8251 2.54898 0.664909
4.91 -11.8506 2.54894 0.664705
4.92 -11.8761 2.5489 0.664503
4.93 -11.9016 2.54886 0.6643
4.94 -11.9271 2.54882 0.664098
4.95 -11.9525 2.54878 0.663897
4.96 -11.978 2.54873 0.663696
4.97 -12.0035 2.54869 0.663496
4.98 -12.029 2.54865 0.663296
4.99 -12.0545 2.54861 0.663097
5 -12.08 2.54857 0.662898
5.01 -12.1055 2.54853 0.662699
5.02 -12.1309 2.5485 0.662501
5.03 -12.1564 2.54846 0.662304
5.04 -12.1819 2.54842 0.662107
5.05 -12.2074 2.54838 0.66191
5.06 -12.2329 2.54834 0.661714
5.07 -12.2584 2.5483 0.661518
5.08 -12.2838 2.54826 0.661323
5.09 -12.3093 2.54822 0.661128
5.1 -12.3348 2.54819 0.660934
5.11 -12.3603 2.54815 0.660739
5.12 -12.3858 2.54811 0.660546
5.13 -12.4113 2.54807 0.660352
5.14 -12.4367 2.54803 0.660159
5.15 -12.4622 2.548 0.659967
5.16 -12.4877 2.54796 0.659774
5.17 -12.5132 2.54792 0.659583
5.18 -12.5387 2.54789 0.659391
5.19 -12.5641 2.54785 0.6592
5.2 -12.5896 2.54781 0.659009
5.21 -12.6151 2.54778 0.658818
5.22 -12.6406 2.54774 0.658628
5.23 -12.666 2.5477 0.658438
5.24 -12.6915 2.54767 0.658249
5.25 -12.717 2.54763 0.65806
5.26 -12.7425 2.54759 0.657871
5.27 -12.768 2.54756 0.657682
5.28 -12.7934 2.54752 0.657494
5.29 -12.8189 2.54749 0.657305
5.3 -12.8444 2.54745 0.657118
5.31 -12.8699 2.54742 0.65693
5.32 -12.8953 2.54738 0.656743
5.33 -12.9208 2.54735 0.656556
5.34 -12.9463 2.54731 0.656369
5.35 -12.9717 2.54728 0.656183
5.36 -12.9972 2.54724 0.655996
5.37 -13.0227 2.54721 0.65581
5.38 -13.0482 2.54717 0.655625
5.39 -13.0736 2.54714 0.655439
5.4 -13.0991 2.5471 0.655254
5.41 -13.1246 2.54707 0.655069
5.42 -13.15 2.54703 0.654884
5.43 -13.1755 2.547 0.654699
5.44 -13.201 2.54697 0.654515
5.45 -13.2265 2.54693 0.65433
5.46 -13.2519 2.5469 0.654146
5.47 -13.2774 2.54687 0.653962
5.48 -13.3029 2.54683 0.653779
5.49 -13.3283 2.5468 0.653595
5.5 -13.3538 2.54677 0.653412
5.51 -13.3793 2.54673 0.653229
5.52 -13.4047 2.5467 0.653046
5.53 -13.4302 2.54667 0.652863
5.54 -13.4557 2.54663 0.652681
5.55 -13.4811 2.5466 0.652498
5.56 -13.5066 2.54657 0.652316
5.57 -13.5321 2.54653 0.652134
5.58 -13.5575 2.5465 0.651952
5.59 -13.583 2.54647 0.65177
5.6 -13.6085 2.54644 0.651588
5.61 -13.6339 2.5464 0.651406
5.62 -13.6594 2.54637 0.651225
5.63 -13.6848 2.54634 0.651044
5.64 -13.7103 2.54631 0.650862
5.65 -13.7358 2.54628 0.650681
5.66 -13.7612 2.54624 0.6505
5.67 -13.7867 2.54621 0.65032
5.68 -13.8122 2.54618 0.650139
5.69 -13.8376 2.54615 0.649958
5.7 -13.8631 2.54612 0.649778
5.71 -13.8885 2.54608 0.649597
5.72 -13.914 2.54605 0.649417
5.73 -13.9395 2.54602 0.649237
5.74 -13.9649 2.54599 0.649056
5.75 -13.9904 2.54596 0.648876
5.76 -14.0158 2.54593 0.648696
5.77 -14.0413 2.5459 0.648516
5.78 -14.0668 2.54587 0.648337
5.79 -14.0922 2.54583 0.648157
5.8 -14.1177 2.5458 0.647977
5.81 -14.1431 2.54577 0.647798
5.82 -14.1686 2.54574 0.647618
5.83 -14.1941 2.54571 0.647439
5.84 -14.2195 2.54568 0.647259
5.85 -14.245 2.54565 0.64708
5.86 -14.2704 2.54562 0.6469
5.87 -14.2959 2.54559 0.646721
5.88 -14.3213 2.54556 0.646542
5.89 -14.3468 2.54553 0.646363
5.9 -14.3722 2.5455 0.646184
5.91 -14.3977 2.54547 0.646004
5.92 -14.4232 2.54544 0.645825
5.93 -14.4486 2.54541 0.645646
5.94 -14.4741 2.54538 0.645467
5.95 -14.4995 2.54535 0.645288
5.96 -14.525 2.54532 0.645109
5.97 -14.5504 2.54529 0.644931
5.98 -14.5759 2.54526 0.644752
5.99 -14.6013 2.54523 0.644573
6 -14.6268 2.5452 0.644394
6.01 -14.6522 2.54517 0.644215
6.02 -14.6777 2.54514 0.644036
6.03 -14.7031 2.54511 0.643857
6.04 -14.7286 2.54508 0.643679
6.05 -14.754 2.54505 0.6435
6.06 -14.7795 2.54502 0.643321
6.07 -14.8049 2.54499 0.643142
6.08 -14.8304 2.54496 0.642963
6.09 -14.8558 2.54493 0.642785
6.1 -14.8813 2.5449 0.642606
6.11 -14.9067 2.54487 0.642427
6.12 -14.9322 2.54484 0.642248
6.13 -14.9576 2.54481 0.642069
6.14 -14.9831 2.54478 0.641891
6.15 -15.0085 2.54475 0.641712
6.16 -15.034 2.54473 0.641533
6.17 -15.0594 2.5447 0.641354
6.18 -15.0849 2.54467 0.641175
6.19 -15.1103 2.54464 0.640996
6.2 -15.1358 2.54461 0.640817
6.21 -15.1612 2.54458 0.640638
6.22 -15.1867 2.54455 0.640459
6.23 -15.2121 2.54452 0.64028
6.24 -15.2375 2.54449 0.640101
6.25 -15.263 2.54447 0.639922
6.26 -15.2884 2.54444 0.639743
6.27 -15.3139 2.54441 0.639563
6.28 -15.3393 2.54438 0.639384
6.29 -15.3648 2.54435 0.639205
6.3 -15.3902 2.54432 0.639026
6.31 -15.4156 2.54429 0.638846
6.32 -15.4411 2.54427 0.638667
6.33 -15.4665 2.54424 0.638487
6.34 -15.492 2.54421 0.638308
6.35 -15.5174 2.54418 0.638128
6.36 -15.5429 2.54415 0.637949
6.37 -15.5683 2.54412 0.637769
6.38 -15.5937 2.5441 0.637589
6.39 -15.6192 2.54407 0.63741
6.4 -15.6446 2.54404 0.63723
6.41 -15.6701 2.54401 0.63705
6.42 -15.6955 2.54398 0.63687
6.43 -15.7209 2.54396 0.63669
6.44 -15.7464 2.54393 0.63651
6.45 -15.7718 2.5439 0.63633
6.46 -15.7973 2.54387 0.63615
6.47 -15.8227 2.54384 0.635969
6.48 -15.8481 2.54382 0.635789
6.49 -15.8736 2.54379 0.635609
6.5 -15.899 2.54376 0.635428
6.51 -15.9245 2.54373 0.635248
6.52 -15.9499 2.5437 0.635067
6.53 -15.9753 2.54368 0.634886
6.54 -16.0008 2.54365 0.634706
6.55 -16.0262 2.54362 0.634525
6.56 -16.0516 2.54359 0.634344
6.57 -16.0771 2.54357 0.634163
6.58 -16.1025 2.54354 0.633982
6.59 -16.1279 2.54351 0.633801
6.6 -16.1534 2.54348 0.63362
6.61 -16.1788 2.54346 0.633438
6.62 -16.2042 2.54343 0.633257
6.63 -16.2297 2.5434 0.633075
6.64 -16.2551 2.54337 0.632894
6.65 -16.2805 2.54335 0.632712
6.66 -16.306 2.54332 0.63253
6.67 -16.3314 2.54329 0.632349
6.68 -16.3568 2.54327 0.632167
6.69 -16.3823 2.54324 0.631985
6.7 -16.4077 2.54321 0.631803
6.71 -16.4331 2.54318 0.63162
6.72 -16.4586 2.54316 0.631438
6.73 -16.484 2.54313 0.631256
6.74 -16.5094 2.5431 0.631073
6.75 -16.5349 2.54308 0.630891
6.76 -16.5603 2.54305 0.630708
6.77 -16.5857 2.54302 0.630525
6.78 -16.6112 2.54299 0.630342
6.79 -16.6366 2.54297 0.630159
6.8 -16.662 2.54294 0.629976
6.81 -16.6874 2.54291 0.629793
6.82 -16.7129 2.54289 0.62961
6.83 -16.7383 2.54286 0.629427
6.84 -16.7637 2.54283 0.629243
6.85 -16.7892 2.54281 0.629059
6.86 -16.8146 2.54278 0.628876
6.87 -16.84 2.54275 0.628692
6.88 -16.8654 2.54273 0.628508
6.89 -16.8909 2.5427 0.628324
6.9 -16.9163 2.54267 0.62814
6.91 -16.9417 2.54265 0.627956
6.92 -16.9672 2.54262 0.627771
6.93 -16.9926 2.54259 0.627587
6.94 -17.018 2.54257 0.627402
6.95 -17.0434 2.54254 0.627218
6.96 -17.0689 2.54251 0.627033
6.97 -17.0943 2.54249 0.626848
6.98 -17.1197 2.54246 0.626663
6.99 -17.1451 2.54243 0.626478
7 -17.1706 2.54241 0.626293
7.01 -17.196 2.54238 0.626108
7.02 -17.2214 2.54235 0.625922
7.03 -17.2468 2.54233 0.625737
7.04 -17.2722 2.5423 0.625551
7.05 -17.2977 2.54227 0.625365
7.06 -17.3231 2.54225 0.625179
7.07 -17.3485 2.54222 0.624993
7.08 -17.3739 2.5422 0.624807
7.09 -17.3994 2.54217 0.624621
7.1 -17.4248 2.54214 0.624434
7.11 -17.4502 2.54212 0.624248
7.12 -17.4756 2.54209 0.624061
7.13 -17.501 2.54206 0.623874
7.14 -17.5265 2.54204 0.623688
7.15 -17.5519 2.54201 0.623501
7.16 -17.5773 2.54199 0.623314
7.17 -17.6027 2.54196 0.623126
7.18 -17.6281 2.54193 0.622939
7.19 -17.6536 2.54191 0.622751
7.2 -17.679 2.54188 0.622564
7.21 -17.7044 2.54186 0.622376
7.22 -17.7298 2.54183 0.622188
7.23 -17.7552 2.5418 0.622
7.24 -17.7807 2.54178 0.621812
7.25 -17.8061 2.54175 0.621624
7.26 -17.8315 2.54173 0.621436
7.27 -17.8569 2.5417 0.621247
7.28 -17.8823 2.54167 0.621059
7.29 -17.9077 2.54165 0.62087
7.3 -17.9332 2.54162 0.620681
7.31 -17.9586 2.5416 0.620492
7.32 -17.984 2.54157 0.620303
7.33 -18.0094 2.54154 0.620114
7.34 -18.0348 2.54152 0.619924
7.35 -18.0602 2.54149 0.619735
7.36 -18.0857 2.54147 0.619545
7.37 -18.1111 2.54144 0.619355
7.38 -18.1365 2.54142 0.619166
7.39 -18.1619 2.54139 0.618976
7.4 -18.1873 2.54136 0.618785
7.41 -18.2127 2.54134 0.618595
7.42 -18.2381 2.54131 0.618405
7.43 -18.2635 2.54129 0.618214
7.44 -18.289 2.54126 0.618023
7.45 -18.3144 2.54124 0.617833
7.46 -18.3398 2.54121 0.617642
7.47 -18.3652 2.54118 0.617451
7.48 -18.3906 2.54116 0.61726
7.49 -18.416 2.54113 0.617068
7.5 -18.4414 2.54111 0.616877
7.51 -18.4668 2.54108 0.616685
7.52 -18.4923 2.54106 0.616493
7.53 -18.5177 2.54103 0.616302
7.54 -18.5431 2.54101 0.61611
7.55 -18.5685 2.54098 0.615917
7.56 -18.5939 2.54095 0.615725
7.57 -18.6193 2.54093 0.615533
7.58 -18.6447 2.5409 0.61534
7.59 -18.6701 2.54088 0.615148
7.6 -18.6955 2.54085 0.614955
7.61 -18.7209 2.54083 0.614762
7.62 -18.7463 2.5408 0.614569
7.63 -18.7718 2.54078 0.614376
7.64 -18.7972 2.54075 0.614182
7.65 -18.8226 2.54073 0.613989
7.66 -18.848 2.5407 0.613795
7.67 -18.8734 2.54068 0.613602
7.68 -18.8988 2.54065 0.613408
7.69 -18.9242 2.54063 0.613214
7.7 -18.9496 2.5406 0.61302
7.71 -18.975 2.54057 0.612825
7.72 -19.0004 2.54055 0.612631
7.73 -19.0258 2.54052 0.612436
7.74 -19.0512 2.5405 0.612242
7.75 -19.0766 2.54047 0.612047
7.76 -19.102 2.54045 0.611852
7.77 -19.1274 2.54042 0.611657
7.78 -19.1528 2.5404 0.611462
7.79 -19.1782 2.54037 0.611266
7.8 -19.2036 2.54035 0.611071
7.81 -19.2291 2.54032 0.610875
7.82 -19.2545 2.5403 0.610679
7.83 -19.2799 2.54027 0.610483
7.84 -19.3053 2.54025 0.610287
7.85 -19.3307 2.54022 0.610091
7.86 -19.3561 2.5402 0.609895
7.87 -19.3815 2.54017 0.609699
7.88 -19.4069 2.54015 0.609502
7.89 -19.4323 2.54012 0.609305
7.9 -19.4577 2.5401 0.609108
7.91 -19.4831 2.54007 0.608911
7.92 -19.5085 2.54005 0.608714
7.93 -19.5339 2.54002 0.608517
7.94 -19.5593 2.54 0.60832
7.95 -19.5847 2.53997 0.608122
7.96 -19.6101 2.53995 0.607924
7.97 -19.6355 2.53992 0.607727
7.98 -19.6609 2.5399 0.607529
7.99 -19.6863 2.53987 0.607331
8 -19.7117 2.53985 0.607132
8.01 -19.7371 2.53983 0.606934
8.02 -19.7625 2.5398 0.606735
8.03 -19.7879 2.53978 0.606537
8.04 -19.8133 2.53975 0.606338
8.05 -19.8387 2.53973 0.606139
8.06 -19.8641 2.5397 0.60594
8.07 -19.8895 2.53968 0.605741
8.08 -19.9148 2.53965 0.605542
8.09 -19.9402 2.53963 0.605342
8.1 -19.9656 2.5396 0.605143
8.11 -19.991 2.53958 0.604943
8.12 -20.0164 2.53955 0.604743
8.13 -20.0418 2.53953 0.604543
8.14 -20.0672 2.5395 0.604343
8.15 -20.0926 2.53948 0.604143
8.16 -20.118 2.53946 0.603942
8.17 -20.1434 2.53943 0.603742
8.18 -20.1688 2.53941 0.603541
8.19 -20.1942 2.53938 0.60334
8.2 -20.2196 2.53936 0.603139
8.21 -20.245 2.53933 0.602938
8.22 -20.2704 2.53931 0.602737
8.23 -20.2958 2.53928 0.602536
8.24 -20.3212 2.53926 0.602334
8.25 -20.3466 2.53923 0.602133
8.26 -20.3719 2.53921 0.601931
8.27 -20.3973 2.53919 0.601729
8.28 -20.4227 2.53916 0.601527
8.29 -20.4481 2.53914 0.601325
8.3 -20.4735 2.53911 0.601122
8.31 -20.4989 2.53909 0.60092
8.32 -20.5243 2.53906 0.600718
8.33 -20.5497 2.53904 0.600515
8.34 -20.5751 2.53902 0.600312
8.35 -20.6005 2.53899 0.600109
8.36 -20.6259 2.53897 0.599906
8.37 -20.6512 2.53894 0.599703
8.38 -20.6766 2.53892 0.599499
8.39 -20.702 2.53889 0.599296
8.4 -20.7274 2.53887 0.599092
8.41 -20.7528 2.53885 0.598888
8.42 -20.7782 2.53882 0.598685
8.43 -20.8036 2.5388 0.59848
8.44 -20.829 2.53877 0.598276
8.45 -20.8544 2.53875 0.598072
8.46 -20.8797 2.53872 0.597868
8.47 -20.9051 2.5387 0.597663
8.48 -20.9305 2.53868 0.597458
8.49 -20.9559 2.53865 0.597253
8.5 -20.9813 2.53863 0.597048
8.51 -21.0067 2.5386 0.596843
8.52 -21.0321 2.53858 0.596638
8.53 -21.0574 2.53856 0.596433
8.54 -21.0828 2.53853 0.596227
8.55 -21.1082 2.53851 0.596022
8.56 -21.1336 2.53848 0.595816
8.57 -21.159 2.53846 0.59561
8.58 -21.1844 2.53844 0.595404
8.59 -21.2098 2.53841 0.595198
8.6 -21.2351 2.53839 0.594992
8.61 -21.2605 2.53836 0.594785
8.62 -21.2859 2.53834 0.594579
8.63 -21.3113 2.53832 0.594372
8.64 -21.3367 2.53829 0.594165
8.65 -21.3621 2.53827 0.593958
8.66 -21.3874 2.53824 0.593751
8.67 -21.4128 2.53822 0.593544
8.68 -21.4382 2.5382 0.593337
8.69 -21.4636 2.53817 0.593129
8.7 -21.489 2.53815 0.592922
8.71 -21.5143 2.53812 0.592714
8.72 -21.5397 2.5381 0.592506
8.73 -21.5651 2.53808 0.592298
8.74 -21.5905 2.53805 0.59209
8.75 -21.6159 2.53803 0.591882
8.76 -21.6412 2.538 0.591673
8.77 -21.6666 2.53798 0.591465
8.78 -21.692 2.53796 0.591256
8.79 -21.7174 2.53793 0.591047
8.8 -21.7428 2.53791 0.590839
8.81 -21.7681 2.53789 0.59063
8.82 -21.7935 2.53786 0.59042
8.83 -21.8189 2.53784 0.590211
8.84 -21.8443 2.53781 0.590002
8.85 -21.8697 2.53779 0.589792
8.86 -21.895 2.53777 0.589583
8.87 -21.9204 2.53774 0.589373
8.88 -21.9458 2.53772 0.589163
8.89 -21.9712 2.5377 0.588953
8.9 -21.9965 2.53767 0.588743
8.91 -22.0219 2.53765 0.588533
8.92 -22.0473 2.53763 0.588322
8.93 -22.0727 2.5376 0.588112
8.94 -22.0981 2.53758 0.587901
8.95 -22.1234 2.53755 0.58769
8.96 -22.1488 2.53753 0.587479
8.97 -22.1742 2.53751 0.587268
8.98 -22.1996 2.53748 0.587057
8.99 -22.2249 2.53746 0.586846
9 -22.2503 2.53744 0.586635
9.01 -22.2757 2.53741 0.586423
9.02 -22.301 2.53739 0.586211
9.03 -22.3264 2.53737 0.586
9.04 -22.3518 2.53734 0.585788
9.05 -22.3772 2.53732 0.585576
9.06 -22.4025 2.5373 0.585364
9.07 -22.4279 2.53727 0.585151
9.08 -22.4533 2.53725 0.584939
9.09 -22.4787 2.53723 0.584726
9.1 -22.504 2.5372 0.584514
9.11 -22.5294 2.53718 0.584301
9.12 -22.5548 2.53716 0.584088
9.13 -22.5801 2.53713 0.583875
9.14 -22.6055 2.53711 0.583662
9.15 -22.6309 2.53709 0.583449
9.16 -22.6563 2.53706 0.583236
9.17 -22.6816 2.53704 0.583022
9.18 -22.707 2.53702 0.582809
9.19 -22.7324 2.53699 0.582595
9.2 -22.7577 2.53697 0.582381
9.21 -22.7831 2.53695 0.582167
9.22 -22.8085 2.53692 0.581953
9.23 -22.8338 2.5369 0.581739
9.24 -22.8592 2.53688 0.581524
9.25 -22.8846 2.53685 0.58131
9.26 -22.91 2.53683 0.581095
9.27 -22.9353 2.53681 0.580881
9.28 -22.9607 2.53678 0.580666
9.29 -22.9861 2.53676 0.580451
9.3 -23.0114 2.53674 0.580236
9.31 -23.0368 2.53671 0.580021
9.32 -23.0622 2.53669 0.579806
9.33 -23.0875 2.53667 0.57959
9.34 -23.1129 2.53665 0.579375
9.35 -23.1383 2.53662 0.579159
9.36 -23.1636 2.5366 0.578944
9.37 -23.189 2.53658 0.578728
9.38 -23.2144 2.53655 0.578512
9.39 -23.2397 2.53653 0.578296
9.4 -23.2651 2.53651 0.578079
9.41 -23.2905 2.53648 0.577863
9.42 -23.3158 2.53646 0.577647
9.43 -23.3412 2.53644 0.57743
9.44 -23.3665 2.53642 0.577214
9.45 -23.3919 2.53639 0.576997
9.46 -23.4173 2.53637 0.57678
9.47 -23.4426 2.53635 0.576563
9.48 -23.468 2.53632 0.576346
9.49 -23.4934 2.5363 0.576129
9.5 -23.5187 2.53628 0.575911
9.51 -23.5441 2.53626 0.575694
9.52 -23.5695 2.53623 0.575476
9.53 -23.5948 2.53621 0.575259
9.54 -23.6202 2.53619 0.575041
9.55 -23.6455 2.53616 0.574823
9.56 -23.6709 2.53614 0.574605
9.57 -23.6963 2.53612 0.574387
9.58 -23.7216 2.5361 0.574169
9.59 -23.747 2.53607 0.57395
9.6 -23.7723 2.53605 0.573732
9.61 -23.7977 2.53603 0.573513
9.62 -23.8231 2.536 0.573295
9.63 -23.8484 2.53598 0.573076
9.64 -23.8738 2.53596 0.572857
9.65 -23.8991 2.53594 0.572638
9.66 -23.9245 2.53591 0.572419
9.67 -23.9499 2.53589 0.5722
9.68 -23.9752 2.53587 0.57198
9.69 -24.0006 2.53585 0.571761
9.7 -24.0259 2.53582 0.571541
9.71 -24.0513 2.5358 0.571322
9.72 -24.0767 2.53578 0.571102
9.73 -24.102 2.53575 0.570882
9.74 -24.1274 2.53573 0.570662
9.75 -24.1527 2.53571 0.570442
9.76 -24.1781 2.53569 0.570222
9.77 -24.2034 2.53566 0.570001
9.78 -24.2288 2.53564 0.569781
9.79 -24.2542 2.53562 0.569561
9.8 -24.2795 2.5356 0.56934
9.81 -24.3049 2.53557 0.569119
9.82 -24.3302 2.53555 0.568898
9.83 -24.3556 2.53553 0.568677
9.84 -24.3809 2.53551 0.568456
9.85 -24.4063 2.53548 0.568235
9.86 -24.4316 2.53546 0.568014
9.87 -24.457 2.53544 0.567793
9.88 -24.4824 2.53542 0.567571
9.89 -24.5077 2.53539 0.56735
9.9 -24.5331 2.53537 0.567128
9.91 -24.5584 2.53535 0.566906
9.92 -24.5838 2.53533 0.566684
9.93 -24.6091 2.53531 0.566462
9.94 -24.6345 2.53528 0.56624
9.95 -24.6598 2.53526 0.566018
9.96 -24.6852 2.53524 0.565796
9.97 -24.7105 2.53522 0.565574
9.98 -24.7359 2.53519 0.565351
9.99 -24.7612 2.53517 0.565128
10 -24.7866 2.53515 0.564906
