0 380601 3.54893 12.8495
0.02 281741 0.988749 12.8314
0.04 216214 -1.54687 12.7777
0.06 171947 -4.05034 12.6892
0.08 141634 -6.51469 12.5673
0.1 120764 -8.93341 12.4134
0.12 106514 -11.3003 12.2294
0.14 97103.9 -13.6093 12.0172
0.16 91423.4 -15.8547 11.7791
0.18 88809.3 -18.0306 11.5176
0.2 88919.1 -20.1312 11.2355
0.22 91661.7 -22.1508 10.9357
0.24 97167.7 -24.084 10.6214
0.26 105792 -25.9256 10.296
0.28 118140 -27.6708 9.9629
0.3 135131 -29.3158 9.62568
0.32 158089 -30.8579 9.28778
0.34 188886 -32.2954 8.95247
0.36 230146 -33.628 8.62278
0.38 285545 -34.8571 8.30135
0.4 360230 -35.9849 7.99045
0.42 461436 -37.0152 7.69187
0.44 599353 -37.9525 7.40696
0.46 788387 -38.8024 7.13663
0.48 1.04897e+06 -39.5707 6.8814
0.5 1.41016e+06 -40.2634 6.64145
0.52 1.91344e+06 -40.887 6.41665
0.54 2.61814e+06 -41.4475 6.20666
0.56 3.60942e+06 -41.9509 6.01095
0.58 5.00969e+06 -42.4028 5.82886
0.6 6.99545e+06 -42.8085 5.65967
0.62 9.82162e+06 -43.1728 5.50259
0.64 1.38571e+07 -43.5002 5.3568
0.66 1.96367e+07 -43.7946 5.22152
0.68 2.79371e+07 -44.0597 5.09595
0.7 3.98878e+07 -44.2987 4.97934
0.72 5.71342e+07 -44.5147 4.87097
0.74 8.20754e+07 -44.71 4.77016
0.76 1.18215e+08 -44.8871 4.67628
0.78 1.70674e+08 -45.0478 4.58875
0.8 2.46949e+08 -45.1942 4.50703
0.82 3.58017e+08 -45.3276 4.43061
0.84 5.19977e+08 -45.4496 4.35905
0.86 7.56452e+08 -45.5613 4.29192
0.88 1.10214e+09 -45.6638 4.22885
0.9 1.60803e+09 -45.7582 4.16949
0.92 2.34915e+09 -45.8451 4.11352
0.94 3.43589e+09 -45.9255 4.06067
0.96 5.03088e+09 -46 4.01067
0.98 7.37375e+09 -46.0691 3.96328
1 1.08179e+10 -46.1333 3.9183
1.02 1.58846e+10 -46.1932 3.87552
1.04 2.33436e+10 -46.2492 3.83478
1.06 3.43314e+10 -46.3015 3.79591
1.08 5.05272e+10 -46.3506 3.75877
1.1 7.44136e+10 -46.3968 3.72322
1.12 1.09661e+11 -46.4402 3.68915
1.14 1.61701e+11 -46.4811 3.65645
1.16 2.38572e+11 -46.5198 3.62502
1.18 3.52172e+11 -46.5563 3.59476
1.2 5.20126e+11 -46.591 3.5656
1.22 7.68547e+11 -46.6239 3.53746
1.24 1.13613e+12 -46.6552 3.51027
1.26 1.68025e+12 -46.6849 3.48396
1.28 2.48599e+12 -46.7133 3.45848
1.3 3.67955e+12 -46.7404 3.43379
1.32 5.44818e+12 -46.7663 3.40981
1.34 8.06983e+12 -46.791 3.38652
1.36 1.19571e+13 -46.8147 3.36387
1.38 1.77227e+13 -46.8375 3.34182
1.4 2.62768e+13 -46.8594 3.32034
1.42 3.89713e+13 -46.8804 3.29939
1.44 5.78155e+13 -46.9006 3.27895
1.46 8.57958e+13 -46.9201 3.25898
1.48 1.27352e+14 -46.9388 3.23946
1.5 1.89085e+14 -46.957 3.22037
1.52 2.80814e+14 -46.9745 3.20168
1.54 4.17144e+14 -46.9914 3.18337
1.56 6.19806e+14 -47.0078 3.16542
1.58 9.21137e+14 -47.0236 3.14781
1.6 1.36927e+15 -47.039 3.13053
1.62 2.03585e+15 -47.0539 3.11355
1.64 3.02757e+15 -47.0684 3.09687
1.66 4.50328e+15 -47.0825 3.08047
1.68 6.69961e+15 -47.0961 3.06433
1.7 9.96903e+15 -47.1094 3.04844
1.72 1.48367e+16 -47.1224 3.0328
1.74 2.20851e+16 -47.135 3.01738
1.76 3.28805e+16 -47.1473 3.00217
1.78 4.89611e+16 -47.1592 2.98718
1.8 7.29184e+16 -47.1709 2.97238
1.82 1.08616e+17 -47.1823 2.95777
1.84 1.61815e+17 -47.1935 2.94334
1.86 2.41109e+17 -47.2044 2.92907
1.88 3.59314e+17 -47.2151 2.91497
1.9 5.35549e+17 -47.2255 2.90102
1.92 7.98339e+17 -47.2357 2.88722
1.94 1.19025e+18 -47.2457 2.87356
1.96 1.7748e+18 -47.2555 2.86003
1.98 2.64679e+18 -47.2652 2.84663
2 3.94775e+18 -47.2746 2.83335
